0.0088996412247 2.0837 0.101224
0.0150791221651 2.07186 0.0650675
0.0214479018646 2.06951 0.0426504
0.0278366077649 2.06559 0.0344332
0.034350997858 2.06316 0.0288573
0.0404788676143 2.06272 0.0333784
0.0467671668358 2.06692 0.0289109
0.0530822510177 2.06457 0.0266184
0.0594536244094 2.06411 0.0215333
0.0657622481459 2.06435 0.02042
0.071966329067 2.07102 0.0208609
0.0782786091569 2.07436 0.0205177
0.0847039894583 2.07497 0.0203122
0.0909685462053 2.07904 0.0208814
0.0972078977683 2.08397 0.0217002
0.103476303896 2.08798 0.0188626
0.109757644425 2.09301 0.0194912
0.116054308478 2.09864 0.0177631
0.122366966654 2.09938 0.0204699
0.128681726309 2.09713 0.0157014
0.134950080166 2.09822 0.0185698
0.141194955884 2.0994 0.0169858
0.147513357575 2.10457 0.018428
0.153786507425 2.10902 0.0166133
0.160065754405 2.10858 0.0163115
0.166399116869 2.1115 0.0179754
0.172719564578 2.11164 0.0146879
0.178976521338 2.11275 0.0172009
0.185235369065 2.11475 0.0164471
0.191480678734 2.10983 0.0176366
0.197788986865 2.11216 0.0162997
0.204093773545 2.10797 0.0164574
0.210393930261 2.11302 0.0139196
0.216690970982 2.10974 0.0196117
0.222970028122 2.1068 0.0176903
0.229262002709 2.10616 0.0160278
0.235514150837 2.10378 0.0139642
0.241791058382 2.10393 0.0153963
0.248085653944 2.09755 0.0151696
0.254349225687 2.09492 0.0154806
0.260633425188 2.09188 0.0151113
0.26692573709 2.089 0.0138815
0.273242334314 2.08543 0.0139507
0.279552968008 2.08062 0.0159808
0.285836629231 2.0755 0.0164543
0.292087627139 2.07403 0.0168863
0.298344984444 2.06841 0.0152416
0.304638263941 2.05793 0.0157124
0.3109279127 2.05788 0.0141975
0.317216817162 2.05043 0.0162662
0.323518756794 2.04437 0.0153255
0.329816821755 2.03991 0.0152278
0.336117642946 2.03251 0.0143774
0.342370037571 2.02754 0.0152911
0.348647819267 2.01469 0.016486
0.354941161441 2.01188 0.0142008
0.361191693542 2.00423 0.0150254
0.367476708956 1.99875 0.0146114
0.373764779528 1.99105 0.0144281
0.380065403148 1.98171 0.0147025
0.386353986126 1.97464 0.0159604
0.392614018136 1.96266 0.0152882
0.398926450032 1.96109 0.0159571
0.405207324458 1.94988 0.0134553
0.411491647757 1.94313 0.0156511
0.417781427212 1.93257 0.015415
0.424040064873 1.92292 0.0128187
0.430342569027 1.91507 0.0172978
0.436635856026 1.90669 0.013953
0.442899618322 1.89944 0.0145685
0.449163441853 1.89033 0.0153034
0.455441414625 1.88055 0.0152769
0.46176344703 1.8711 0.0129258
0.468064424202 1.8596 0.0139074
0.474348524276 1.85151 0.0136556
0.480635613682 1.84307 0.0149087
0.486901925839 1.83413 0.0145953
0.49316970996 1.82171 0.0136774
0.499450674714 1.81307 0.0153285
0.505715905134 1.80074 0.0139192
0.511992399627 1.79466 0.0141179
0.518312609777 1.78258 0.0143498
0.524608963803 1.77135 0.0145288
0.530875730848 1.76304 0.0159104
0.537157352795 1.75377 0.0117525
0.543457956378 1.74334 0.0142162
0.549743065239 1.73084 0.0131108
0.55599374275 1.72002 0.0156248
0.562285467661 1.71365 0.0123067
0.568601153723 1.69904 0.0125799
0.574880458942 1.68895 0.0148357
0.581155021034 1.67941 0.013439
0.587439449666 1.6697 0.013202
0.59371762203 1.65808 0.0140029
0.599997195479 1.64967 0.0122391
0.606267911512 1.63854 0.0129245
0.612546957644 1.62671 0.0143514
0.618847773304 1.6171 0.0141611
0.625131056744 1.60714 0.0134287
0.631402745038 1.59694 0.0164265
0.637700356273 1.58695 0.0144086
0.643985778331 1.57447 0.0130032
0.650268541717 1.56501 0.0135373
0.65655861177 1.55499 0.0150662
0.662836928236 1.54483 0.013419
0.669118544496 1.53105 0.0123412
0.675407019858 1.52381 0.0134425
0.681683551459 1.51156 0.0148959
0.687959253386 1.50132 0.0141224
0.694234431704 1.48869 0.0154496
0.700517540243 1.48068 0.0142868
0.706812495661 1.46888 0.0155166
0.713101900967 1.45782 0.0128971
0.719391825117 1.44795 0.0149628
0.72568338076 1.43664 0.0141634
0.731965268271 1.42791 0.0140324
0.738250799048 1.41885 0.0134003
0.744526584212 1.40754 0.0142454
0.750787110194 1.39797 0.0146388
0.757075846532 1.38758 0.0144088
0.76336412336 1.37751 0.0161471
0.769646295986 1.36977 0.0142676
0.775939486518 1.3608 0.0147498
0.782232914199 1.3496 0.0161331
0.788531493652 1.3374 0.0141671
0.794789656698 1.32898 0.0158328
0.801049109659 1.3228 0.014982
0.807336406173 1.31091 0.013933
0.813622948837 1.30322 0.0147617
0.819915299896 1.29273 0.0171946
0.826195263639 1.28343 0.013817
0.832489707008 1.27498 0.016136
0.838795930921 1.26482 0.0141145
0.84506346397 1.25806 0.0164097
0.851328286756 1.24864 0.0173207
0.85761982639 1.24003 0.0157219
0.863905847706 1.23196 0.0159736
0.870183874549 1.22533 0.0161199
0.876464109608 1.21576 0.0175676
0.88275038734 1.20561 0.0148958
0.889033276839 1.20119 0.0146472
0.895308424711 1.19258 0.0144231
0.901595652167 1.18398 0.015693
0.907883332809 1.17838 0.0164123
0.914174410632 1.17043 0.0157202
0.920463081772 1.16329 0.0151334
0.926743441526 1.15767 0.0149256
0.933032419735 1.15039 0.013087
0.939326578557 1.14378 0.0153552
0.94559748104 1.13788 0.0157213
0.951866001855 1.13198 0.0165677
0.958141325553 1.12462 0.0172398
0.964435094511 1.12099 0.0179753
0.970735563357 1.11443 0.0160054
0.977008076845 1.11016 0.0177118
0.983282332536 1.10296 0.0170081
0.989556969197 1.10197 0.017533
0.995845630192 1.09545 0.0168705
1.00213621074 1.0935 0.016989
1.00840482534 1.08836 0.0177382
1.01469414984 1.08814 0.0174053
1.02099255544 1.08341 0.0161503
1.02727398044 1.08253 0.0173318
1.0335591819 1.08033 0.0175998
1.03984755739 1.07641 0.017211
1.04612697494 1.07666 0.018433
1.05240343681 1.07788 0.0183315
1.05868070465 1.07377 0.016796
1.06496433307 1.07548 0.0170828
1.07125677744 1.07075 0.0160204
1.0775440488 1.07642 0.0164769
1.08382482019 1.07449 0.0161377
1.09010802394 1.0761 0.0181336
1.09638966596 1.07908 0.0168878
1.10268113206 1.08015 0.0160217
1.10896304759 1.08267 0.018207
1.11522542846 1.08523 0.0188814
1.12150212761 1.08773 0.0164287
1.12779257382 1.09167 0.0168147
1.13408955267 1.09432 0.0182856
1.14036404965 1.10126 0.0160265
1.14663918032 1.10566 0.0181999
1.15294241299 1.11242 0.0173438
1.15922890675 1.11699 0.0167965
1.16550872189 1.12459 0.0159869
1.17179307626 1.13168 0.0166388
1.17808743637 1.1405 0.0150069
1.18436765425 1.14351 0.0171349
1.1906346423 1.1518 0.0160854
1.19691220883 1.16343 0.0153291
1.20320157735 1.17027 0.0158424
1.20948684444 1.182 0.0144811
1.21576390207 1.1898 0.0139856
1.22204975517 1.20033 0.0151102
1.22834061662 1.21162 0.0160277
1.23463298658 1.22231 0.0156236
1.24090224718 1.23457 0.0130694
1.24717483914 1.24923 0.0163415
1.25346545993 1.2624 0.0145524
1.25974995189 1.27446 0.0155304
1.26603214313 1.28796 0.014382
1.27231628847 1.29862 0.0146315
1.27860415506 1.31501 0.0142389
1.28488658893 1.33242 0.0141825
1.29117542007 1.34349 0.0140635
1.29746572637 1.36133 0.0144067
1.30374182701 1.37703 0.0152378
1.31001732292 1.39412 0.0143158
1.31630144766 1.41048 0.0148302
1.32258676036 1.42755 0.0144153
1.32886549245 1.44569 0.0128465
1.33514480495 1.46736 0.0142494
1.34144051627 1.48217 0.0126193
1.34773086842 1.5048 0.0131452
1.35400158999 1.5237 0.0139753
1.3602826093 1.5433 0.0119032
1.36656568646 1.56206 0.0142351
1.37285149848 1.58535 0.0109113
1.37913537293 1.60459 0.0127619
1.38540956715 1.62561 0.0129525
1.39169864122 1.64674 0.0123439
1.39798445144 1.66874 0.01256
1.40426788341 1.69152 0.0113651
1.41055477948 1.71559 0.0128606
1.41683783355 1.73845 0.0109265
1.42311817719 1.7635 0.0107312
1.42939780116 1.78451 0.0124655
1.43568692182 1.81305 0.0117518
1.44197712177 1.83477 0.0124582
1.44825366785 1.85866 0.0121697
1.45453234897 1.8848 0.0107417
1.46081931915 1.91009 0.011388
1.4671103644 1.93545 0.0123948
1.47339290895 1.96231 0.011354
1.47966996524 1.99172 0.0106858
1.4859561446 2.01674 0.0119634
1.49223361076 2.04308 0.0107898
1.49850247038 2.07187 0.0114363
1.50478575205 2.09664 0.0119891
1.51107599189 2.12404 0.011396
1.51736163499 2.15464 0.0103362
1.52364857097 2.18288 0.0117938
1.52993803572 2.21067 0.0110312
1.53623017691 2.24102 0.0108971
1.54251071878 2.26829 0.00995458
1.54878396308 2.29649 0.0107842
1.55507306978 2.32769 0.0112625
1.56135732493 2.35712 0.010658
1.56762912105 2.38487 0.0107229
1.5739136974 2.41392 0.00978358
1.58020354523 2.44334 0.0106165
1.58648539343 2.47504 0.0100041
1.59276001426 2.50409 0.0110878
1.59904643639 2.53267 0.0106052
1.60534213664 2.56407 0.0102531
1.61161976836 2.99468 0.0109426
1.61789716835 2.5936 0.0114698
1.62418270854 2.60692 0.0103475
1.63046407995 2.62242 0.0105813
1.63674824683 2.63668 0.0116474
1.64303013827 2.6522 0.00959903
1.64930808063 2.66779 0.0108026
1.65559224863 2.68332 0.0102864
1.66187827598 2.69904 0.0116339
1.66816823994 2.71554 0.0109742
1.6744495611 2.73208 0.0105403
1.68072138563 2.74956 0.0115118
1.68701215424 2.76651 0.0111751
1.6933074808 2.78203 0.012177
1.69958064303 2.80059 0.0128117
1.70586179344 2.81652 0.0120961
1.71215172419 2.83589 0.0113324
1.71843538617 2.85291 0.0116216
1.72471844694 2.87154 0.0101992
1.73099491844 2.88901 0.0120904
1.73728636032 2.90822 0.0128952
1.74356630258 2.9267 0.0118325
1.74983600778 2.9462 0.0118493
1.75612327869 2.96662 0.0114652
1.76241061606 2.98344 0.0109552
1.76869357896 3.00416 0.0101601
1.77497674839 3.02349 0.0109482
1.78126362161 3.04253 0.0124685
1.78754574761 3.06428 0.0118057
1.7938272923 3.08257 0.0114835
1.80010772174 3.10521 0.0108844
1.80639091391 3.12523 0.0121034
1.81267451427 3.14462 0.0111274
1.81895363524 3.166 0.0127362
1.82523850291 3.19117 0.0122312
1.8315236862 3.20785 0.0123478
1.83781040898 3.23161 0.0118492
1.84409642612 3.25411 0.0115527
1.8503769215 3.27523 0.0134894
1.85666074594 3.29797 0.0125058
1.86294359809 3.3202 0.0114516
1.86922204917 3.34318 0.0126513
1.87550781357 3.364 0.0128404
1.88179499507 3.38921 0.0121182
1.88807781314 3.41058 0.0129865
1.89435244502 3.43344 0.0142962
1.90063796885 3.45934 0.0124844
1.90692833723 3.48201 0.0139224
1.91320221586 3.50677 0.0141303
1.91948223445 3.53106 0.0132903
1.92577010575 3.55399 0.012956
1.93206491035 3.58065 0.0127913
1.93834071151 3.60302 0.0130617
1.94460828613 3.62866 0.01219
1.9508968614 3.65426 0.0124468
1.95718811973 3.67927 0.0134985
1.96347509207 3.70542 0.0131336
1.9697553281 3.72968 0.0142165
1.9760413775 3.75549 0.0140153
1.98233260336 3.78223 0.0134026
1.98861171931 3.8096 0.014435
1.99488792869 3.83204 0.0138134
2.00117304134 3.8584 0.0152765
2.00745262249 3.88561 0.015584
2.01372721862 3.91106 0.0148183
2.02001108039 3.94118 0.0132159
2.02630405283 3.96723 0.0155109
2.03258735828 3.99358 0.0153653
2.03886100377 4.01944 0.0157783
2.04514489951 4.0456 0.0152121
2.05143683626 4.07287 0.015191
2.05772382203 4.10041 0.0156043
2.0640044634 4.12853 0.0158845
2.07029278421 4.15421 0.0157265
2.07658471853 4.18087 0.0160872
2.08285424307 4.20992 0.0162927
2.08912259138 4.23553 0.0171824
2.09541730178 4.26381 0.0170937
2.10170304464 4.29002 0.0157967
2.10797273337 4.31693 0.0171963
2.11425579676 4.34346 0.0182264
2.12053788985 4.36824 0.0187367
2.12682075079 4.39819 0.0167193
2.13310670204 4.42299 0.0166335
2.13940011923 4.45182 0.01695
2.14568939859 4.47913 0.0166179
2.15195789682 4.50318 0.016977
2.15824033347 4.53183 0.0175393
2.16453048092 4.55505 0.018355
2.17081716829 4.5824 0.017952
2.17709912993 4.6047 0.0176085
2.18337674027 4.62816 0.0188104
2.18965452646 4.65621 0.0172207
2.19593814184 4.67751 0.0208007
2.20221722867 4.70822 0.0178465
2.20849850085 4.72447 0.0207599
2.21479372465 4.75549 0.0194415
2.22107581834 4.77542 0.0182065
2.22733812199 4.79511 0.0201959
2.23362792264 4.82138 0.0200438
2.2399287897 4.83822 0.0203076
2.24620084223 4.86534 0.0207728
2.2524810722 4.88077 0.0202828
2.25875993301 4.90143 0.0199679
2.26503776668 4.91827 0.0202966
2.27130391144 4.93698 0.0206965
2.27758972822 5.00012 0.023229
2.28389830542 4.97208 0.0223741
2.29017001225 4.99456 0.0244866
2.29645357402 5.01545 0.0233468
2.30275372852 5.0371 0.0243788
2.30903325986 5.06073 0.0234643
2.31530674049 5.08141 0.0251499
2.32158490306 5.10661 0.02208
2.3278758488 5.12662 0.0245724
2.33415543799 5.15243 0.0265677
2.34041936871 5.17643 0.0273114
2.34670710068 5.1986 0.0266014
2.3530032916 5.22181 0.02746
2.35928989445 5.25005 0.0282816
2.36555387699 5.27728 0.0298185
2.37182578571 5.29757 0.0284322
2.3781409032 5.3215 0.0290184
2.38442809259 5.34693 0.0285329
2.39069258243 5.37233 0.030296
2.39698813839 5.39704 0.0335853
2.40330354843 5.42476 0.0326335
2.40957307365 5.45341 0.030347
2.41583080138 5.47774 0.0327803
2.42214385676 5.51168 0.0326323
2.42843005755 5.53548 0.0332128
2.43467776878 5.55882 0.0331605
2.44097021258 5.58678 0.0347714
2.44729898127 5.61383 0.033567
2.45356911846 5.63928 0.0361424
2.45980003814 5.66454 0.0342806
2.4661092349 5.69172 0.0367476
2.47241430729 5.72199 0.036653
2.47866355169 5.74863 0.0347741
2.48493431628 5.77467 0.0361752
2.49124283111 5.80386 0.0344548
2.49755537626 5.82585 0.0392332
2.50380379021 5.853 0.0443224
2.51005045336 5.88556 0.0405174
2.51638815336 5.91506 0.0416631
2.52269694929 5.93945 0.041473
2.52891211798 5.96574 0.0406253
2.53519495098 5.99623 0.0428778
2.54155301509 6.01506 0.0439367
2.54783359884 6.04614 0.0482111
2.55402772623 6.07314 0.0496128
2.56033571996 6.10095 0.0423501
2.56672381747 6.12437 0.047331
2.57294751341 6.15264 0.0532937
2.57911252531 6.17639 0.0523465
2.58547549612 6.20158 0.0501766
2.59185019505 6.23293 0.0530069
2.59805932148 6.25374 0.0588775
2.60429715989 6.27466 0.05842
2.61067449751 6.31045 0.0564297
2.61693283418 6.33657 0.060719
2.62300854502 6.35554 0.0659641
2.62939753095 6.3725 0.0613844
2.63591057571 6.40203 0.0627291
2.64202978624 6.42361 0.0713184
2.64803951219 6.44481 0.0710732
2.65454096229 6.47654 0.0707214
2.66118028258 6.50584 0.0669481
2.66719514746 6.51863 0.0823307
2.67309090101 6.53995 0.0718307
2.67973176445 6.56072 0.0875848
2.68646693102 6.60283 0.093085
2.69219835647 6.58581 0.103369
2.69796467721 6.61693 0.102095
2.70489193937 6.67473 0.113513
2.71182026315 6.70382 0.137548
2.71709790339 6.70245 0.150649
2.7227864466 6.72308 0.140883
2.72994784687 6.73196 0.136359
2.73706528781 6.78035 0.185387
2.74248820391 6.77937 0.276373
2.74787331837 6.80712 0.253187
2.75504313834 6.85512 0.271359
2.76219934437 6.85921 0.380792
2.76789278819 6.83262 0.648878
2.77283198247 6.81446 0.640142
2.77965581172 6.76909 1.38136
2.78599582346 644.412 1677.61
