0.0088996412247 2.59222 0.108021
0.0150791221651 2.56964 0.0826643
0.0214479018646 2.56376 0.0485336
0.0278366077649 2.56575 0.041979
0.034350997858 2.55639 0.0360433
0.0404788676143 2.56117 0.036148
0.0467671668358 2.56109 0.0359868
0.0530822510177 2.55591 0.0291242
0.0594536244094 2.55381 0.0270664
0.0657622481459 2.55403 0.0261101
0.071966329067 2.55264 0.0266748
0.0782786091569 2.55318 0.0247682
0.0847039894583 2.55017 0.0220086
0.0909685462053 2.55378 0.0242755
0.0972078977683 2.55942 0.0229964
0.103476303896 2.5568 0.0220977
0.109757644425 2.55581 0.0222081
0.116054308478 2.55233 0.0199481
0.122366966654 2.54276 0.0215068
0.128681726309 2.53362 0.0165082
0.134950080166 2.52545 0.0219371
0.141194955884 2.52039 0.0185058
0.147513357575 2.51592 0.018669
0.153786507425 2.51326 0.0206325
0.160065754405 2.50411 0.0192114
0.166399116869 2.498 0.0206025
0.172719564578 2.48528 0.0172461
0.178976521338 2.47392 0.0170967
0.185235369065 2.46337 0.0191105
0.191480678734 2.44512 0.0175943
0.197788986865 2.43314 0.0176278
0.204093773545 2.41597 0.0162087
0.210393930261 2.40709 0.0163785
0.216690970982 2.3897 0.0185928
0.222970028122 2.37496 0.0162886
0.229262002709 2.36441 0.0172487
0.235514150837 2.34274 0.0170685
0.241791058382 2.32731 0.015588
0.248085653944 2.31085 0.016204
0.254349225687 2.28929 0.0176847
0.260633425188 2.27364 0.0161
0.26692573709 2.25421 0.0159358
0.273242334314 2.23697 0.0145564
0.279552968008 2.21842 0.0151601
0.285836629231 2.19917 0.0164135
0.292087627139 2.18391 0.0163098
0.298344984444 2.16553 0.0137023
0.304638263941 2.14295 0.0166638
0.3109279127 2.12488 0.0162281
0.317216817162 2.10373 0.0150281
0.323518756794 2.08575 0.0149822
0.329816821755 2.06678 0.0156085
0.336117642946 2.04598 0.0152014
0.342370037571 2.0305 0.0161383
0.348647819267 2.00582 0.0167701
0.354941161441 1.98978 0.0149118
0.361191693542 1.97178 0.0152595
0.367476708956 1.95251 0.0137502
0.373764779528 1.93556 0.0143828
0.380065403148 1.91349 0.0152004
0.386353986126 1.89726 0.0154671
0.392614018136 1.87631 0.0157547
0.398926450032 1.86293 0.0150602
0.405207324458 1.84352 0.0129874
0.411491647757 1.8271 0.0148098
0.417781427212 1.80814 0.0150284
0.424040064873 1.79138 0.0141475
0.430342569027 1.77528 0.0172033
0.436635856026 1.75924 0.0182553
0.442899618322 1.74353 0.0157871
0.449163441853 1.7287 0.0158091
0.455441414625 1.71011 0.0159369
0.46176344703 1.6953 0.0132042
0.468064424202 1.6788 0.0145809
0.474348524276 1.66522 0.0148947
0.480635613682 1.65127 0.0151706
0.486901925839 1.63646 0.014813
0.49316970996 1.61908 0.0150434
0.499450674714 1.60493 0.014234
0.505715905134 1.59126 0.0157598
0.511992399627 1.57993 0.0152661
0.518312609777 1.56492 0.014978
0.524608963803 1.55018 0.016485
0.530875730848 1.53864 0.0173733
0.537157352795 1.52559 0.01409
0.543457956378 1.51279 0.0154968
0.549743065239 1.49844 0.0169498
0.55599374275 1.48688 0.0145442
0.562285467661 1.47548 0.0146148
0.568601153723 1.46064 0.0150794
0.574880458942 1.44989 0.0161759
0.581155021034 1.43736 0.0147844
0.587439449666 1.42737 0.0161873
0.59371762203 1.41333 0.0150762
0.599997195479 1.40419 0.0142051
0.606267911512 1.39311 0.0155004
0.612546957644 1.38039 0.014096
0.618847773304 1.36822 0.0163641
0.625131056744 1.36001 0.0152508
0.631402745038 1.35018 0.0171025
0.637700356273 1.33857 0.0165129
0.643985778331 1.32725 0.0144635
0.650268541717 1.31891 0.0169846
0.65655861177 1.3079 0.0160204
0.662836928236 1.29862 0.0158301
0.669118544496 1.2869 0.0140777
0.675407019858 1.27891 0.0139845
0.681683551459 1.26829 0.014854
0.687959253386 1.25727 0.0153581
0.694234431704 1.24724 0.0152635
0.700517540243 1.23999 0.0163801
0.706812495661 1.22908 0.0156638
0.713101900967 1.2178 0.016561
0.719391825117 1.20933 0.0180023
0.72568338076 1.19885 0.0169596
0.731965268271 1.19213 0.0159446
0.738250799048 1.18317 0.0172533
0.744526584212 1.17199 0.0161475
0.750787110194 1.1644 0.0161594
0.757075846532 1.15577 0.0180898
0.76336412336 1.14829 0.017493
0.769646295986 1.13993 0.0168058
0.775939486518 1.13234 0.018138
0.782232914199 1.12095 0.018657
0.788531493652 1.11195 0.0149648
0.794789656698 1.1037 0.0171409
0.801049109659 1.09688 0.0173676
0.807336406173 1.2367 0.0154086
0.813622948837 1.07965 0.0166593
0.819915299896 1.06956 0.0195466
0.826195263639 1.06484 0.0183224
0.832489707008 1.05531 0.0201085
0.838795930921 1.05111 0.017533
0.84506346397 1.0416 0.0208681
0.851328286756 1.03285 0.0170622
0.85761982639 1.02708 0.0168369
0.863905847706 1.01731 0.018455
0.870183874549 1.0107 0.0172915
0.876464109608 1.00368 0.019425
0.88275038734 0.998597 0.0186182
0.889033276839 0.993186 0.0184824
0.895308424711 0.984824 0.016515
0.901595652167 0.977295 0.0183467
0.907883332809 0.972567 0.0186334
0.914174410632 0.965023 0.0185293
0.920463081772 0.955986 0.0182862
0.926743441526 0.955042 0.0171136
0.933032419735 0.948124 0.0193344
0.939326578557 0.941508 0.0198798
0.94559748104 0.936488 0.0195892
0.951866001855 0.931575 0.0195412
0.958141325553 0.925715 0.0187707
0.964435094511 0.923818 0.0187786
0.970735563357 0.917101 0.0195176
0.977008076845 0.911233 0.0196975
0.983282332536 0.906375 0.0184675
0.989556969197 0.903898 0.0205521
0.995845630192 0.899688 0.0189872
1.00213621074 0.896536 0.0179779
1.00840482534 0.896172 0.0203805
1.01469414984 0.894635 0.0208718
1.02099255544 0.893965 0.0192565
1.02727398044 0.890266 0.022302
1.0335591819 0.888308 0.0189529
1.03984755739 0.889206 0.0187636
1.04612697494 0.887532 0.0218935
1.05240343681 0.887107 0.0216008
1.05868070465 0.88544 0.0224087
1.06496433307 0.883227 0.020818
1.07125677744 0.883927 0.0200392
1.0775440488 0.886613 0.0192802
1.08382482019 0.885593 0.0196339
1.09010802394 0.891652 0.0217644
1.09638966596 0.893721 0.0204357
1.10268113206 0.893881 0.0203772
1.10896304759 0.896911 0.0197122
1.11522542846 0.901134 0.0213275
1.12150212761 0.90355 0.0201627
1.12779257382 0.907066 0.0203702
1.13408955267 0.915117 0.0212346
1.14036404965 0.924308 0.0190808
1.14663918032 0.923352 0.0208708
1.15294241299 0.929799 0.0190856
1.15922890675 0.936837 0.0196017
1.16550872189 0.943589 0.0178105
1.17179307626 0.950483 0.0189214
1.17808743637 0.960166 0.01729
1.18436765425 0.9643 0.0212041
1.1906346423 0.9762 0.0194963
1.19691220883 0.985543 0.0170181
1.20320157735 0.996317 0.0191222
1.20948684444 1.00588 0.018428
1.21576390207 1.01608 0.0166867
1.22204975517 1.02682 0.0184654
1.22834061662 1.03637 0.0165376
1.23463298658 1.04876 0.0183448
1.24090224718 1.0602 0.0172488
1.24717483914 1.07476 0.0184594
1.25346545993 1.09084 0.0173085
1.25974995189 1.1005 0.0181879
1.26603214313 1.11544 0.0175278
1.27231628847 1.12725 0.0158585
1.27860415506 1.14297 0.01636
1.28488658893 1.16195 0.0169403
1.29117542007 1.17482 0.013983
1.29746572637 1.19366 0.01483
1.30374182701 1.2081 0.0179755
1.31001732292 1.22594 0.0171028
1.31630144766 1.24105 0.017176
1.32258676036 1.26036 0.0153063
1.32886549245 1.28 0.0144489
1.33514480495 1.3 0.0166417
1.34144051627 1.31648 0.0149372
1.34773086842 1.33862 0.0142839
1.35400158999 1.35759 0.0143698
1.3602826093 1.37924 0.0128245
1.36656568646 1.39695 0.0145824
1.37285149848 1.42038 0.01348
1.37913537293 1.44076 0.0133715
1.38540956715 1.46138 0.0134662
1.39169864122 1.48447 0.0143882
1.39798445144 1.50569 0.0126677
1.40426788341 1.52848 0.0116718
1.41055477948 1.55255 0.0131478
1.41683783355 1.57525 0.0120752
1.42311817719 1.6006 0.0130367
1.42939780116 1.62148 0.0123324
1.43568692182 1.651 0.0130771
1.44197712177 1.6723 0.0135487
1.44825366785 1.69786 0.0117692
1.45453234897 1.72355 0.0112893
1.46081931915 1.75039 0.0121765
1.4671103644 1.7758 0.012515
1.47339290895 1.80113 0.0132345
1.47966996524 1.83082 0.0115521
1.4859561446 1.85464 0.012043
1.49223361076 1.88275 0.0134708
1.49850247038 1.9106 0.0112503
1.50478575205 1.93436 0.0123219
1.51107599189 1.96341 0.0120144
1.51736163499 1.99421 0.0108266
1.52364857097 2.02196 0.0116151
1.52993803572 2.04968 0.0126091
1.53623017691 2.07961 0.0119653
1.54251071878 2.10891 0.00967504
1.54878396308 2.13713 0.011642
1.55507306978 2.167 0.0121914
1.56135732493 2.19703 0.0113496
1.56762912105 2.22567 0.0128405
1.5739136974 2.25564 0.0112506
1.58020354523 2.28382 0.0109715
1.58648539343 2.31689 0.0111255
1.59276001426 2.34631 0.012385
1.59904643639 2.37742 0.0112641
1.60534213664 2.40714 0.010729
1.61161976836 2.43299 0.0104303
1.61789716835 2.44348 0.0108271
1.62418270854 2.45598 0.0104802
1.63046407995 2.47142 0.0109681
1.63674824683 2.48485 0.0107016
1.64303013827 2.50043 0.0108607
1.64930808063 2.51444 0.0106032
1.65559224863 2.52884 0.0103749
1.66187827598 2.54566 0.0115719
1.66816823994 2.56003 0.0112324
1.6744495611 2.57458 0.0103998
1.68072138563 2.59037 0.0124114
1.68701215424 2.6067 0.0118478
1.6933074808 2.62159 0.0119737
1.69958064303 2.63796 0.0122263
1.70586179344 2.65396 0.0119665
1.71215172419 2.6716 0.0116762
1.71843538617 2.68692 0.0124736
1.72471844694 2.70324 0.0107529
1.73099491844 2.72041 0.0111953
1.73728636032 2.73746 0.0132073
1.74356630258 2.75509 0.012308
1.74983600778 2.77249 0.0117489
1.75612327869 2.79032 0.011825
1.76241061606 2.80867 0.0125256
1.76869357896 2.82758 0.0114812
1.77497674839 2.84598 0.0108476
1.78126362161 2.86395 0.0125873
1.78754574761 2.8829 0.0118339
1.7938272923 2.90181 0.0118758
1.80010772174 2.9228 0.0105069
1.80639091391 2.94099 0.0129709
1.81267451427 2.96019 0.0115302
1.81895363524 2.98026 0.0124347
1.82523850291 3.00212 0.0130114
1.8315236862 3.01983 0.0125043
1.83781040898 3.04116 0.0127389
1.84409642612 3.06154 0.0115681
1.8503769215 3.08343 0.014822
1.85666074594 3.10445 0.0119469
1.86294359809 3.12505 0.013923
1.86922204917 3.14759 0.0120163
1.87550781357 3.16823 0.0135025
1.88179499507 3.18944 0.012862
1.88807781314 3.21264 0.0124566
1.89435244502 3.23368 0.0129846
1.90063796885 3.25621 0.0133059
1.90692833723 3.27896 0.0131713
1.91320221586 3.30228 0.0136847
1.91948223445 3.32795 0.0136535
1.92577010575 3.34835 0.0136215
1.93206491035 3.37392 0.0138861
1.93834071151 3.39468 0.0127066
1.94460828613 3.41849 0.0133124
1.9508968614 3.44238 0.0141202
1.95718811973 3.46785 0.0145437
1.96347509207 3.49261 0.0134645
1.9697553281 3.51652 0.0150516
1.9760413775 3.54131 0.0151633
1.98233260336 3.56801 0.0136576
1.98861171931 3.59376 0.0136178
1.99488792869 3.61532 0.0152136
2.00117304134 3.64236 0.0162862
2.00745262249 3.66799 0.015465
2.01372721862 3.69176 0.0159274
2.02001108039 3.71855 0.0161582
2.02630405283 3.74396 0.0161269
2.03258735828 3.77186 0.0175958
2.03886100377 3.79599 0.0152589
2.04514489951 3.82091 0.0166839
2.05143683626 3.84985 0.0158556
2.05772382203 3.87637 0.0155112
2.0640044634 3.90155 0.016572
2.07029278421 3.92712 0.0163135
2.07658471853 3.95187 0.0158743
2.08285424307 3.98156 0.018184
2.08912259138 4.00489 0.0166479
2.09541730178 4.03301 0.0182888
2.10170304464 4.05914 0.0163121
2.10797273337 4.08352 0.0174004
2.11425579676 4.11177 0.0185281
2.12053788985 4.13418 0.0192136
2.12682075079 4.16283 0.0171345
2.13310670204 4.18828 0.0185715
2.13940011923 4.21646 0.0169923
2.14568939859 4.24176 0.0172761
2.15195789682 4.26437 0.0179161
2.15824033347 4.29308 0.0184249
2.16453048092 4.31458 0.0177798
2.17081716829 4.34192 0.0172989
2.17709912993 4.36478 0.0176245
2.18337674027 4.38639 0.0190254
2.18965452646 4.41486 0.0182935
2.19593814184 4.43432 0.021109
2.20221722867 4.46527 0.0198258
2.20849850085 4.4796 0.0189879
2.21479372465 4.50843 0.0202742
2.22107581834 4.52944 0.0201396
2.22733812199 4.5472 0.0204268
2.23362792264 4.572 0.0206071
2.2399287897 4.58889 0.0198373
2.24620084223 4.61455 0.0210814
2.2524810722 4.62891 0.0208104
2.25875993301 4.64731 0.020918
2.26503776668 4.66283 0.0195185
2.27130391144 4.67897 0.0183094
2.27758972822 4.69299 0.0208723
2.28389830542 4.71171 0.0223466
2.29017001225 4.73001 0.0244109
2.29645357402 4.74957 0.0238232
2.30275372852 4.77065 0.024129
2.30903325986 4.79234 0.0217385
2.31530674049 4.81309 0.0255462
2.32158490306 4.83679 0.0233386
2.3278758488 4.85433 0.0240612
2.33415543799 4.87748 0.0247854
2.34041936871 4.89881 0.0258214
2.34670710068 4.92148 0.0245775
2.3530032916 4.94428 0.0271553
2.35928989445 4.97152 0.0265595
2.36555387699 4.99388 0.0285197
2.37182578571 5.01553 0.0271573
2.3781409032 5.03985 0.0253709
2.38442809259 5.06441 0.0268408
2.39069258243 5.08541 0.0292414
2.39698813839 5.11006 0.0304502
2.40330354843 5.13781 0.0313515
2.40957307365 5.16555 0.0285304
2.41583080138 5.18721 0.032023
2.42214385676 5.21416 0.0291452
2.42843005755 5.23671 0.0295073
2.43467776878 5.2612 0.0292191
2.44097021258 5.28666 0.0359039
2.44729898127 5.3155 0.0323672
2.45356911846 5.33886 0.036345
2.45980003814 5.36648 0.0333885
2.4661092349 5.38894 0.0314557
2.47241430729 5.41763 0.0366468
2.47866355169 5.4445 0.0317076
2.48493431628 5.46993 0.0343168
2.49124283111 5.49413 0.0393791
2.49755537626 5.51958 0.0342409
2.50380379021 5.54399 0.041546
2.51005045336 5.57194 0.0391352
2.51638815336 5.60473 0.0417327
2.52269694929 5.62036 0.0421633
2.52891211798 5.64674 0.0394862
2.53519495098 5.67931 0.0445933
2.54155301509 5.69726 0.0446937
2.54783359884 5.73193 0.0486044
2.55402772623 5.75566 0.0483155
2.56033571996 5.78164 0.044418
2.56672381747 5.80351 0.0473404
2.57294751341 5.83219 0.053
2.57911252531 5.85626 0.0520916
2.58547549612 5.88134 0.0472455
2.59185019505 5.90565 0.0571389
2.59805932148 5.93107 0.0531331
2.60429715989 5.94783 0.0560838
2.61067449751 5.98508 0.0547012
2.61693283418 6.00756 0.0668158
2.62300854502 6.02622 0.0661625
2.62939753095 6.04461 0.0576451
2.63591057571 6.06465 0.0593017
2.64202978624 6.09567 0.0648637
2.64803951219 6.10923 0.0634769
2.65454096229 6.1421 0.0740412
2.66118028258 6.16383 0.072692
2.66719514746 6.18302 0.0776536
2.67309090101 6.20444 0.0744754
2.67973176445 6.2245 0.0794568
2.68646693102 6.26379 0.0861493
2.69219835647 6.25456 0.101943
2.69796467721 6.27421 0.0948032
2.70489193937 6.31645 0.109697
2.71182026315 6.35073 0.116137
2.71709790339 6.34509 0.145973
2.7227864466 6.3553 0.144618
2.72994784687 6.37404 0.142232
2.73706528781 6.39049 0.184283
2.74248820391 6.40098 0.264795
2.74787331837 6.43328 0.244861
2.75504313834 6.44484 0.271723
2.76219934437 6.4729 0.359985
2.76789278819 6.43815 0.640159
2.77283198247 6.47497 0.60519
2.77965581172 6.53241 1.33908
2.78599582346 nan nan
