0.0088996412247 1.73035 0.0981828
0.0150791221651 1.72483 0.0572988
0.0214479018646 1.72274 0.0354282
0.0278366077649 1.72176 0.0290276
0.034350997858 1.71551 0.0242807
0.0404788676143 1.71729 0.0262602
0.0467671668358 1.71444 0.0265217
0.0530822510177 1.71228 0.0221771
0.0594536244094 1.70922 0.0212205
0.0657622481459 1.70862 0.0210631
0.071966329067 1.71391 0.0183116
0.0782786091569 1.71415 0.0186911
0.0847039894583 1.71087 0.018337
0.0909685462053 1.71114 0.0188846
0.0972078977683 1.71373 0.0186089
0.103476303896 1.71192 0.0164631
0.109757644425 1.71375 0.0180345
0.116054308478 1.714 0.0155242
0.122366966654 1.71647 0.0169413
0.128681726309 1.71223 0.0172767
0.134950080166 1.71036 0.0167029
0.141194955884 1.71068 0.0161166
0.147513357575 1.71211 0.0161571
0.153786507425 1.71238 0.0155866
0.160065754405 1.7085 0.0138708
0.166399116869 1.7084 0.0144326
0.172719564578 1.70718 0.0178146
0.178976521338 1.70731 0.0164819
0.185235369065 1.70783 0.0164674
0.191480678734 1.70408 0.0162549
0.197788986865 1.70646 0.0148981
0.204093773545 1.70244 0.0157104
0.210393930261 1.70349 0.0154058
0.216690970982 1.70082 0.0167035
0.222970028122 1.69796 0.0156941
0.229262002709 1.69569 0.0167477
0.235514150837 1.69354 0.0140354
0.241791058382 1.69251 0.0130064
0.248085653944 1.68984 0.0150745
0.254349225687 1.68625 0.0150017
0.260633425188 1.68507 0.0139596
0.26692573709 1.68381 0.0153594
0.273242334314 1.68219 0.0147568
0.279552968008 1.67593 0.014957
0.285836629231 1.67701 0.0171849
0.292087627139 1.67584 0.0177868
0.298344984444 1.67449 0.0154913
0.304638263941 1.6654 0.0154079
0.3109279127 1.66683 0.0140044
0.317216817162 1.66161 0.0161419
0.323518756794 1.65995 0.0154516
0.329816821755 1.6576 0.0137336
0.336117642946 1.65421 0.0156751
0.342370037571 1.65315 0.014696
0.348647819267 1.64825 0.0149861
0.354941161441 1.64435 0.0133495
0.361191693542 1.64213 0.0136625
0.367476708956 1.64087 0.0143369
0.373764779528 1.63752 0.0146289
0.380065403148 1.63022 0.0148889
0.386353986126 1.63192 0.0167618
0.392614018136 1.62436 0.0135921
0.398926450032 1.62636 0.0148313
0.405207324458 1.61962 0.0131657
0.411491647757 1.61905 0.0135524
0.417781427212 1.61268 0.01452
0.424040064873 1.60925 0.0140997
0.430342569027 1.60658 0.0149787
0.436635856026 1.60512 0.0146908
0.442899618322 1.60409 0.0154523
0.449163441853 1.60209 0.016363
0.455441414625 1.59804 0.0148165
0.46176344703 1.59459 0.0138552
0.468064424202 1.59265 0.0143558
0.474348524276 1.58843 0.0139278
0.480635613682 1.58821 0.0143926
0.486901925839 1.58716 0.0145447
0.49316970996 1.58038 0.0147204
0.499450674714 1.57945 0.0149795
0.505715905134 1.57503 0.0149585
0.511992399627 1.5722 0.0171153
0.518312609777 1.57087 0.0141681
0.524608963803 1.56789 0.0158399
0.530875730848 1.56577 0.0151957
0.537157352795 1.56336 0.0132774
0.543457956378 1.5624 0.0152076
0.549743065239 1.5597 0.0130518
0.55599374275 1.55442 0.0153322
0.562285467661 1.55597 0.0131364
0.568601153723 1.55216 0.013008
0.574880458942 1.54753 0.0147915
0.581155021034 1.54946 0.0131826
0.587439449666 1.54485 0.0140218
0.59371762203 1.54287 0.0154085
0.599997195479 1.54426 0.0129744
0.606267911512 1.54026 0.0122046
0.612546957644 1.53922 0.0134449
0.618847773304 1.53761 0.0145485
0.625131056744 1.53551 0.0143925
0.631402745038 1.53432 0.0147864
0.637700356273 1.53365 0.0145576
0.643985778331 1.53218 0.0149072
0.650268541717 1.53116 0.0148694
0.65655861177 1.53181 0.0135657
0.662836928236 1.53033 0.0126259
0.669118544496 1.52774 0.0143459
0.675407019858 1.52777 0.011993
0.681683551459 1.52884 0.0150188
0.687959253386 1.52663 0.0138983
0.694234431704 1.52589 0.0137201
0.700517540243 1.52854 0.0143816
0.706812495661 1.52733 0.0138886
0.713101900967 1.52496 0.0133204
0.719391825117 1.52575 0.0126092
0.72568338076 1.52685 0.0146523
0.731965268271 1.52847 0.0146451
0.738250799048 1.52678 0.0118325
0.744526584212 1.52656 0.0131697
0.750787110194 1.52978 0.0131755
0.757075846532 1.52879 0.0156349
0.76336412336 1.53191 0.0130976
0.769646295986 1.53154 0.0154378
0.775939486518 1.53583 0.0147485
0.782232914199 1.53562 0.0147079
0.788531493652 1.53843 0.0142844
0.794789656698 1.53956 0.0143293
0.801049109659 1.54313 0.0136655
0.807336406173 1.54648 0.0123552
0.813622948837 1.54742 0.0138012
0.819915299896 1.54772 0.0150971
0.826195263639 1.55306 0.0120995
0.832489707008 1.55257 0.0127574
0.838795930921 1.55596 0.0122005
0.84506346397 1.55923 0.0149791
0.851328286756 1.56312 0.0117884
0.85761982639 1.56732 0.0115795
0.863905847706 1.57151 0.0150906
0.870183874549 1.57467 0.0136118
0.876464109608 1.57817 0.0144401
0.88275038734 1.58261 0.0128111
0.889033276839 1.58634 0.0123451
0.895308424711 1.59063 0.0128694
0.901595652167 1.59678 0.0128666
0.907883332809 1.59967 0.0125213
0.914174410632 1.60478 0.012382
0.920463081772 1.6133 0.0120222
0.926743441526 1.61944 0.0122502
0.933032419735 1.62236 0.00970895
0.939326578557 1.62969 0.0130549
0.94559748104 1.63613 0.0122977
0.951866001855 1.64199 0.014059
0.958141325553 1.6483 0.0121707
0.964435094511 1.65586 0.0123302
0.970735563357 1.66219 0.0135851
0.977008076845 1.67091 0.0119151
0.983282332536 1.67663 0.012218
0.989556969197 1.68533 0.0110868
0.995845630192 1.69238 0.0123188
1.00213621074 1.7017 0.0129548
1.00840482534 1.71069 0.0111644
1.01469414984 1.71782 0.011128
1.02099255544 1.72607 0.0112061
1.02727398044 1.73735 0.0117803
1.0335591819 1.74655 0.0128931
1.03984755739 1.75629 0.0113166
1.04612697494 1.76759 0.0134877
1.05240343681 1.77613 0.0117919
1.05868070465 1.7865 0.0128923
1.06496433307 1.7978 0.0125796
1.07125677744 1.80651 0.0137865
1.0775440488 1.81769 0.0117071
1.08382482019 1.82909 0.013258
1.09010802394 1.84325 0.0115044
1.09638966596 1.85746 0.0103818
1.10268113206 1.86628 0.012779
1.10896304759 1.87897 0.0121402
1.11522542846 1.89326 0.0120943
1.12150212761 1.90368 0.0117643
1.12779257382 1.91622 0.0117866
1.13408955267 1.93264 0.0135063
1.14036404965 1.9459 0.01187
1.14663918032 1.95907 0.0106641
1.15294241299 1.97481 0.0118761
1.15922890675 1.99064 0.0118919
1.16550872189 2.00581 0.0114768
1.17179307626 2.01934 0.0123151
1.17808743637 2.03645 0.011325
1.18436765425 2.04998 0.0109786
1.1906346423 2.06746 0.010822
1.19691220883 2.08366 0.011828
1.20320157735 2.09977 0.0104474
1.20948684444 2.11788 0.012521
1.21576390207 2.13511 0.0110398
1.22204975517 2.15221 0.0112658
1.22834061662 2.16894 0.0111895
1.23463298658 2.18919 0.0112572
1.24090224718 2.20676 0.00948632
1.24717483914 2.22758 0.0117009
1.25346545993 2.24695 0.0113271
1.25974995189 2.26314 0.0111503
1.26603214313 2.28409 0.0112556
1.27231628847 2.30294 0.0106291
1.27860415506 2.32274 0.0102741
1.28488658893 2.34508 0.0109483
1.29117542007 2.36245 0.0117102
1.29746572637 2.38566 0.0107052
1.30374182701 2.40675 0.0113813
1.31001732292 2.42853 0.0105335
1.31630144766 2.44807 0.010999
1.32258676036 2.47142 0.0111438
1.32886549245 2.49538 0.00977351
1.33514480495 2.51925 0.0112239
1.34144051627 2.54011 0.00993047
1.34773086842 2.56621 0.0107897
1.35400158999 2.588 0.0108493
1.3602826093 2.61303 0.0109596
1.36656568646 2.63574 0.0121687
1.37285149848 2.66168 0.0106865
1.37913537293 2.68639 0.0108191
1.38540956715 2.70982 0.0110929
1.39169864122 2.73538 0.0117537
1.39798445144 2.76128 0.0105989
1.40426788341 2.78743 0.0104193
1.41055477948 2.81264 0.0119275
1.41683783355 2.83903 0.0107464
1.42311817719 2.86586 0.0096995
1.42939780116 2.89057 0.0111653
1.43568692182 2.92007 0.0120434
1.44197712177 2.94616 0.0111723
1.44825366785 2.97291 0.0107884
1.45453234897 3.0026 0.0109837
1.46081931915 3.0276 0.0110023
1.4671103644 3.05655 0.0113063
1.47339290895 3.08479 0.0115462
1.47966996524 3.11473 0.010121
1.4859561446 3.1421 0.0120948
1.49223361076 3.17104 0.0110069
1.49850247038 3.2005 0.0105474
1.50478575205 3.22754 0.0114922
1.51107599189 3.25648 0.0121527
1.51736163499 3.28684 0.0102283
1.52364857097 3.31636 0.01109
1.52993803572 3.34498 0.012026
1.53623017691 3.37683 0.0103531
1.54251071878 3.40621 0.01119
1.54878396308 3.43469 0.0113279
1.55507306978 3.46559 0.0116808
1.56135732493 3.49518 0.011724
1.56762912105 3.52504 0.0129341
1.5739136974 3.55479 0.011645
1.58020354523 3.58361 0.0118134
1.58648539343 3.61482 0.0105909
1.59276001426 3.64357 0.0124598
1.59904643639 3.67436 0.0115594
1.60534213664 3.70527 0.0119365
1.61161976836 3.73113 0.0112232
1.61789716835 3.75287 0.0124364
1.62418270854 3.77507 0.0117568
1.63046407995 3.79715 0.0114763
1.63674824683 3.81886 0.0122411
1.64303013827 3.84186 0.0123401
1.64930808063 3.86426 0.012317
1.65559224863 3.8881 0.0123437
1.66187827598 3.9106 0.0136252
1.66816823994 3.93397 0.0128471
1.6744495611 3.9576 0.0114033
1.68072138563 3.98048 0.0128286
1.68701215424 4.00552 0.0138436
1.6933074808 4.02697 0.0133728
1.69958064303 4.05271 0.0135321
1.70586179344 4.07736 0.0132594
1.71215172419 4.10292 0.0137524
1.71843538617 4.12649 0.0127747
1.72471844694 4.15136 0.0128392
1.73099491844 4.1773 0.0136471
1.73728636032 4.20289 0.0131228
1.74356630258 4.2279 0.0134092
1.74983600778 4.25463 0.0134831
1.75612327869 4.28097 0.0132548
1.76241061606 4.3071 0.0137464
1.76869357896 4.33311 0.0119863
1.77497674839 4.36044 0.0135839
1.78126362161 4.38659 0.0149032
1.78754574761 4.4144 0.0134759
1.7938272923 4.44162 0.0134791
1.80010772174 4.47052 0.0137372
1.80639091391 4.49852 0.0143131
1.81267451427 4.52527 0.0142627
1.81895363524 4.55436 0.0144103
1.82523850291 4.58288 0.0155105
1.8315236862 4.61021 0.0143572
1.83781040898 4.64107 0.0146881
1.84409642612 4.66961 0.0135589
1.8503769215 4.69926 0.0155588
1.85666074594 4.72821 0.0152235
1.86294359809 4.75744 0.0157868
1.86922204917 4.78811 0.0153669
1.87550781357 4.81718 0.0160821
1.88179499507 4.84846 0.014823
1.88807781314 4.87812 0.0152383
1.89435244502 4.90857 0.0161499
1.90063796885 4.94031 0.0156732
1.90692833723 4.96971 0.0164812
1.91320221586 5.00205 0.0162772
1.91948223445 5.0339 0.016677
1.92577010575 5.06555 0.0164008
1.93206491035 5.09728 0.0159329
1.93834071151 5.12817 0.0154445
1.94460828613 5.1594 0.0158416
1.9508968614 5.19298 0.0154555
1.95718811973 5.22468 0.0162567
1.96347509207 5.25596 0.0159253
1.9697553281 5.2897 0.0171323
1.9760413775 5.32247 0.0179958
1.98233260336 5.35401 0.016696
1.98861171931 5.38983 0.0175172
1.99488792869 5.41981 0.0162893
2.00117304134 5.45285 0.0178449
2.00745262249 5.48696 0.0184615
2.01372721862 5.5198 0.0171909
2.02001108039 5.55431 0.0169833
2.02630405283 5.58612 0.0192694
2.03258735828 5.62087 0.0185325
2.03886100377 5.65227 0.018353
2.04514489951 5.68574 0.0197769
2.05143683626 5.72192 0.0181487
2.05772382203 5.75319 0.0198079
2.0640044634 5.78664 0.019285
2.07029278421 5.81809 0.0192352
2.07658471853 5.85238 0.0189529
2.08285424307 5.88927 0.0198517
2.08912259138 5.91786 0.0199057
2.09541730178 5.95327 0.0199491
2.10170304464 5.9846 0.0205407
2.10797273337 6.01652 0.0188465
2.11425579676 6.04996 0.0214414
2.12053788985 6.08112 0.0219604
2.12682075079 6.116 0.0201473
2.13310670204 6.1463 0.0207166
2.13940011923 6.17976 0.0216479
2.14568939859 6.21254 0.0200547
2.15195789682 6.24293 0.0206916
2.15824033347 6.27688 0.0217047
2.16453048092 6.30523 0.0226125
2.17081716829 6.33722 0.0220583
2.17709912993 6.36533 0.0210038
2.18337674027 6.3963 0.0223816
2.18965452646 6.42754 0.0215695
2.19593814184 6.45567 0.024067
2.20221722867 6.48944 0.0223299
2.20849850085 6.51533 0.0237019
2.21479372465 6.54932 0.022267
2.22107581834 6.57582 0.0231568
2.22733812199 6.60533 0.0238695
2.23362792264 6.63604 0.0247965
2.2399287897 6.66437 0.0252714
2.24620084223 6.69309 0.0255231
2.2524810722 6.71869 0.0252103
2.25875993301 6.7515 0.0258549
2.26503776668 6.77501 0.0249932
2.27130391144 6.80539 0.0239087
2.27758972822 6.83342 0.0255973
2.28389830542 6.86517 0.0297352
2.29017001225 6.89682 0.0309427
2.29645357402 6.92493 0.0274636
2.30275372852 6.9568 0.0287456
2.30903325986 6.99061 0.0275139
2.31530674049 7.02247 0.0299407
2.32158490306 7.05265 0.0277326
2.3278758488 7.08046 0.0277717
2.33415543799 7.11694 0.0312379
2.34041936871 7.14932 0.0303913
2.34670710068 7.18269 0.0281903
2.3530032916 7.2154 0.03305
2.35928989445 7.24911 0.0295767
2.36555387699 7.2847 0.0354346
2.37182578571 7.31348 0.0349302
2.3781409032 7.34539 0.0299437
2.38442809259 7.37739 0.0337641
2.39069258243 7.4121 0.0330803
2.39698813839 7.44892 0.036096
2.40330354843 7.47954 0.0358468
2.40957307365 7.51699 0.0291143
2.41583080138 7.54952 0.0385806
2.42214385676 7.58531 0.0353527
2.42843005755 7.61954 0.0366124
2.43467776878 7.65083 0.0388145
2.44097021258 7.68255 0.0449522
2.44729898127 7.72467 0.0380858
2.45356911846 7.75259 0.0392232
2.45980003814 7.78491 0.0441612
2.4661092349 7.82171 0.0425833
2.47241430729 7.85588 0.043771
2.47866355169 7.88723 0.0444078
2.48493431628 7.92049 0.0433635
2.49124283111 7.95856 0.0463328
2.49755537626 7.99092 0.0410729
2.50380379021 8.01609 0.0488783
2.51005045336 8.05765 0.0522215
2.51638815336 8.09542 0.045542
2.52269694929 8.12223 0.051057
2.52891211798 8.15174 0.0486635
2.53519495098 8.19243 0.051181
2.54155301509 8.21596 0.0548232
2.54783359884 8.25064 0.0540711
2.55402772623 8.28576 0.0583085
2.56033571996 8.31308 0.0562206
2.56672381747 8.34812 0.0597912
2.57294751341 8.37423 0.0618117
2.57911252531 8.41037 0.0588463
2.58547549612 8.42927 0.0653999
2.59185019505 8.46235 0.0596143
2.59805932148 8.48381 0.0692533
2.60429715989 8.52013 0.0673215
2.61067449751 8.55595 0.0657746
2.61693283418 8.58126 0.071601
2.62300854502 8.60446 0.0770475
2.62939753095 8.62461 0.0728832
2.63591057571 8.6594 0.0859616
2.64202978624 8.67111 0.0854365
2.64803951219 8.69849 0.0824373
2.65454096229 8.7307 0.089284
2.66118028258 8.7604 0.0971141
2.66719514746 8.7756 0.1028
2.67309090101 8.79668 0.0975685
2.67973176445 8.82051 0.0986827
2.68646693102 8.86876 0.114479
2.69219835647 8.84731 0.113047
2.69796467721 8.85665 0.11501
2.70489193937 8.92835 0.13451
2.71182026315 8.93574 0.149529
2.71709790339 8.94509 0.189783
2.7227864466 8.96261 0.165759
2.72994784687 8.96009 0.163078
2.73706528781 9.00844 0.213737
2.74248820391 9.01408 0.330489
2.74787331837 9.004 0.291816
2.75504313834 9.0684 0.329414
2.76219934437 9.04353 0.430819
2.76789278819 8.95944 0.813921
2.77283198247 9.10718 0.736507
2.77965581172 8.92495 1.73289
2.78599582346 nan nan
