0.0088996412247 1.47243 0.114809
0.0150791221651 1.46422 0.0540874
0.0214479018646 1.46493 0.0339805
0.0278366077649 1.46522 0.0333597
0.034350997858 1.46885 0.0289993
0.0404788676143 1.46635 0.0269369
0.0467671668358 1.45962 0.0255408
0.0530822510177 1.46266 0.0217476
0.0594536244094 1.45639 0.0210548
0.0657622481459 1.45772 0.0210648
0.071966329067 1.45673 0.0194633
0.0782786091569 1.45718 0.0173382
0.0847039894583 1.45294 0.0187086
0.0909685462053 1.44968 0.0180893
0.0972078977683 1.44871 0.0190851
0.103476303896 1.44204 0.0169259
0.109757644425 1.44179 0.0171449
0.116054308478 1.4387 0.0163383
0.122366966654 1.44051 0.0197806
0.128681726309 1.43746 0.0162911
0.134950080166 1.43283 0.0166229
0.141194955884 1.43176 0.0150544
0.147513357575 1.42477 0.0157802
0.153786507425 1.42107 0.016553
0.160065754405 1.41473 0.0142663
0.166399116869 1.41015 0.0156446
0.172719564578 1.40467 0.0164171
0.178976521338 1.40252 0.0163576
0.185235369065 1.40197 0.0172187
0.191480678734 1.39792 0.0154716
0.197788986865 1.39452 0.0155535
0.204093773545 1.38555 0.0158291
0.210393930261 1.3828 0.0149469
0.216690970982 1.37393 0.0175666
0.222970028122 1.3715 0.0186804
0.229262002709 1.36464 0.0174845
0.235514150837 1.35992 0.0144245
0.241791058382 1.35687 0.0178697
0.248085653944 1.34794 0.0142836
0.254349225687 1.34527 0.0156885
0.260633425188 1.33969 0.0137478
0.26692573709 1.33503 0.0162461
0.273242334314 1.32855 0.0156876
0.279552968008 1.3221 0.0146289
0.285836629231 1.31708 0.0174352
0.292087627139 1.312 0.0161165
0.298344984444 1.30627 0.0158993
0.304638263941 1.29633 0.0150183
0.3109279127 1.29392 0.0169215
0.317216817162 1.29052 0.0157539
0.323518756794 1.28336 0.0164476
0.329816821755 1.27711 0.0152369
0.336117642946 1.26946 0.0156071
0.342370037571 1.26657 0.0154382
0.348647819267 1.25984 0.0186845
0.354941161441 1.25353 0.0163255
0.361191693542 1.24754 0.0151582
0.367476708956 1.24283 0.016994
0.373764779528 1.23633 0.017409
0.380065403148 1.2287 0.0189686
0.386353986126 1.22819 0.0153919
0.392614018136 1.21674 0.0181515
0.398926450032 1.21298 0.0172479
0.405207324458 1.20713 0.0139792
0.411491647757 1.20119 0.0167757
0.417781427212 1.19637 0.0173742
0.424040064873 1.19168 0.0158342
0.430342569027 1.18308 0.0180058
0.436635856026 1.17934 0.016662
0.442899618322 1.17664 0.0161313
0.449163441853 1.17023 0.0185834
0.455441414625 1.16159 0.0166328
0.46176344703 1.15997 0.0157486
0.468064424202 1.15082 0.0166329
0.474348524276 1.14718 0.0165433
0.480635613682 1.14443 0.0177244
0.486901925839 1.14174 0.0167213
0.49316970996 1.13185 0.0175473
0.499450674714 1.13188 0.0184356
0.505715905134 1.11993 0.0179916
0.511992399627 1.1156 0.0181273
0.518312609777 1.10931 0.0170031
0.524608963803 1.10358 0.0174553
0.530875730848 1.10056 0.0185402
0.537157352795 1.09927 0.0180562
0.543457956378 1.09291 0.015704
0.549743065239 1.09024 0.0178686
0.55599374275 1.08111 0.0178769
0.562285467661 1.07962 0.0174508
0.568601153723 1.07852 0.0183638
0.574880458942 1.06768 0.0176836
0.581155021034 1.06417 0.014009
0.587439449666 1.05997 0.0152234
0.59371762203 1.05671 0.0187791
0.599997195479 1.05469 0.0175407
0.606267911512 1.04815 0.0152403
0.612546957644 1.04663 0.0183569
0.618847773304 1.04173 0.0186003
0.625131056744 1.0371 0.0189125
0.631402745038 1.0372 0.0170247
0.637700356273 1.03284 0.0182634
0.643985778331 1.02528 0.0171811
0.650268541717 1.02464 0.0182411
0.65655861177 1.02195 0.0197102
0.662836928236 1.01954 0.0182528
0.669118544496 1.01223 0.0180914
0.675407019858 1.01252 0.018041
0.681683551459 1.00877 0.0175246
0.687959253386 1.00653 0.0192029
0.694234431704 1.0014 0.015822
0.700517540243 1.00338 0.0190775
0.706812495661 0.997361 0.0182656
0.713101900967 0.995353 0.0175952
0.719391825117 0.99399 0.0175812
0.72568338076 0.989949 0.0178115
0.731965268271 0.989904 0.0179063
0.738250799048 0.986917 0.0156102
0.744526584212 0.985828 0.0181183
0.750787110194 0.986632 0.0139031
0.757075846532 0.98264 0.0176857
0.76336412336 0.982756 0.0192184
0.769646295986 0.979264 0.0189527
0.775939486518 0.982292 0.0189607
0.782232914199 0.983291 0.0189965
0.788531493652 0.982867 0.0155975
0.794789656698 0.978385 0.0183504
0.801049109659 0.981198 0.0171754
0.807336406173 0.980487 0.019051
0.813622948837 0.978913 0.0178865
0.819915299896 0.976834 0.0194959
0.826195263639 0.981674 0.0169203
0.832489707008 0.979583 0.017251
0.838795930921 0.979869 0.0181956
0.84506346397 0.982961 0.0177985
0.851328286756 0.981662 0.0178302
0.85761982639 0.981053 0.0166979
0.863905847706 0.986489 0.0176068
0.870183874549 0.9856 0.0198064
0.876464109608 0.987931 0.0182312
0.88275038734 0.990263 0.0194883
0.889033276839 0.993572 0.0154986
0.895308424711 0.990401 0.0163141
0.901595652167 0.997539 0.017298
0.907883332809 0.996376 0.0148356
0.914174410632 0.999111 0.0184978
0.920463081772 1.00411 0.0172077
0.926743441526 1.00768 0.0171023
0.933032419735 1.00864 0.0162606
0.939326578557 1.0126 0.0187146
0.94559748104 1.0167 0.0189248
0.951866001855 1.02347 0.0180545
0.958141325553 1.02434 0.0166517
0.964435094511 1.03029 0.0176042
0.970735563357 1.03745 0.0176933
0.977008076845 1.04219 0.0164188
0.983282332536 1.04246 0.0170004
0.989556969197 1.05212 0.0165398
0.995845630192 1.0595 0.0149886
1.00213621074 1.06277 0.0163481
1.00840482534 1.07026 0.0150469
1.01469414984 1.07678 0.0160159
1.02099255544 1.08104 0.0168121
1.02727398044 1.09035 0.018165
1.0335591819 1.09603 0.0160273
1.03984755739 1.10485 0.0175126
1.04612697494 1.11392 0.018117
1.05240343681 1.12202 0.0153374
1.05868070465 1.1259 0.0163472
1.06496433307 1.13733 0.0180237
1.07125677744 1.14567 0.0169486
1.0775440488 1.15203 0.0166519
1.08382482019 1.16355 0.0164927
1.09010802394 1.17322 0.0161141
1.09638966596 1.18384 0.0158114
1.10268113206 1.19169 0.0141144
1.10896304759 1.20152 0.0151749
1.11522542846 1.21411 0.0141517
1.12150212761 1.2252 0.0155324
1.12779257382 1.23357 0.0146761
1.13408955267 1.24816 0.0159223
1.14036404965 1.25986 0.0147952
1.14663918032 1.26963 0.0179579
1.15294241299 1.28395 0.0155649
1.15922890675 1.29487 0.0130704
1.16550872189 1.30702 0.0135421
1.17179307626 1.32038 0.0155354
1.17808743637 1.33394 0.0133769
1.18436765425 1.34651 0.0140849
1.1906346423 1.36154 0.0143471
1.19691220883 1.37681 0.0145468
1.20320157735 1.38993 0.0154134
1.20948684444 1.40617 0.01419
1.21576390207 1.41953 0.0142078
1.22204975517 1.43656 0.0146224
1.22834061662 1.44933 0.0133251
1.23463298658 1.46536 0.0131079
1.24090224718 1.48359 0.0131351
1.24717483914 1.49838 0.0140219
1.25346545993 1.51755 0.012855
1.25974995189 1.53379 0.0147748
1.26603214313 1.55105 0.0134121
1.27231628847 1.56865 0.0133179
1.27860415506 1.58536 0.0114451
1.28488658893 1.6066 0.013319
1.29117542007 1.62057 0.0118438
1.29746572637 1.64297 0.0126322
1.30374182701 1.66146 0.0138462
1.31001732292 1.68073 0.0132272
1.31630144766 1.6984 0.0125331
1.32258676036 1.71946 0.0116693
1.32886549245 1.7415 0.0113645
1.33514480495 1.76098 0.0122891
1.34144051627 1.78079 0.0119511
1.34773086842 1.80284 0.0127698
1.35400158999 1.82389 0.0124971
1.3602826093 1.8469 0.012008
1.36656568646 1.86685 0.0136077
1.37285149848 1.89104 0.0124193
1.37913537293 1.91322 0.0106249
1.38540956715 1.93381 0.0107574
1.39169864122 1.95696 0.0125152
1.39798445144 1.98191 0.0128193
1.40426788341 2.00681 0.0116695
1.41055477948 2.02938 0.0112547
1.41683783355 2.05319 0.0108949
1.42311817719 2.07553 0.0119627
1.42939780116 2.10042 0.0117978
1.43568692182 2.12894 0.0121184
1.44197712177 2.15197 0.0126075
1.44825366785 2.17806 0.0112958
1.45453234897 2.20314 0.0111509
1.46081931915 2.22761 0.0124992
1.4671103644 2.25438 0.0123162
1.47339290895 2.28176 0.0112289
1.47966996524 2.30944 0.0117642
1.4859561446 2.33394 0.0119204
1.49223361076 2.3629 0.0120452
1.49850247038 2.39012 0.0109737
1.50478575205 2.41445 0.0118741
1.51107599189 2.44333 0.0112043
1.51736163499 2.47177 0.00956279
1.52364857097 2.50041 0.0105316
1.52993803572 2.52781 0.0100959
1.53623017691 2.55611 0.012068
1.54251071878 2.58446 0.0109456
1.54878396308 2.61309 0.0118863
1.55507306978 2.64204 0.0127416
1.56135732493 2.67048 0.0116951
1.56762912105 2.69881 0.0132125
1.5739136974 2.72812 0.0113438
1.58020354523 2.75626 0.0116913
1.58648539343 2.78791 0.0106753
1.59276001426 2.81586 0.0114203
1.59904643639 2.84504 0.0112356
1.60534213664 2.876 0.0112304
1.61161976836 2.89844 0.0114561
1.61789716835 2.91454 0.0127298
1.62418270854 2.93166 0.0114957
1.63046407995 2.94957 0.0116284
1.63674824683 2.96735 0.0112031
1.64303013827 2.98431 0.0119764
1.64930808063 3.00076 0.0122456
1.65559224863 3.01834 0.011769
1.66187827598 3.03707 0.0119924
1.66816823994 3.05464 0.0121617
1.6744495611 3.07479 0.012327
1.68072138563 3.09117 0.0119674
1.68701215424 3.10978 0.0129814
1.6933074808 3.12829 0.0129873
1.69958064303 3.14741 0.0119623
1.70586179344 3.16626 0.0128012
1.71215172419 3.18696 0.0129551
1.71843538617 3.20481 0.0124375
1.72471844694 3.22428 0.0116314
1.73099491844 3.2443 0.0129047
1.73728636032 3.26472 0.012441
1.74356630258 3.28417 0.0127503
1.74983600778 3.30439 0.0131119
1.75612327869 3.3253 0.0130316
1.76241061606 3.34673 0.013093
1.76869357896 3.3658 0.0118853
1.77497674839 3.38767 0.0132044
1.78126362161 3.40821 0.0129366
1.78754574761 3.42987 0.0124035
1.7938272923 3.45148 0.0131378
1.80010772174 3.47368 0.0136872
1.80639091391 3.49611 0.0148964
1.81267451427 3.51717 0.013365
1.81895363524 3.53925 0.0134608
1.82523850291 3.56536 0.0143118
1.8315236862 3.58475 0.0148906
1.83781040898 3.60852 0.013949
1.84409642612 3.63107 0.0142234
1.8503769215 3.65551 0.014502
1.85666074594 3.6783 0.0140962
1.86294359809 3.70185 0.0139229
1.86922204917 3.72585 0.0146164
1.87550781357 3.74934 0.0147975
1.88179499507 3.77424 0.0143534
1.88807781314 3.79872 0.01398
1.89435244502 3.82238 0.0162012
1.90063796885 3.8473 0.0142835
1.90692833723 3.87246 0.0151688
1.91320221586 3.89723 0.0153429
1.91948223445 3.92388 0.0149018
1.92577010575 3.94814 0.015644
1.93206491035 3.97583 0.0153404
1.93834071151 3.99952 0.0162644
1.94460828613 4.02629 0.0157224
1.9508968614 4.05247 0.0144425
1.95718811973 4.07825 0.0160843
1.96347509207 4.10463 0.0165285
1.9697553281 4.13069 0.0161452
1.9760413775 4.15951 0.0180855
1.98233260336 4.18636 0.0158443
1.98861171931 4.21401 0.0173249
1.99488792869 4.23911 0.0154704
2.00117304134 4.26623 0.0162771
2.00745262249 4.29506 0.0160798
2.01372721862 4.3219 0.0165291
2.02001108039 4.35084 0.0172526
2.02630405283 4.37673 0.0177398
2.03258735828 4.40637 0.0175057
2.03886100377 4.4331 0.0171136
2.04514489951 4.45979 0.0162594
2.05143683626 4.48964 0.017719
2.05772382203 4.51701 0.0178643
2.0640044634 4.54519 0.0185393
2.07029278421 4.57316 0.0171443
2.07658471853 4.59924 0.0183969
2.08285424307 4.62995 0.0195321
2.08912259138 4.6544 0.0187664
2.09541730178 4.68612 0.0184623
2.10170304464 4.71243 0.0187908
2.10797273337 4.73989 0.0177681
2.11425579676 4.76712 0.0208846
2.12053788985 4.79504 0.0202643
2.12682075079 4.8245 0.020014
2.13310670204 4.84914 0.0211393
2.13940011923 4.87765 0.0196681
2.14568939859 4.90897 0.0198251
2.15195789682 4.93231 0.0196123
2.15824033347 4.96076 0.0210543
2.16453048092 4.98299 0.0219909
2.17081716829 5.01483 0.0203344
2.17709912993 5.04014 0.0197898
2.18337674027 5.06297 0.0200699
2.18965452646 5.09121 0.0207767
2.19593814184 5.11169 0.02004
2.20221722867 5.14423 0.0214835
2.20849850085 5.16314 0.0232156
2.21479372465 5.19416 0.020988
2.22107581834 5.2163 0.0223283
2.22733812199 5.23832 0.0229399
2.23362792264 5.26399 0.0221178
2.2399287897 5.28719 0.0238305
2.24620084223 5.31224 0.0221728
2.2524810722 5.33088 0.023217
2.25875993301 5.35628 0.0242791
2.26503776668 5.37339 0.0235304
2.27130391144 5.39345 0.0198624
2.27758972822 5.41316 0.0239177
2.28389830542 5.43551 0.0280513
2.29017001225 5.46328 0.0285187
2.29645357402 5.485 0.026342
2.30275372852 5.50548 0.0268906
2.30903325986 5.53418 0.0266305
2.31530674049 5.5589 0.0293934
2.32158490306 5.58427 0.0263464
2.3278758488 5.60431 0.0277495
2.33415543799 5.6307 0.0305989
2.34041936871 5.66015 0.0287047
2.34670710068 5.68863 0.0255412
2.3530032916 5.71303 0.0286655
2.35928989445 5.7392 0.0291606
2.36555387699 5.7696 0.0309357
2.37182578571 5.79017 0.0310765
2.3781409032 5.82036 0.0304804
2.38442809259 5.84611 0.0293723
2.39069258243 5.87636 0.0310923
2.39698813839 5.90324 0.0317264
2.40330354843 5.92929 0.0339192
2.40957307365 5.96151 0.0294174
2.41583080138 5.98796 0.0337367
2.42214385676 6.01379 0.031317
2.42843005755 6.04249 0.0334645
2.43467776878 6.07318 0.0347719
2.44097021258 6.09885 0.0389748
2.44729898127 6.12966 0.0336217
2.45356911846 6.15502 0.0342544
2.45980003814 6.18508 0.0399571
2.4661092349 6.21354 0.0379195
2.47241430729 6.24441 0.0408203
2.47866355169 6.26985 0.0391377
2.48493431628 6.29544 0.0373397
2.49124283111 6.33337 0.0436628
2.49755537626 6.35668 0.0381179
2.50380379021 6.38201 0.0438945
2.51005045336 6.41293 0.0473067
2.51638815336 6.44573 0.0439938
2.52269694929 6.47103 0.0465986
2.52891211798 6.49958 0.0447374
2.53519495098 6.53097 0.0452829
2.54155301509 6.55217 0.0444757
2.54783359884 6.58455 0.0532653
2.55402772623 6.61479 0.0502045
2.56033571996 6.63884 0.052547
2.56672381747 6.66577 0.049364
2.57294751341 6.69398 0.0566615
2.57911252531 6.71824 0.0496999
2.58547549612 6.74334 0.0587881
2.59185019505 6.76783 0.0494097
2.59805932148 6.79672 0.0682827
2.60429715989 6.8243 0.0630166
2.61067449751 6.8542 0.0543601
2.61693283418 6.87225 0.0651007
2.62300854502 6.89883 0.0690825
2.62939753095 6.92034 0.0638228
2.63591057571 6.94089 0.0764661
2.64202978624 6.96298 0.0794592
2.64803951219 6.99341 0.0832413
2.65454096229 7.01733 0.0843998
2.66118028258 7.03905 0.0860438
2.66719514746 7.05286 0.0831289
2.67309090101 7.0779 0.0949827
2.67973176445 7.10625 0.085183
2.68646693102 7.13919 0.0979486
2.69219835647 7.11447 0.111487
2.69796467721 7.13501 0.105252
2.70489193937 7.18507 0.122308
2.71182026315 7.20501 0.128602
2.71709790339 7.23794 0.152404
2.7227864466 7.24766 0.156598
2.72994784687 7.24269 0.147423
2.73706528781 7.28391 0.193443
2.74248820391 7.28686 0.247249
2.74787331837 7.29171 0.258698
2.75504313834 7.31117 0.305907
2.76219934437 7.33489 0.399455
2.76789278819 7.26498 0.697152
2.77283198247 7.31644 0.692237
2.77965581172 7.31052 1.50052
2.78599582346 nan nan
