0.0088996412247 3.49119 0.158261
0.0150791221651 3.44451 0.108216
0.0214479018646 3.40661 0.0635915
0.0278366077649 3.39893 0.0546025
0.034350997858 3.36963 0.0486099
0.0404788676143 3.34215 0.0482016
0.0467671668358 3.3215 0.0431121
0.0530822510177 3.28322 0.0409977
0.0594536244094 3.24209 0.0326202
0.0657622481459 3.20496 0.0322752
0.071966329067 3.16265 0.0309324
0.0782786091569 3.11916 0.0296258
0.0847039894583 3.0711 0.0259001
0.0909685462053 3.03815 0.0297685
0.0972078977683 3.00102 0.0306318
0.103476303896 2.9554 0.0268596
0.109757644425 2.90677 0.0260524
0.116054308478 2.84822 0.0241815
0.122366966654 2.78872 0.0244589
0.128681726309 2.73203 0.0218727
0.134950080166 2.67499 0.0232662
0.141194955884 2.6281 0.0210936
0.147513357575 2.5849 0.0218292
0.153786507425 2.54479 0.0193078
0.160065754405 2.49542 0.0214384
0.166399116869 2.45237 0.0210315
0.172719564578 2.40245 0.0176982
0.178976521338 2.3581 0.01675
0.185235369065 2.31366 0.0214991
0.191480678734 2.2702 0.019859
0.197788986865 2.23326 0.0182073
0.204093773545 2.19117 0.0178681
0.210393930261 2.1632 0.0171535
0.216690970982 2.13095 0.0184631
0.222970028122 2.10029 0.0167017
0.229262002709 2.07419 0.0174686
0.235514150837 2.04303 0.0180297
0.241791058382 2.01817 0.0161598
0.248085653944 1.99523 0.0184613
0.254349225687 1.96887 0.0176193
0.260633425188 1.94893 0.0170097
0.26692573709 1.92784 0.0163947
0.273242334314 1.9084 0.0159216
0.279552968008 1.89404 0.0164481
0.285836629231 1.87581 0.0150474
0.292087627139 1.86653 0.0174262
0.298344984444 1.85094 0.0155867
0.304638263941 1.83158 0.017218
0.3109279127 1.81949 0.0141075
0.317216817162 1.80644 0.0170063
0.323518756794 1.79566 0.0164742
0.329816821755 1.78671 0.0148608
0.336117642946 1.7728 0.0156845
0.342370037571 1.76592 0.0155291
0.348647819267 1.75029 0.0177065
0.354941161441 1.74043 0.01591
0.361191693542 1.73219 0.0163453
0.367476708956 1.72193 0.0144142
0.373764779528 1.71058 0.0153241
0.380065403148 1.69993 0.0151852
0.386353986126 1.69312 0.0154487
0.392614018136 1.67955 0.0158295
0.398926450032 1.67786 0.0164507
0.405207324458 1.72839 0.014234
0.411491647757 1.65465 0.0150319
0.417781427212 1.64083 0.0161422
0.424040064873 1.63167 0.0155439
0.430342569027 1.62401 0.0179944
0.436635856026 1.61364 0.0175476
0.442899618322 1.60299 0.014919
0.449163441853 1.5934 0.0168729
0.455441414625 1.58081 0.015209
0.46176344703 1.5722 0.0144654
0.468064424202 1.56225 0.0153708
0.474348524276 1.5529 0.0149077
0.480635613682 1.54085 0.0162136
0.486901925839 1.53218 0.0157757
0.49316970996 1.51844 0.0165191
0.499450674714 1.51055 0.0150675
0.505715905134 1.4975 0.0155131
0.511992399627 1.49091 0.015795
0.518312609777 1.47933 0.0138582
0.524608963803 1.46786 0.0169899
0.530875730848 1.45906 0.0145253
0.537157352795 1.45027 0.0146709
0.543457956378 1.43808 0.0135347
0.549743065239 1.42696 0.0147546
0.55599374275 1.41818 0.0169434
0.562285467661 1.40774 0.0168619
0.568601153723 1.39684 0.015171
0.574880458942 1.38501 0.0168668
0.581155021034 1.37358 0.0161826
0.587439449666 1.36474 0.0141821
0.59371762203 1.35317 0.0163563
0.599997195479 1.34386 0.0140877
0.606267911512 1.33188 0.0153918
0.612546957644 1.32263 0.0155945
0.618847773304 1.3105 0.0172692
0.625131056744 1.30168 0.0160805
0.631402745038 1.29234 0.0167692
0.637700356273 1.28116 0.0169014
0.643985778331 1.27266 0.01693
0.650268541717 1.2635 0.0173675
0.65655861177 1.25334 0.0154897
0.662836928236 1.24186 0.0163924
0.669118544496 1.23304 0.0143158
0.675407019858 1.22454 0.0154373
0.681683551459 1.21569 0.0159682
0.687959253386 1.2042 0.0175407
0.694234431704 1.19314 0.0163701
0.700517540243 1.1867 0.0189645
0.706812495661 1.17633 0.015346
0.713101900967 1.16402 0.0171428
0.719391825117 1.15321 0.0182852
0.72568338076 1.14473 0.0177105
0.731965268271 1.13593 0.01595
0.738250799048 1.12697 0.0168617
0.744526584212 1.11487 0.017655
0.750787110194 1.11033 0.0192207
0.757075846532 1.09969 0.0185969
0.76336412336 1.09357 0.0189479
0.769646295986 1.08369 0.0166866
0.775939486518 1.07593 0.0182609
0.782232914199 1.06802 0.0185752
0.788531493652 1.05615 0.0163001
0.794789656698 1.04589 0.0166763
0.801049109659 1.04133 0.0191837
0.807336406173 1.03479 0.0193316
0.813622948837 1.02534 0.0185251
0.819915299896 1.0165 0.0202762
0.826195263639 1.0105 0.0196121
0.832489707008 1.00206 0.0205721
0.838795930921 0.994678 0.0168635
0.84506346397 0.985029 0.0192742
0.851328286756 0.975712 0.0186821
0.85761982639 0.970912 0.0190295
0.863905847706 0.962427 0.0194218
0.870183874549 0.955325 0.0202582
0.876464109608 0.947759 0.0196264
0.88275038734 0.944764 0.0180531
0.889033276839 0.93551 0.0183976
0.895308424711 0.928919 0.0190793
0.901595652167 0.920943 0.0203334
0.907883332809 0.914457 0.0202621
0.914174410632 0.910268 0.0188573
0.920463081772 0.902266 0.0195412
0.926743441526 0.900234 0.0191489
0.933032419735 0.891199 0.0184009
0.939326578557 0.886858 0.0208113
0.94559748104 0.884341 0.0199552
0.951866001855 0.875948 0.0227653
0.958141325553 0.872213 0.0184841
0.964435094511 0.87349 0.0203065
0.970735563357 0.863621 0.0211411
0.977008076845 0.859154 0.0222589
0.983282332536 0.857062 0.0209448
0.989556969197 0.854545 0.022032
0.995845630192 0.851578 0.0189814
1.00213621074 0.848815 0.0200066
1.00840482534 0.84813 0.0211118
1.01469414984 0.842202 0.0230737
1.02099255544 0.844418 0.0208895
1.02727398044 0.842331 0.0237348
1.0335591819 0.841349 0.020563
1.03984755739 0.842121 0.0208859
1.04612697494 0.841864 0.0224834
1.05240343681 0.841124 0.0204144
1.05868070465 0.841262 0.0232348
1.06496433307 0.841303 0.0213134
1.07125677744 0.840156 0.0227564
1.0775440488 0.844856 0.0205923
1.08382482019 0.844574 0.0189615
1.09010802394 0.851878 0.0212257
1.09638966596 0.851324 0.0212293
1.10268113206 0.854678 0.0198294
1.10896304759 0.85645 0.0203952
1.11522542846 0.862864 0.0215389
1.12150212761 0.865471 0.021675
1.12779257382 0.873517 0.018959
1.13408955267 0.88088 0.0194889
1.14036404965 0.886879 0.0206551
1.14663918032 0.889234 0.0214874
1.15294241299 0.896883 0.0190075
1.15922890675 0.903648 0.0217929
1.16550872189 0.912959 0.0188997
1.17179307626 0.92124 0.0197481
1.17808743637 0.930877 0.0190424
1.18436765425 0.937238 0.0206618
1.1906346423 0.9477 0.0195644
1.19691220883 0.957235 0.0189541
1.20320157735 0.968331 0.0206408
1.20948684444 0.979672 0.0204425
1.21576390207 0.990709 0.0162085
1.22204975517 1.00194 0.0166865
1.22834061662 1.01311 0.0175534
1.23463298658 1.02555 0.0165287
1.24090224718 1.0367 0.0152834
1.24717483914 1.05102 0.0186187
1.25346545993 1.06927 0.0174655
1.25974995189 1.0814 0.0180259
1.26603214313 1.09639 0.0165221
1.27231628847 1.1086 0.015518
1.27860415506 1.12545 0.0177089
1.28488658893 1.14292 0.0175348
1.29117542007 1.15687 0.0154971
1.29746572637 1.17594 0.0169113
1.30374182701 1.19122 0.0165815
1.31001732292 1.20928 0.0167656
1.31630144766 1.22531 0.0163726
1.32258676036 1.24346 0.0154347
1.32886549245 1.26599 0.0152397
1.33514480495 1.28642 0.0162738
1.34144051627 1.30314 0.0150278
1.34773086842 1.32373 0.0154629
1.35400158999 1.34525 0.0148502
1.3602826093 1.36615 0.0154458
1.36656568646 1.38577 0.0150213
1.37285149848 1.40756 0.0145626
1.37913537293 1.42986 0.0138792
1.38540956715 1.44942 0.0151838
1.39169864122 1.47287 0.015168
1.39798445144 1.49581 0.0128043
1.40426788341 1.51719 0.0135924
1.41055477948 1.54064 0.0137813
1.41683783355 1.5643 0.0126516
1.42311817719 1.59039 0.0124753
1.42939780116 1.61363 0.0124957
1.43568692182 1.6408 0.0130245
1.44197712177 1.66229 0.0130345
1.44825366785 1.689 0.0127855
1.45453234897 1.71475 0.0121012
1.46081931915 1.73967 0.0123629
1.4671103644 1.76676 0.0116136
1.47339290895 1.79158 0.0129969
1.47966996524 1.82247 0.0131594
1.4859561446 1.84607 0.0132734
1.49223361076 1.87551 0.0127707
1.49850247038 1.90165 0.0125504
1.50478575205 1.92712 0.0141826
1.51107599189 1.95559 0.0125669
1.51736163499 1.98563 0.0114894
1.52364857097 2.01475 0.0121248
1.52993803572 2.04227 0.0130722
1.53623017691 2.07139 0.0127548
1.54251071878 2.1017 0.0115738
1.54878396308 2.12944 0.0120176
1.55507306978 2.15903 0.0121632
1.56135732493 2.19085 0.0110405
1.56762912105 2.21857 0.0114663
1.5739136974 2.24889 0.0111548
1.58020354523 2.27689 0.0113472
1.58648539343 2.30909 0.0107391
1.59276001426 2.33844 0.0130085
1.59904643639 2.36948 0.0109588
1.60534213664 2.40098 0.0111797
1.61161976836 2.42226 0.0105607
1.61789716835 2.43621 0.0111966
1.62418270854 2.44979 0.010348
1.63046407995 2.46393 0.0108603
1.63674824683 2.47733 0.0123559
1.64303013827 2.49346 0.0110091
1.64930808063 2.50749 0.0120816
1.65559224863 2.52149 0.0125381
1.66187827598 2.53794 0.0119401
1.66816823994 2.55176 0.0116415
1.6744495611 2.56738 0.0109198
1.68072138563 2.58228 0.0122737
1.68701215424 2.59827 0.0121115
1.6933074808 2.61238 0.0132801
1.69958064303 2.62864 0.0128645
1.70586179344 2.64678 0.0124139
1.71215172419 2.66344 0.0126095
1.71843538617 2.67849 0.0121973
1.72471844694 2.69516 0.0115931
1.73099491844 2.71169 0.0117132
1.73728636032 2.7292 0.0119678
1.74356630258 2.74689 0.0129694
1.74983600778 2.76298 0.0129906
1.75612327869 2.78124 0.0122726
1.76241061606 2.80044 0.0126334
1.76869357896 2.81837 0.0116625
1.77497674839 2.83603 0.013138
1.78126362161 2.85526 0.0125025
1.78754574761 2.87419 0.0124324
1.7938272923 2.89179 0.0130141
1.80010772174 2.91326 0.0117567
1.80639091391 2.93144 0.0142899
1.81267451427 2.95023 0.0124257
1.81895363524 2.97036 0.0139758
1.82523850291 2.99232 0.0133095
1.8315236862 3.00951 0.013302
1.83781040898 3.03061 0.0130302
1.84409642612 3.0513 0.013341
1.8503769215 3.07313 0.0146861
1.85666074594 3.09288 0.0123207
1.86294359809 3.1141 0.0144896
1.86922204917 3.13641 0.013797
1.87550781357 3.1559 0.0139455
1.88179499507 3.17888 0.0133374
1.88807781314 3.20063 0.0135665
1.89435244502 3.22274 0.0139129
1.90063796885 3.24418 0.0138138
1.90692833723 3.26701 0.0139593
1.91320221586 3.28986 0.0139395
1.91948223445 3.3151 0.0141345
1.92577010575 3.33543 0.0144075
1.93206491035 3.36161 0.013994
1.93834071151 3.38288 0.0135949
1.94460828613 3.40658 0.0140292
1.9508968614 3.43056 0.0144195
1.95718811973 3.45508 0.0136194
1.96347509207 3.47973 0.0149221
1.9697553281 3.50348 0.0149941
1.9760413775 3.52743 0.015964
1.98233260336 3.55402 0.0141285
1.98861171931 3.57952 0.0146071
1.99488792869 3.60163 0.0156768
2.00117304134 3.62735 0.0154437
2.00745262249 3.65437 0.0164842
2.01372721862 3.67783 0.0148017
2.02001108039 3.70429 0.0167366
2.02630405283 3.72995 0.0162166
2.03258735828 3.75699 0.0177589
2.03886100377 3.78144 0.0161145
2.04514489951 3.80674 0.0152381
2.05143683626 3.83424 0.0163095
2.05772382203 3.85966 0.0158949
2.0640044634 3.88539 0.0168735
2.07029278421 3.91066 0.0175069
2.07658471853 3.93568 0.0170448
2.08285424307 3.96453 0.0190441
2.08912259138 3.98728 0.0195803
2.09541730178 4.01653 0.0168698
2.10170304464 4.04264 0.0178219
2.10797273337 4.06819 0.0171822
2.11425579676 4.095 0.0185787
2.12053788985 4.11848 0.0190686
2.12682075079 4.14699 0.0181957
2.13310670204 4.17062 0.0178161
2.13940011923 4.19967 0.0199477
2.14568939859 4.22421 0.0175535
2.15195789682 4.24795 0.01949
2.15824033347 4.27549 0.0182907
2.16453048092 4.29813 0.0187105
2.17081716829 4.32373 0.018677
2.17709912993 4.34666 0.0190028
2.18337674027 4.36914 0.0192947
2.18965452646 4.39543 0.0177818
2.19593814184 4.41638 0.0214374
2.20221722867 4.44635 0.0198195
2.20849850085 4.46069 0.0205242
2.21479372465 4.49046 0.0204772
2.22107581834 4.50984 0.0220562
2.22733812199 4.52722 0.0208413
2.23362792264 4.55333 0.020986
2.2399287897 4.56956 0.0197366
2.24620084223 4.59541 0.0221188
2.2524810722 4.60802 0.020763
2.25875993301 4.62699 0.022695
2.26503776668 4.64125 0.0223019
2.27130391144 4.65951 0.0209336
2.27758972822 4.67287 0.0224792
2.28389830542 4.68943 0.0250178
2.29017001225 4.71026 0.0255069
2.29645357402 4.72802 0.0251948
2.30275372852 4.74846 0.024103
2.30903325986 4.77147 0.0232464
2.31530674049 4.79149 0.0259422
2.32158490306 4.81427 0.0237586
2.3278758488 4.83202 0.0254215
2.33415543799 4.85665 0.0260635
2.34041936871 4.87596 0.0276821
2.34670710068 4.89855 0.0257136
2.3530032916 4.92034 0.0278756
2.35928989445 4.94769 0.025789
2.36555387699 4.97116 0.0296276
2.37182578571 4.99121 0.0297381
2.3781409032 5.01346 0.0293907
2.38442809259 5.03954 0.0303384
2.39069258243 5.06166 0.0291025
2.39698813839 5.08445 0.0275186
2.40330354843 5.11169 0.0337253
2.40957307365 5.13601 0.0278853
2.41583080138 5.16032 0.0316266
2.42214385676 5.18706 0.0303749
2.42843005755 5.21172 0.0323253
2.43467776878 5.23204 0.0328141
2.44097021258 5.25869 0.0346018
2.44729898127 5.28812 0.0347119
2.45356911846 5.3099 0.037631
2.45980003814 5.33939 0.0363596
2.4661092349 5.36381 0.0363166
2.47241430729 5.38854 0.0378431
2.47866355169 5.41586 0.0397681
2.48493431628 5.44053 0.0343145
2.49124283111 5.46562 0.0379648
2.49755537626 5.49272 0.038798
2.50380379021 5.51597 0.0429031
2.51005045336 5.54427 0.0407543
2.51638815336 5.57328 0.0372276
2.52269694929 5.59148 0.0440637
2.52891211798 5.61538 0.041685
2.53519495098 5.65154 0.0444595
2.54155301509 5.6706 0.0465596
2.54783359884 5.70164 0.043966
2.55402772623 5.72401 0.0487789
2.56033571996 5.7492 0.046443
2.56672381747 5.77298 0.0471208
2.57294751341 5.80414 0.055105
2.57911252531 5.82414 0.0513974
2.58547549612 5.84846 0.0514116
2.59185019505 5.86696 0.05324
2.59805932148 5.89851 0.0594796
2.60429715989 5.91612 0.0577324
2.61067449751 5.94117 0.0538052
2.61693283418 5.97053 0.063214
2.62300854502 5.99664 0.0650862
2.62939753095 6.00927 0.0579606
2.63591057571 6.03788 0.0680949
2.64202978624 6.05605 0.07644
2.64803951219 6.07683 0.0729584
2.65454096229 6.10348 0.0744607
2.66118028258 6.1249 0.0798131
2.66719514746 6.14899 0.0785281
2.67309090101 6.17794 0.0723654
2.67973176445 6.18836 0.0715554
2.68646693102 6.23525 0.0925043
2.69219835647 6.22021 0.109059
2.69796467721 6.22995 0.104682
2.70489193937 6.28858 0.107116
2.71182026315 6.30056 0.114836
2.71709790339 6.29851 0.156896
2.7227864466 6.31899 0.139578
2.72994784687 6.34115 0.151384
2.73706528781 6.36368 0.201253
2.74248820391 6.3756 0.289139
2.74787331837 6.38628 0.230356
2.75504313834 6.4072 0.258112
2.76219934437 6.42604 0.345107
2.76789278819 6.37839 0.653374
2.77283198247 6.37059 0.61501
2.77965581172 6.616 1.46497
2.78599582346 nan nan
