0.0088996412247 0.997061 0.194215
0.0150791221651 0.932051 0.103234
0.0214479018646 0.901968 0.0736189
0.0278366077649 0.925291 0.0568305
0.034350997858 0.954459 0.0501813
0.0404788676143 0.978539 0.050564
0.0467671668358 1.00342 0.0407784
0.0530822510177 1.01296 0.0389913
0.0594536244094 1.00202 0.0328574
0.0657622481459 1.01014 0.0314364
0.071966329067 1.01834 0.0368097
0.0782786091569 1.02359 0.0332345
0.0847039894583 1.04965 0.0315839
0.0909685462053 1.07568 0.0286107
0.0972078977683 1.10395 0.0277449
0.103476303896 1.12261 0.0301707
0.109757644425 1.13683 0.0233603
0.116054308478 1.14542 0.0240301
0.122366966654 1.14801 0.0244921
0.128681726309 1.15116 0.0236917
0.134950080166 1.17449 0.0221047
0.141194955884 1.18466 0.0229261
0.147513357575 1.20226 0.0197931
0.153786507425 1.21914 0.0205024
0.160065754405 1.24079 0.0209238
0.166399116869 1.25339 0.0208026
0.172719564578 1.27068 0.0185966
0.178976521338 1.28485 0.0211997
0.185235369065 1.30381 0.0199094
0.191480678734 1.31425 0.0185606
0.197788986865 1.32799 0.0192336
0.204093773545 1.33777 0.0183756
0.210393930261 1.34887 0.0192714
0.216690970982 1.3556 0.0182299
0.222970028122 1.36207 0.0175057
0.229262002709 1.36876 0.0198158
0.235514150837 1.37178 0.0156366
0.241791058382 1.3785 0.0208092
0.248085653944 1.38087 0.0188387
0.254349225687 1.38674 0.0150295
0.260633425188 1.38615 0.0176217
0.26692573709 1.38548 0.0174999
0.273242334314 1.38342 0.0173939
0.279552968008 1.38028 0.0182847
0.285836629231 1.37679 0.0173809
0.292087627139 1.37253 0.0170701
0.298344984444 1.36338 0.0191956
0.304638263941 1.35838 0.0167545
0.3109279127 1.35251 0.0161503
0.317216817162 1.34867 0.0160336
0.323518756794 1.34295 0.0176848
0.329816821755 1.33518 0.017941
0.336117642946 1.32939 0.0172443
0.342370037571 1.32239 0.0181824
0.348647819267 1.31446 0.018811
0.354941161441 1.31014 0.0169031
0.361191693542 1.29962 0.0178468
0.367476708956 1.29088 0.0165847
0.373764779528 1.28924 0.0189404
0.380065403148 1.27888 0.0176803
0.386353986126 1.27182 0.0164099
0.392614018136 1.26512 0.0186763
0.398926450032 1.25886 0.0152887
0.405207324458 1.33398 0.0156239
0.411491647757 1.24211 0.0175613
0.417781427212 1.23611 0.0169985
0.424040064873 1.22725 0.0150395
0.430342569027 1.22098 0.0191208
0.436635856026 1.21757 0.0166929
0.442899618322 1.20954 0.0150772
0.449163441853 1.20404 0.0185586
0.455441414625 1.19311 0.018266
0.46176344703 1.18549 0.015756
0.468064424202 1.17896 0.0164786
0.474348524276 1.17343 0.0147084
0.480635613682 1.16372 0.0160036
0.486901925839 1.16221 0.0147019
0.49316970996 1.14952 0.0184052
0.499450674714 1.14656 0.0167275
0.505715905134 1.13647 0.0163098
0.511992399627 1.12857 0.0189464
0.518312609777 1.12085 0.0161483
0.524608963803 1.11187 0.0185773
0.530875730848 1.10515 0.0184761
0.537157352795 1.0993 0.0178457
0.543457956378 1.09246 0.0171261
0.549743065239 1.08243 0.0183945
0.55599374275 1.07884 0.0166747
0.562285467661 1.07087 0.0172516
0.568601153723 1.06599 0.0166301
0.574880458942 1.05761 0.0166075
0.581155021034 1.05199 0.0192037
0.587439449666 1.04456 0.018739
0.59371762203 1.03575 0.0174268
0.599997195479 1.03067 0.0171631
0.606267911512 1.02216 0.0184324
0.612546957644 1.01717 0.0195176
0.618847773304 1.01076 0.0191886
0.625131056744 1.00122 0.0169067
0.631402745038 0.996809 0.0166745
0.637700356273 0.987228 0.0203688
0.643985778331 0.984566 0.0182663
0.650268541717 0.973388 0.0189623
0.65655861177 0.970842 0.0202265
0.662836928236 0.960717 0.0191461
0.669118544496 0.955123 0.01893
0.675407019858 0.945836 0.0170213
0.681683551459 0.940742 0.0196784
0.687959253386 0.933762 0.0172825
0.694234431704 0.928676 0.0206483
0.700517540243 0.924535 0.0175637
0.706812495661 0.915861 0.0181247
0.713101900967 0.911145 0.0172214
0.719391825117 0.906334 0.0181678
0.72568338076 0.89978 0.0183841
0.731965268271 0.893744 0.0228835
0.738250799048 0.886884 0.0177052
0.744526584212 0.882169 0.0157178
0.750787110194 0.876546 0.019403
0.757075846532 0.868423 0.01908
0.76336412336 0.862893 0.0201802
0.769646295986 0.860976 0.0213249
0.775939486518 0.852048 0.0182971
0.782232914199 0.848883 0.0200953
0.788531493652 0.842283 0.0188502
0.794789656698 0.836781 0.0223519
0.801049109659 0.831665 0.0209221
0.807336406173 0.829986 0.0203048
0.813622948837 0.821599 0.021596
0.819915299896 0.819444 0.0199221
0.826195263639 0.814162 0.0205903
0.832489707008 0.811705 0.0199655
0.838795930921 0.804548 0.0218042
0.84506346397 0.800236 0.0214715
0.851328286756 0.800735 0.0219429
0.85761982639 0.788264 0.0212495
0.863905847706 0.789457 0.0220097
0.870183874549 0.785453 0.0178991
0.876464109608 0.78439 0.0228975
0.88275038734 0.778221 0.0195382
0.889033276839 0.77491 0.021452
0.895308424711 0.771332 0.0227168
0.901595652167 0.768967 0.0207925
0.907883332809 0.771162 0.0251468
0.914174410632 0.76445 0.0224003
0.920463081772 0.765075 0.025363
0.926743441526 0.761326 0.0231642
0.933032419735 0.759762 0.0215232
0.939326578557 0.758308 0.0246513
0.94559748104 0.756361 0.0222293
0.951866001855 0.755793 0.0216687
0.958141325553 0.753168 0.019728
0.964435094511 0.751746 0.0222495
0.970735563357 0.758291 0.0212584
0.977008076845 0.760492 0.0212532
0.983282332536 0.756918 0.0212225
0.989556969197 0.758485 0.0190432
0.995845630192 0.758321 0.0201366
1.00213621074 0.759914 0.0209881
1.00840482534 0.76199 0.0209944
1.01469414984 0.766963 0.0210762
1.02099255544 0.767543 0.0219244
1.02727398044 0.769794 0.0239277
1.0335591819 0.770218 0.019853
1.03984755739 0.774177 0.0189264
1.04612697494 0.776902 0.0219464
1.05240343681 0.7822 0.0174793
1.05868070465 0.786501 0.0214858
1.06496433307 0.792854 0.024649
1.07125677744 0.79416 0.0210608
1.0775440488 0.797403 0.0201769
1.08382482019 0.804646 0.0223653
1.09010802394 0.809479 0.0209381
1.09638966596 0.818036 0.0197886
1.10268113206 0.822371 0.0210908
1.10896304759 0.828964 0.0208227
1.11522542846 0.839905 0.01936
1.12150212761 0.84738 0.0216413
1.12779257382 0.851876 0.0177773
1.13408955267 0.86131 0.0193687
1.14036404965 0.872298 0.0205519
1.14663918032 0.880518 0.0211079
1.15294241299 0.892148 0.0214722
1.15922890675 0.899622 0.0204608
1.16550872189 0.910559 0.0178492
1.17179307626 0.9207 0.0181347
1.17808743637 0.931723 0.0177134
1.18436765425 0.942591 0.0187181
1.1906346423 0.954077 0.0190393
1.19691220883 0.966389 0.0181458
1.20320157735 0.976815 0.017521
1.20948684444 0.992845 0.0187012
1.21576390207 1.00496 0.0178854
1.22204975517 1.01993 0.0190794
1.22834061662 1.02975 0.0184385
1.23463298658 1.04631 0.0178019
1.24090224718 1.06221 0.01812
1.24717483914 1.07538 0.0157616
1.25346545993 1.09333 0.0158364
1.25974995189 1.10473 0.0157085
1.26603214313 1.12437 0.0140134
1.27231628847 1.1406 0.0159829
1.27860415506 1.15531 0.0170394
1.28488658893 1.173 0.015227
1.29117542007 1.18611 0.0160377
1.29746572637 1.20945 0.0153002
1.30374182701 1.22525 0.0153919
1.31001732292 1.24841 0.0147538
1.31630144766 1.26267 0.0162673
1.32258676036 1.28185 0.013538
1.32886549245 1.30199 0.0141183
1.33514480495 1.32026 0.012821
1.34144051627 1.34181 0.0137421
1.34773086842 1.36086 0.0153061
1.35400158999 1.38236 0.0128688
1.3602826093 1.40419 0.0143716
1.36656568646 1.42569 0.013754
1.37285149848 1.44545 0.0133602
1.37913537293 1.47142 0.0124412
1.38540956715 1.49077 0.0122213
1.39169864122 1.51359 0.0137589
1.39798445144 1.53987 0.012646
1.40426788341 1.55915 0.0119835
1.41055477948 1.58488 0.0113869
1.41683783355 1.60875 0.011643
1.42311817719 1.63273 0.0126206
1.42939780116 1.65559 0.0126867
1.43568692182 1.681 0.0111928
1.44197712177 1.70656 0.0122419
1.44825366785 1.73233 0.0117154
1.45453234897 1.75917 0.0105783
1.46081931915 1.78353 0.0121773
1.4671103644 1.80845 0.0125894
1.47339290895 1.83669 0.012001
1.47966996524 1.86304 0.0116039
1.4859561446 1.88941 0.0124603
1.49223361076 1.91637 0.0119499
1.49850247038 1.94584 0.0104233
1.50478575205 1.97057 0.0104566
1.51107599189 1.99934 0.0119065
1.51736163499 2.02814 0.0103711
1.52364857097 2.05538 0.01125
1.52993803572 2.08436 0.0110027
1.53623017691 2.11246 0.0115843
1.54251071878 2.14193 0.0118578
1.54878396308 2.1717 0.0105992
1.55507306978 2.19987 0.0104485
1.56135732493 2.22897 0.0116423
1.56762912105 2.25834 0.011179
1.5739136974 2.28905 0.0105396
1.58020354523 2.31806 0.0114484
1.58648539343 2.35049 0.0105622
1.59276001426 2.37714 0.00953861
1.59904643639 2.40787 0.0104016
1.60534213664 2.43946 0.00941623
1.61161976836 2.46134 0.0107306
1.61789716835 2.47351 0.0110137
1.62418270854 2.48718 0.0119555
1.63046407995 2.50148 0.00958996
1.63674824683 2.51711 0.0114862
1.64303013827 2.53103 0.0107828
1.64930808063 2.54579 0.0108807
1.65559224863 2.55901 0.0107928
1.66187827598 2.57451 0.0103921
1.66816823994 2.58868 0.0104478
1.6744495611 2.60456 0.011385
1.68072138563 2.61991 0.0120268
1.68701215424 2.6348 0.0114919
1.6933074808 2.6497 0.0116647
1.69958064303 2.66566 0.0119359
1.70586179344 2.68129 0.0114324
1.71215172419 2.69987 0.01091
1.71843538617 2.71363 0.01237
1.72471844694 2.73111 0.0118801
1.73099491844 2.74886 0.0121213
1.73728636032 2.76535 0.0119122
1.74356630258 2.78128 0.012817
1.74983600778 2.80151 0.0116088
1.75612327869 2.81867 0.0125943
1.76241061606 2.835 0.0117651
1.76869357896 2.85305 0.0117602
1.77497674839 2.8716 0.0126509
1.78126362161 2.88806 0.0118448
1.78754574761 2.90765 0.011068
1.7938272923 2.92678 0.01223
1.80010772174 2.94565 0.0121403
1.80639091391 2.96467 0.0128787
1.81267451427 2.98416 0.0126188
1.81895363524 3.0032 0.0113462
1.82523850291 3.02426 0.0122375
1.8315236862 3.04318 0.0125732
1.83781040898 3.06528 0.012921
1.84409642612 3.0848 0.0118606
1.8503769215 3.1044 0.0115439
1.85666074594 3.12472 0.0135302
1.86294359809 3.14596 0.0135237
1.86922204917 3.16761 0.0126511
1.87550781357 3.18852 0.0134722
1.88179499507 3.20964 0.0123213
1.88807781314 3.23272 0.0129276
1.89435244502 3.2528 0.012742
1.90063796885 3.27545 0.0142002
1.90692833723 3.29783 0.0129047
1.91320221586 3.32097 0.0131872
1.91948223445 3.34458 0.0131051
1.92577010575 3.3653 0.0130992
1.93206491035 3.39083 0.0146114
1.93834071151 3.40911 0.0133534
1.94460828613 3.43481 0.0138278
1.9508968614 3.45869 0.0150577
1.95718811973 3.48275 0.0149365
1.96347509207 3.50723 0.0146398
1.9697553281 3.52941 0.0143285
1.9760413775 3.55621 0.0144103
1.98233260336 3.57928 0.0141093
1.98861171931 3.60574 0.0145671
1.99488792869 3.62724 0.0143812
2.00117304134 3.65336 0.0166061
2.00745262249 3.6797 0.0145772
2.01372721862 3.70224 0.0138448
2.02001108039 3.73052 0.0134179
2.02630405283 3.75409 0.016006
2.03258735828 3.77964 0.0147952
2.03886100377 3.80496 0.0155593
2.04514489951 3.82973 0.0151
2.05143683626 3.85681 0.0142299
2.05772382203 3.88163 0.0158238
2.0640044634 3.90825 0.0139612
2.07029278421 3.93349 0.0140049
2.07658471853 3.95852 0.0152365
2.08285424307 3.98837 0.0155678
2.08912259138 4.01033 0.0139397
2.09541730178 4.03739 0.0176469
2.10170304464 4.06323 0.0163778
2.10797273337 4.08655 0.0147989
2.11425579676 4.1157 0.0172585
2.12053788985 4.13775 0.0160639
2.12682075079 4.16786 0.0169257
2.13310670204 4.1899 0.0180257
2.13940011923 4.21657 0.0176454
2.14568939859 4.24404 0.0177201
2.15195789682 4.26539 0.0171429
2.15824033347 4.2936 0.0182818
2.16453048092 4.31449 0.0170755
2.17081716829 4.34176 0.0179064
2.17709912993 4.36544 0.0183226
2.18337674027 4.38672 0.0180935
2.18965452646 4.41376 0.0176886
2.19593814184 4.43225 0.0192258
2.20221722867 4.4603 0.0185464
2.20849850085 4.47712 0.0190446
2.21479372465 4.50565 0.0185513
2.22107581834 4.52441 0.0183724
2.22733812199 4.54664 0.0181189
2.23362792264 4.57018 0.0181469
2.2399287897 4.58782 0.0204408
2.24620084223 4.60812 0.0197095
2.2524810722 4.62363 0.0193989
2.25875993301 4.6431 0.0202848
2.26503776668 4.65797 0.0206814
2.27130391144 4.67398 0.0210836
2.27758972822 4.68885 0.0205954
2.28389830542 4.70615 0.0223883
2.29017001225 4.72645 0.0232846
2.29645357402 4.74527 0.0208626
2.30275372852 4.76247 0.0258734
2.30903325986 4.78329 0.0225032
2.31530674049 4.80479 0.021343
2.32158490306 4.82364 0.0245472
2.3278758488 4.84144 0.0262048
2.33415543799 4.86558 0.0276075
2.34041936871 4.89093 0.0251126
2.34670710068 4.91105 0.0226787
2.3530032916 4.93028 0.0268782
2.35928989445 4.95705 0.026347
2.36555387699 4.98236 0.0284305
2.37182578571 5.00371 0.0279182
2.3781409032 5.02461 0.0280357
2.38442809259 5.04912 0.0287675
2.39069258243 5.07455 0.0286256
2.39698813839 5.09789 0.0280043
2.40330354843 5.1233 0.0285295
2.40957307365 5.14541 0.0265722
2.41583080138 5.17121 0.0303594
2.42214385676 5.19699 0.0275864
2.42843005755 5.22013 0.0294214
2.43467776878 5.24921 0.0296465
2.44097021258 5.26532 0.0285474
2.44729898127 5.30114 0.0335756
2.45356911846 5.32218 0.0309111
2.45980003814 5.34393 0.0310008
2.4661092349 5.37197 0.0359569
2.47241430729 5.3975 0.0325336
2.47866355169 5.42337 0.0338499
2.48493431628 5.44595 0.0366924
2.49124283111 5.46984 0.0378165
2.49755537626 5.49934 0.0358019
2.50380379021 5.52029 0.0351473
2.51005045336 5.54833 0.0402768
2.51638815336 5.57754 0.0370249
2.52269694929 5.60358 0.0420885
2.52891211798 5.63133 0.0370333
2.53519495098 5.64866 0.0353562
2.54155301509 5.67712 0.0384104
2.54783359884 5.70333 0.0460365
2.55402772623 5.73413 0.042003
2.56033571996 5.75107 0.0449342
2.56672381747 5.77866 0.0508178
2.57294751341 5.80323 0.0417779
2.57911252531 5.83184 0.0462017
2.58547549612 5.84685 0.0509724
2.59185019505 5.87422 0.0488509
2.59805932148 5.89382 0.054982
2.60429715989 5.92868 0.0504478
2.61067449751 5.95017 0.0562713
2.61693283418 5.97993 0.0571048
2.62300854502 5.99945 0.0548912
2.62939753095 6.01345 0.0571981
2.63591057571 6.04379 0.0682877
2.64202978624 6.06612 0.06888
2.64803951219 6.0801 0.0721573
2.65454096229 6.10301 0.0684336
2.66118028258 6.14233 0.0767212
2.66719514746 6.15498 0.0847089
2.67309090101 6.1684 0.0788268
2.67973176445 6.18515 0.0864144
2.68646693102 6.23249 0.0937845
2.69219835647 6.23469 0.0997536
2.69796467721 6.24345 0.106633
2.70489193937 6.25836 0.111636
2.71182026315 6.29275 0.107704
2.71709790339 6.31118 0.177739
2.7227864466 6.33591 0.134328
2.72994784687 6.32389 0.145736
2.73706528781 6.36458 0.174329
2.74248820391 6.38158 0.236642
2.74787331837 6.33879 0.208795
2.75504313834 6.439 0.259473
2.76219934437 6.44739 0.367843
2.76789278819 6.36801 0.682044
2.77283198247 6.5012 0.556944
2.77965581172 6.40115 1.30559
2.78599582346 nan nan
