0.0088996412247 0.612028 0.146222
0.0150791221651 0.597741 0.0933227
0.0214479018646 0.597995 0.0533076
0.0278366077649 0.609204 0.0505493
0.034350997858 0.645827 0.0381883
0.0404788676143 0.662682 0.0385527
0.0467671668358 0.695214 0.0392928
0.0530822510177 0.711823 0.0303246
0.0594536244094 0.713539 0.0261777
0.0657622481459 0.722974 0.0265013
0.071966329067 0.742144 0.0275559
0.0782786091569 0.748641 0.0272713
0.0847039894583 0.769895 0.0246811
0.0909685462053 0.788853 0.0262759
0.0972078977683 0.801579 0.0259968
0.103476303896 0.811277 0.0264996
0.109757644425 0.822431 0.0226748
0.116054308478 0.828781 0.0243295
0.122366966654 0.83026 0.0241099
0.128681726309 0.828522 0.0207182
0.134950080166 0.835667 0.0202717
0.141194955884 0.836305 0.0210126
0.147513357575 0.838134 0.0210086
0.153786507425 0.837726 0.0228225
0.160065754405 0.845781 0.0207538
0.166399116869 0.842201 0.0236857
0.172719564578 0.843999 0.018631
0.178976521338 0.84076 0.0212182
0.185235369065 0.844526 0.0208649
0.191480678734 0.839825 0.0232184
0.197788986865 0.842055 0.0219676
0.204093773545 0.838507 0.0207402
0.210393930261 0.838576 0.0218552
0.216690970982 0.83205 0.0216046
0.222970028122 0.831479 0.0212174
0.229262002709 0.832074 0.0243448
0.235514150837 0.82922 0.0219985
0.241791058382 0.826582 0.0237106
0.248085653944 0.825387 0.0252453
0.254349225687 0.827005 0.0242752
0.260633425188 0.826612 0.0222596
0.26692573709 0.82484 0.0226625
0.273242334314 0.822437 0.022064
0.279552968008 0.825039 0.022515
0.285836629231 0.823588 0.0209108
0.292087627139 0.822584 0.0227134
0.298344984444 0.817267 0.0246921
0.304638263941 0.818839 0.0196278
0.3109279127 0.817362 0.0228325
0.317216817162 0.820964 0.0221634
0.323518756794 0.821862 0.0233492
0.329816821755 0.822578 0.0220691
0.336117642946 0.826818 0.0222856
0.342370037571 0.830643 0.0226372
0.348647819267 0.827007 0.0208641
0.354941161441 0.830266 0.0212093
0.361191693542 0.825835 0.020166
0.367476708956 0.831059 0.0212526
0.373764779528 0.833434 0.0256638
0.380065403148 0.833597 0.0233215
0.386353986126 0.835469 0.0205184
0.392614018136 0.837281 0.020235
0.398926450032 0.838415 0.0187009
0.405207324458 0.839884 0.0208626
0.411491647757 0.838591 0.0214516
0.417781427212 0.840049 0.0227284
0.424040064873 0.840636 0.0215688
0.430342569027 0.837806 0.0229501
0.436635856026 0.842981 0.0189881
0.442899618322 0.842417 0.0205929
0.449163441853 0.840645 0.0247973
0.455441414625 0.842341 0.0224992
0.46176344703 0.841575 0.0204114
0.468064424202 0.841547 0.0213934
0.474348524276 0.841512 0.0196846
0.480635613682 0.841281 0.0200318
0.486901925839 0.842714 0.0199304
0.49316970996 0.839322 0.0207436
0.499450674714 0.842366 0.0227828
0.505715905134 0.835894 0.0176726
0.511992399627 0.834101 0.0219801
0.518312609777 0.830819 0.0214096
0.524608963803 0.826455 0.0242588
0.530875730848 0.825584 0.0206258
0.537157352795 0.823049 0.0230632
0.543457956378 0.82087 0.0213132
0.549743065239 0.81602 0.0214924
0.55599374275 0.814219 0.0223184
0.562285467661 0.810386 0.0214062
0.568601153723 0.81251 0.0211956
0.574880458942 0.805447 0.0214845
0.581155021034 0.800632 0.0220366
0.587439449666 0.798232 0.0202079
0.59371762203 0.792367 0.0221611
0.599997195479 0.789751 0.0253763
0.606267911512 0.784713 0.0222668
0.612546957644 0.780493 0.0200903
0.618847773304 0.77744 0.0209302
0.625131056744 0.772876 0.0214799
0.631402745038 0.772304 0.0211504
0.637700356273 0.764031 0.0227678
0.643985778331 0.761566 0.0247359
0.650268541717 0.753792 0.0214785
0.65655861177 0.753196 0.0233448
0.662836928236 0.746714 0.0199559
0.669118544496 0.744041 0.0260703
0.675407019858 0.740254 0.0200792
0.681683551459 0.734892 0.0234385
0.687959253386 0.724623 0.0245889
0.694234431704 0.724151 0.0239191
0.700517540243 0.722704 0.0223646
0.706812495661 0.714779 0.0210297
0.713101900967 0.713168 0.021586
0.719391825117 0.711981 0.0227853
0.72568338076 0.703989 0.0235877
0.731965268271 0.696238 0.0272619
0.738250799048 0.69605 0.0215845
0.744526584212 0.695118 0.0244804
0.750787110194 0.688116 0.0198506
0.757075846532 0.683851 0.0217893
0.76336412336 0.681907 0.0276741
0.769646295986 0.679619 0.0254624
0.775939486518 0.673658 0.0229353
0.782232914199 0.673941 0.0254228
0.788531493652 0.67125 0.0236694
0.794789656698 0.666062 0.0272163
0.801049109659 0.656629 0.0275113
0.807336406173 0.887595 0.0185103
0.813622948837 0.656149 0.0248989
0.819915299896 0.656357 0.0232722
0.826195263639 0.655501 0.0236653
0.832489707008 0.655483 0.0202497
0.838795930921 0.64834 0.0264164
0.84506346397 0.646231 0.0262452
0.851328286756 0.648506 0.0231481
0.85761982639 0.642886 0.0244764
0.863905847706 0.647836 0.0243602
0.870183874549 0.641856 0.0247808
0.876464109608 0.646158 0.026602
0.88275038734 0.641367 0.0251171
0.889033276839 0.641636 0.0237729
0.895308424711 0.640782 0.0252727
0.901595652167 0.639644 0.0261224
0.907883332809 0.644369 0.0263404
0.914174410632 0.640052 0.0245199
0.920463081772 0.645972 0.0245844
0.926743441526 0.642251 0.0273327
0.933032419735 0.646149 0.026307
0.939326578557 0.644874 0.0261183
0.94559748104 0.64958 0.0246096
0.951866001855 0.65127 0.0251046
0.958141325553 0.653955 0.0245205
0.964435094511 0.653573 0.0239306
0.970735563357 0.663242 0.0230429
0.977008076845 0.664091 0.0250255
0.983282332536 0.66481 0.0236541
0.989556969197 0.66935 0.0208235
0.995845630192 0.675209 0.0240091
1.00213621074 0.677713 0.0244569
1.00840482534 0.681157 0.0232071
1.01469414984 0.686872 0.0243539
1.02099255544 0.69052 0.0230075
1.02727398044 0.696906 0.0247717
1.0335591819 0.699054 0.0235887
1.03984755739 0.70545 0.0231347
1.04612697494 0.715129 0.0208343
1.05240343681 0.718567 0.0193374
1.05868070465 0.725899 0.021723
1.06496433307 0.735377 0.02525
1.07125677744 0.73872 0.0214164
1.0775440488 0.744389 0.0224933
1.08382482019 0.75569 0.0227238
1.09010802394 0.763291 0.0220696
1.09638966596 0.772937 0.0209671
1.10268113206 0.777896 0.0224701
1.10896304759 0.787221 0.0222974
1.11522542846 0.798939 0.0207352
1.12150212761 0.810246 0.0212758
1.12779257382 0.816651 0.0190167
1.13408955267 0.830193 0.0194121
1.14036404965 0.843336 0.0225813
1.14663918032 0.850698 0.0183712
1.15294241299 0.865314 0.0214099
1.15922890675 0.873751 0.0186334
1.16550872189 0.88403 0.0184269
1.17179307626 0.896309 0.0184137
1.17808743637 0.912759 0.0185222
1.18436765425 0.924198 0.019026
1.1906346423 0.934723 0.0176775
1.19691220883 0.950126 0.0152795
1.20320157735 0.958209 0.0161579
1.20948684444 0.976591 0.0182193
1.21576390207 0.992136 0.0158225
1.22204975517 1.00713 0.0155242
1.22834061662 1.0222 0.0179841
1.23463298658 1.03784 0.0174929
1.24090224718 1.05141 0.0180453
1.24717483914 1.06347 0.016423
1.25346545993 1.08713 0.0150441
1.25974995189 1.09951 0.0158958
1.26603214313 1.11933 0.0152318
1.27231628847 1.13443 0.0123136
1.27860415506 1.14952 0.01653
1.28488658893 1.16974 0.0147533
1.29117542007 1.18418 0.0149013
1.29746572637 1.20778 0.0139413
1.30374182701 1.22442 0.0138856
1.31001732292 1.24667 0.0133442
1.31630144766 1.26402 0.0159645
1.32258676036 1.28342 0.0143433
1.32886549245 1.30384 0.0137893
1.33514480495 1.32274 0.0124693
1.34144051627 1.34442 0.0123055
1.34773086842 1.36445 0.0149124
1.35400158999 1.38628 0.0142606
1.3602826093 1.40835 0.0125729
1.36656568646 1.4286 0.0124884
1.37285149848 1.44919 0.013371
1.37913537293 1.47412 0.0123863
1.38540956715 1.49681 0.0117796
1.39169864122 1.51701 0.0130256
1.39798445144 1.54435 0.0119824
1.40426788341 1.56593 0.0125266
1.41055477948 1.58944 0.0121253
1.41683783355 1.61497 0.0119251
1.42311817719 1.63729 0.0117839
1.42939780116 1.66202 0.0133662
1.43568692182 1.68562 0.0132442
1.44197712177 1.71268 0.0119331
1.44825366785 1.73999 0.0116003
1.45453234897 1.76542 0.0106508
1.46081931915 1.78996 0.0116961
1.4671103644 1.81479 0.0111541
1.47339290895 1.84271 0.0121364
1.47966996524 1.87002 0.0115588
1.4859561446 1.89647 0.0125846
1.49223361076 1.92341 0.0114593
1.49850247038 1.95081 0.0113759
1.50478575205 1.97815 0.011066
1.51107599189 2.00671 0.0115319
1.51736163499 2.03533 0.0102019
1.52364857097 2.06244 0.0101214
1.52993803572 2.09027 0.0104477
1.53623017691 2.11768 0.010634
1.54251071878 2.14793 0.010864
1.54878396308 2.17768 0.0103315
1.55507306978 2.20494 0.0107793
1.56135732493 2.2357 0.0112124
1.56762912105 2.26472 0.0122147
1.5739136974 2.29493 0.0104563
1.58020354523 2.32427 0.0104182
1.58648539343 2.35486 0.00979049
1.59276001426 2.38311 0.0106283
1.59904643639 2.4127 0.0108269
1.60534213664 2.44559 0.0101343
1.61161976836 2.47056 0.0113065
1.61789716835 2.4795 0.0103361
1.62418270854 2.49288 0.0118051
1.63046407995 2.50806 0.0091443
1.63674824683 2.52318 0.0106476
1.64303013827 2.53626 0.0104057
1.64930808063 2.55045 0.0109926
1.65559224863 2.56522 0.0115894
1.66187827598 2.58014 0.011157
1.66816823994 2.59528 0.0120371
1.6744495611 2.61016 0.0105803
1.68072138563 2.62502 0.0105486
1.68701215424 2.64083 0.0112643
1.6933074808 2.65697 0.010216
1.69958064303 2.67169 0.0109792
1.70586179344 2.68689 0.0106052
1.71215172419 2.7058 0.0124015
1.71843538617 2.71966 0.0116878
1.72471844694 2.73642 0.0120756
1.73099491844 2.75463 0.0115412
1.73728636032 2.77107 0.0126283
1.74356630258 2.78725 0.0129555
1.74983600778 2.80641 0.0122578
1.75612327869 2.82386 0.012525
1.76241061606 2.83984 0.0127639
1.76869357896 2.85857 0.0122684
1.77497674839 2.8762 0.0121381
1.78126362161 2.89245 0.0120526
1.78754574761 2.91119 0.011586
1.7938272923 2.93199 0.0118897
1.80010772174 2.94939 0.0124843
1.80639091391 2.96913 0.0134979
1.81267451427 2.98807 0.013746
1.81895363524 3.00784 0.0131295
1.82523850291 3.02824 0.0127575
1.8315236862 3.04647 0.0122135
1.83781040898 3.068 0.0120576
1.84409642612 3.08702 0.0126424
1.8503769215 3.10719 0.0121234
1.85666074594 3.12702 0.013943
1.86294359809 3.14753 0.0139486
1.86922204917 3.16875 0.0120129
1.87550781357 3.19112 0.0134133
1.88179499507 3.21159 0.0128618
1.88807781314 3.23356 0.0122256
1.89435244502 3.25403 0.0131946
1.90063796885 3.27711 0.0136814
1.90692833723 3.29837 0.0128901
1.91320221586 3.32228 0.0135296
1.91948223445 3.34351 0.013991
1.92577010575 3.36523 0.0135552
1.93206491035 3.38959 0.015228
1.93834071151 3.40964 0.0139895
1.94460828613 3.43447 0.0146956
1.9508968614 3.4574 0.0149322
1.95718811973 3.48126 0.0151938
1.96347509207 3.50531 0.0146267
1.9697553281 3.52729 0.0141349
1.9760413775 3.55451 0.0153735
1.98233260336 3.57622 0.0144839
1.98861171931 3.60284 0.0144327
1.99488792869 3.62479 0.0143369
2.00117304134 3.65105 0.0154942
2.00745262249 3.67566 0.0159894
2.01372721862 3.69906 0.0142798
2.02001108039 3.72735 0.0133808
2.02630405283 3.74956 0.0162043
2.03258735828 3.77497 0.014776
2.03886100377 3.80096 0.0157635
2.04514489951 3.82442 0.0155699
2.05143683626 3.85198 0.0160773
2.05772382203 3.87797 0.0156477
2.0640044634 3.90247 0.0157012
2.07029278421 3.928 0.0144924
2.07658471853 3.95236 0.0155013
2.08285424307 3.9813 0.017217
2.08912259138 4.00164 0.0150163
2.09541730178 4.031 0.015929
2.10170304464 4.05635 0.0170686
2.10797273337 4.08007 0.0163428
2.11425579676 4.10762 0.0164881
2.12053788985 4.1304 0.0184867
2.12682075079 4.15974 0.0160976
2.13310670204 4.18244 0.0176963
2.13940011923 4.20744 0.0180106
2.14568939859 4.2355 0.0172108
2.15195789682 4.25674 0.0170947
2.15824033347 4.28389 0.017846
2.16453048092 4.30529 0.0169687
2.17081716829 4.33364 0.018333
2.17709912993 4.35514 0.018884
2.18337674027 4.37741 0.019231
2.18965452646 4.40462 0.0184053
2.19593814184 4.42261 0.019345
2.20221722867 4.44922 0.0184167
2.20849850085 4.46675 0.0198708
2.21479372465 4.49492 0.0189671
2.22107581834 4.51346 0.0191992
2.22733812199 4.53498 0.0181997
2.23362792264 4.55848 0.0193737
2.2399287897 4.57589 0.0201021
2.24620084223 4.59646 0.0197022
2.2524810722 4.60911 0.0203501
2.25875993301 4.6294 0.0202941
2.26503776668 4.64471 0.0209308
2.27130391144 4.66204 0.0214984
2.27758972822 4.6751 0.0206122
2.28389830542 4.69248 0.0222224
2.29017001225 4.71231 0.0235831
2.29645357402 4.729 0.0212589
2.30275372852 4.7461 0.0237513
2.30903325986 4.76811 0.0227764
2.31530674049 4.78996 0.0231782
2.32158490306 4.80779 0.0239191
2.3278758488 4.82723 0.0230782
2.33415543799 4.85052 0.0272779
2.34041936871 4.87367 0.0242234
2.34670710068 4.89657 0.0245969
2.3530032916 4.91574 0.0270886
2.35928989445 4.94031 0.0300291
2.36555387699 4.96407 0.029838
2.37182578571 4.98537 0.0263647
2.3781409032 5.00628 0.0272465
2.38442809259 5.03017 0.0282532
2.39069258243 5.05796 0.0286504
2.39698813839 5.08021 0.028072
2.40330354843 5.10352 0.0308776
2.40957307365 5.12704 0.0280373
2.41583080138 5.14752 0.0300066
2.42214385676 5.17569 0.0289162
2.42843005755 5.19949 0.0309446
2.43467776878 5.22638 0.0291794
2.44097021258 5.24767 0.0303136
2.44729898127 5.27783 0.0326419
2.45356911846 5.30272 0.0309809
2.45980003814 5.32064 0.0344518
2.4661092349 5.35044 0.0370402
2.47241430729 5.372 0.0335538
2.47866355169 5.39961 0.0337981
2.48493431628 5.4234 0.0365937
2.49124283111 5.44997 0.0406211
2.49755537626 5.47572 0.0345757
2.50380379021 5.4967 0.0379388
2.51005045336 5.52686 0.0430315
2.51638815336 5.55136 0.0352239
2.52269694929 5.5753 0.0437512
2.52891211798 5.60398 0.0378204
2.53519495098 5.62253 0.0412823
2.54155301509 5.65389 0.0415541
2.54783359884 5.67852 0.0487724
2.55402772623 5.70554 0.0477583
2.56033571996 5.72501 0.0450231
2.56672381747 5.75717 0.0492971
2.57294751341 5.77335 0.0487015
2.57911252531 5.80256 0.0438969
2.58547549612 5.81983 0.0524383
2.59185019505 5.84808 0.0520064
2.59805932148 5.87284 0.0543008
2.60429715989 5.90238 0.0552893
2.61067449751 5.92921 0.055615
2.61693283418 5.95203 0.0589502
2.62300854502 5.96802 0.0633049
2.62939753095 5.98419 0.0608766
2.63591057571 6.01699 0.0631257
2.64202978624 6.03352 0.072752
2.64803951219 6.05428 0.067679
2.65454096229 6.07355 0.0736926
2.66118028258 6.10002 0.0741538
2.66719514746 6.12016 0.0881971
2.67309090101 6.14243 0.0890755
2.67973176445 6.15774 0.089062
2.68646693102 6.1957 0.0932962
2.69219835647 6.19918 0.0879518
2.69796467721 6.20552 0.0932036
2.70489193937 6.23221 0.106421
2.71182026315 6.26828 0.120558
2.71709790339 6.28666 0.169078
2.7227864466 6.30007 0.131296
2.72994784687 6.29948 0.147914
2.73706528781 6.34002 0.171176
2.74248820391 6.34798 0.248176
2.74787331837 6.33904 0.225205
2.75504313834 6.3863 0.278867
2.76219934437 6.37021 0.342088
2.76789278819 6.37924 0.60901
2.77283198247 6.44719 0.528492
2.77965581172 6.50918 1.40056
2.78599582346 nan nan
