0.0088996412247 1.4322 0.070784
0.0150791221651 1.42755 0.0381999
0.0214479018646 1.42741 0.0249074
0.0278366077649 1.42672 0.0253594
0.034350997858 1.42674 0.0174121
0.0404788676143 1.42298 0.0181405
0.0467671668358 1.42105 0.017028
0.0530822510177 1.42094 0.0142494
0.0594536244094 1.41874 0.0140015
0.0657622481459 1.41825 0.0143661
0.071966329067 1.41908 0.0128591
0.0782786091569 1.41848 0.0110035
0.0847039894583 1.41255 0.0117232
0.0909685462053 1.40995 0.0112004
0.0972078977683 1.40516 0.0123718
0.103476303896 1.40104 0.0117873
0.109757644425 1.40144 0.0113309
0.116054308478 1.39835 0.0110279
0.122366966654 1.39733 0.0123604
0.128681726309 1.39416 0.0112648
0.134950080166 1.39013 0.0117008
0.141194955884 1.38425 0.0104125
0.147513357575 1.37875 0.0099961
0.153786507425 1.37315 0.0106985
0.160065754405 1.36778 0.00984282
0.166399116869 1.36172 0.0101259
0.172719564578 1.35662 0.0107568
0.178976521338 1.35214 0.00978755
0.185235369065 1.35057 0.0114359
0.191480678734 1.34416 0.0114953
0.197788986865 1.34085 0.0102038
0.204093773545 1.33174 0.0100854
0.210393930261 1.32855 0.00896834
0.216690970982 1.31931 0.0105436
0.222970028122 1.31323 0.0117412
0.229262002709 1.3072 0.0107571
0.235514150837 1.29952 0.0102208
0.241791058382 1.29478 0.0101864
0.248085653944 1.28875 0.0105037
0.254349225687 1.28218 0.0100059
0.260633425188 1.27622 0.0100835
0.26692573709 1.26953 0.0104975
0.273242334314 1.26296 0.0088431
0.279552968008 1.2555 0.0104442
0.285836629231 1.24885 0.0111689
0.292087627139 1.24347 0.0101022
0.298344984444 1.23609 0.00998217
0.304638263941 1.22568 0.00910535
0.3109279127 1.22041 0.00990793
0.317216817162 1.21428 0.0109981
0.323518756794 1.20691 0.0115699
0.329816821755 1.20029 0.0098348
0.336117642946 1.1937 0.00967017
0.342370037571 1.18785 0.0101547
0.348647819267 1.17746 0.010566
0.354941161441 1.1716 0.00947956
0.361191693542 1.1633 0.00916256
0.367476708956 1.15706 0.0103084
0.373764779528 1.15052 0.010042
0.380065403148 1.14107 0.010369
0.386353986126 1.13572 0.00952491
0.392614018136 1.12638 0.00932969
0.398926450032 1.12278 0.00885003
0.405207324458 1.11336 0.00841634
0.411491647757 1.10599 0.00976614
0.417781427212 1.09966 0.0103527
0.424040064873 1.0911 0.0101229
0.430342569027 1.08416 0.0110521
0.436635856026 1.07807 0.0102514
0.442899618322 1.07083 0.00962698
0.449163441853 1.06348 0.0113035
0.455441414625 1.0551 0.0107757
0.46176344703 1.04859 0.00889329
0.468064424202 1.03988 0.00994625
0.474348524276 1.03428 0.00852962
0.480635613682 1.02772 0.00941377
0.486901925839 1.02162 0.0090796
0.49316970996 1.01109 0.0107666
0.499450674714 1.00758 0.0112617
0.505715905134 0.996883 0.0101709
0.511992399627 0.991974 0.0102696
0.518312609777 0.983478 0.00971506
0.524608963803 0.97425 0.0113256
0.530875730848 0.969798 0.0105884
0.537157352795 0.963315 0.00944668
0.543457956378 0.955241 0.00907338
0.549743065239 0.94763 0.0102721
0.55599374275 0.940211 0.00998127
0.562285467661 0.935082 0.00942864
0.568601153723 0.92756 0.00914986
0.574880458942 0.918811 0.0101439
0.581155021034 0.912983 0.00989681
0.587439449666 0.904406 0.0105084
0.59371762203 0.897731 0.0102309
0.599997195479 0.892545 0.0103054
0.606267911512 0.884538 0.0101856
0.612546957644 0.877373 0.010749
0.618847773304 0.871163 0.0103463
0.625131056744 0.864285 0.0101686
0.631402745038 0.858544 0.010135
0.637700356273 0.851234 0.0117333
0.643985778331 0.844117 0.0108758
0.650268541717 0.8373 0.0102095
0.65655861177 0.831884 0.0124354
0.662836928236 0.824568 0.011317
0.669118544496 0.816888 0.0106771
0.675407019858 0.812412 0.00970509
0.681683551459 0.803877 0.0116665
0.687959253386 0.796767 0.0121715
0.694234431704 0.790102 0.0103396
0.700517540243 0.786197 0.0120732
0.706812495661 0.778059 0.0107257
0.713101900967 0.770949 0.0107527
0.719391825117 0.765211 0.0118376
0.72568338076 0.758533 0.0111288
0.731965268271 0.751829 0.013594
0.738250799048 0.746759 0.0100596
0.744526584212 0.739588 0.0107086
0.750787110194 0.735578 0.0105989
0.757075846532 0.726424 0.0130754
0.76336412336 0.723636 0.0131204
0.769646295986 0.716824 0.0115869
0.775939486518 0.712705 0.0118336
0.782232914199 0.707077 0.0122421
0.788531493652 0.699757 0.010819
0.794789656698 0.692833 0.0131962
0.801049109659 0.689009 0.0122879
0.807336406173 0.683878 0.0100184
0.813622948837 0.678316 0.013632
0.819915299896 0.67145 0.014568
0.826195263639 0.668357 0.0108929
0.832489707008 0.663369 0.0121735
0.838795930921 0.655576 0.0126285
0.84506346397 0.65189 0.0142004
0.851328286756 0.648306 0.0119759
0.85761982639 0.640214 0.0109232
0.863905847706 0.637536 0.0126877
0.870183874549 0.632759 0.0133949
0.876464109608 0.627928 0.0136377
0.88275038734 0.624673 0.0134302
0.889033276839 0.618228 0.0119437
0.895308424711 0.613719 0.0132585
0.901595652167 0.609681 0.0162028
0.907883332809 0.60673 0.013024
0.914174410632 0.601488 0.0145671
0.920463081772 0.598863 0.0135657
0.926743441526 0.596595 0.0144691
0.933032419735 0.592065 0.0122233
0.939326578557 0.588138 0.0142343
0.94559748104 0.586743 0.0136504
0.951866001855 0.58409 0.0143198
0.958141325553 0.578479 0.0120767
0.964435094511 0.577823 0.0131835
0.970735563357 0.576238 0.0139866
0.977008076845 0.575323 0.0147181
0.983282332536 0.569961 0.0146858
0.989556969197 0.570838 0.013564
0.995845630192 0.569657 0.0133926
1.00213621074 0.568472 0.0150753
1.00840482534 0.568967 0.0142739
1.01469414984 0.565221 0.0140349
1.02099255544 0.56537 0.01411
1.02727398044 0.567241 0.0150276
1.0335591819 0.565201 0.0143298
1.03984755739 0.568409 0.0143516
1.04612697494 0.567935 0.0145804
1.05240343681 0.566298 0.0130105
1.05868070465 0.567759 0.0143572
1.06496433307 0.570884 0.0150602
1.07125677744 0.568703 0.0149952
1.0775440488 0.571926 0.0159143
1.08382482019 0.572619 0.0149731
1.09010802394 0.577273 0.0140082
1.09638966596 0.581329 0.0157417
1.10268113206 0.581681 0.0149549
1.10896304759 0.584691 0.0124644
1.11522542846 0.589886 0.01456
1.12150212761 0.593657 0.0158572
1.12779257382 0.596347 0.0142321
1.13408955267 0.603883 0.0144793
1.14036404965 0.608123 0.0131767
1.14663918032 0.612822 0.0139881
1.15294241299 0.618844 0.0125281
1.15922890675 0.623678 0.0129277
1.16550872189 0.629986 0.0131396
1.17179307626 0.635156 0.0123542
1.17808743637 0.644451 0.0130015
1.18436765425 0.647978 0.0140215
1.1906346423 0.656101 0.0134513
1.19691220883 0.664749 0.0130974
1.20320157735 0.670887 0.0138735
1.20948684444 0.682068 0.0134808
1.21576390207 0.690806 0.0131579
1.22204975517 0.698152 0.0108255
1.22834061662 0.706869 0.0123954
1.23463298658 0.716924 0.0120434
1.24090224718 0.726574 0.0110503
1.24717483914 0.736312 0.0116664
1.25346545993 0.749279 0.0117816
1.25974995189 0.756412 0.010969
1.26603214313 0.768881 0.0109692
1.27231628847 0.778594 0.00966145
1.27860415506 0.790057 0.01003
1.28488658893 0.803957 0.0103811
1.29117542007 0.813152 0.0107116
1.29746572637 0.827575 0.0100249
1.30374182701 0.838679 0.010736
1.31001732292 0.852741 0.0107422
1.31630144766 0.863512 0.0109662
1.32258676036 0.877214 0.00967648
1.32886549245 0.892523 0.00896099
1.33514480495 0.907209 0.00916401
1.34144051627 0.919821 0.00963187
1.34773086842 0.935871 0.00948467
1.35400158999 0.94995 0.00929261
1.3602826093 0.965004 0.00943229
1.36656568646 0.97882 0.00993108
1.37285149848 0.995103 0.00907308
1.37913537293 1.01142 0.00892975
1.38540956715 1.0257 0.00831035
1.39169864122 1.04136 0.00849213
1.39798445144 1.05955 0.00802065
1.40426788341 1.07501 0.00852798
1.41055477948 1.09201 0.00832725
1.41683783355 1.10858 0.00741425
1.42311817719 1.12565 0.00820752
1.42939780116 1.14293 0.0089204
1.43568692182 1.16157 0.0083037
1.44197712177 1.1794 0.00786803
1.44825366785 1.19659 0.00719952
1.45453234897 1.21545 0.00730754
1.46081931915 1.23367 0.00800487
1.4671103644 1.25213 0.00815223
1.47339290895 1.27022 0.00769724
1.47966996524 1.29123 0.00762796
1.4859561446 1.30917 0.00822106
1.49223361076 1.32886 0.0077674
1.49850247038 1.34954 0.00723677
1.50478575205 1.36638 0.00760812
1.51107599189 1.38728 0.007325
1.51736163499 1.40798 0.00672726
1.52364857097 1.42802 0.0074754
1.52993803572 1.44838 0.00747504
1.53623017691 1.46894 0.00740688
1.54251071878 1.48948 0.00670298
1.54878396308 1.50998 0.00697221
1.55507306978 1.53141 0.0079393
1.56135732493 1.55276 0.00718821
1.56762912105 1.57352 0.00727751
1.5739136974 1.59421 0.00675808
1.58020354523 1.61527 0.0070124
1.58648539343 1.63748 0.00637454
1.59276001426 1.65777 0.00722894
1.59904643639 1.67954 0.00645058
1.60534213664 1.70214 0.00678402
1.61161976836 1.71736 0.00640466
1.61789716835 1.72685 0.00659332
1.62418270854 1.7367 0.00653871
1.63046407995 1.74671 0.00631161
1.63674824683 1.75699 0.00685652
1.64303013827 1.76691 0.00726859
1.64930808063 1.77726 0.00695035
1.65559224863 1.78746 0.00708578
1.66187827598 1.79793 0.00736174
1.66816823994 1.8086 0.00697736
1.6744495611 1.81917 0.00646487
1.68072138563 1.83046 0.00690661
1.68701215424 1.84163 0.00731385
1.6933074808 1.85166 0.00782115
1.69958064303 1.86305 0.00760116
1.70586179344 1.87431 0.00723859
1.71215172419 1.88736 0.00822506
1.71843538617 1.89797 0.00680856
1.72471844694 1.90956 0.00745444
1.73099491844 1.92152 0.00712629
1.73728636032 1.93474 0.00815044
1.74356630258 1.94544 0.00770386
1.74983600778 1.95885 0.0073749
1.75612327869 1.97159 0.00743554
1.76241061606 1.98461 0.00796016
1.76869357896 1.99685 0.00692166
1.77497674839 2.00957 0.00727526
1.78126362161 2.02183 0.00777771
1.78754574761 2.03521 0.00741662
1.7938272923 2.0495 0.00788117
1.80010772174 2.0635 0.00727028
1.80639091391 2.07707 0.00857972
1.81267451427 2.09046 0.00735898
1.81895363524 2.10445 0.00749995
1.82523850291 2.11946 0.00858547
1.8315236862 2.13252 0.00796478
1.83781040898 2.14808 0.00762914
1.84409642612 2.16179 0.00733191
1.8503769215 2.17654 0.00861112
1.85666074594 2.19143 0.0079193
1.86294359809 2.20539 0.00833431
1.86922204917 2.22079 0.00814313
1.87550781357 2.23624 0.00916983
1.88179499507 2.25188 0.00803547
1.88807781314 2.26747 0.00797605
1.89435244502 2.28232 0.007994
1.90063796885 2.29845 0.00860986
1.90692833723 2.31397 0.00848953
1.91320221586 2.33065 0.0083793
1.91948223445 2.34755 0.00865094
1.92577010575 2.36292 0.00855464
1.93206491035 2.38081 0.00857052
1.93834071151 2.39556 0.0077846
1.94460828613 2.41262 0.00828166
1.9508968614 2.42976 0.00826539
1.95718811973 2.44662 0.00823706
1.96347509207 2.46364 0.00861822
1.9697553281 2.4803 0.00892198
1.9760413775 2.49897 0.00929881
1.98233260336 2.51581 0.00876398
1.98861171931 2.53459 0.00878208
1.99488792869 2.54986 0.00879975
2.00117304134 2.56842 0.00939904
2.00745262249 2.58682 0.00926534
2.01372721862 2.60434 0.0085291
2.02001108039 2.62378 0.00884796
2.02630405283 2.64108 0.0108549
2.03258735828 2.65947 0.00932822
2.03886100377 2.67618 0.00947906
2.04514489951 2.69471 0.00975221
2.05143683626 2.71406 0.00928747
2.05772382203 2.73302 0.00944745
2.0640044634 2.74993 0.00910657
2.07029278421 2.76782 0.00945359
2.07658471853 2.78633 0.00930835
2.08285424307 2.80722 0.0101404
2.08912259138 2.82278 0.0103725
2.09541730178 2.84318 0.0104678
2.10170304464 2.86051 0.0107963
2.10797273337 2.87859 0.00960044
2.11425579676 2.89789 0.0113502
2.12053788985 2.91477 0.0112766
2.12682075079 2.93496 0.0105213
2.13310670204 2.95116 0.0113088
2.13940011923 2.97086 0.0117983
2.14568939859 2.99081 0.0107338
2.15195789682 3.00622 0.0109257
2.15824033347 3.02514 0.0117297
2.16453048092 3.0404 0.0113513
2.17081716829 3.06013 0.0110917
2.17709912993 3.07623 0.010841
2.18337674027 3.09181 0.0116387
2.18965452646 3.11081 0.00990108
2.19593814184 3.12434 0.0119876
2.20221722867 3.14542 0.0115676
2.20849850085 3.15689 0.0123574
2.21479372465 3.17714 0.0121165
2.22107581834 3.19112 0.0129618
2.22733812199 3.20493 0.0117721
2.23362792264 3.22108 0.0122139
2.2399287897 3.23422 0.0128372
2.24620084223 3.25071 0.0131376
2.2524810722 3.25949 0.012971
2.25875993301 3.27385 0.0133563
2.26503776668 3.28453 0.01234
2.27130391144 3.29663 0.011589
2.27758972822 3.30632 0.0137793
2.28389830542 3.3182 0.0145114
2.29017001225 3.33345 0.0152976
2.29645357402 3.346 0.0147638
2.30275372852 3.35923 0.0152283
2.30903325986 3.37506 0.0143169
2.31530674049 3.39031 0.0138783
2.32158490306 3.40481 0.0138644
2.3278758488 3.4173 0.0154729
2.33415543799 3.43466 0.0157836
2.34041936871 3.44959 0.0163094
2.34670710068 3.46567 0.0145323
2.3530032916 3.48128 0.0173499
2.35928989445 3.49893 0.01574
2.36555387699 3.51785 0.0187183
2.37182578571 3.52949 0.0177523
2.3781409032 3.54683 0.0160853
2.38442809259 3.56394 0.0170729
2.39069258243 3.58052 0.017448
2.39698813839 3.59783 0.0194571
2.40330354843 3.61508 0.0195758
2.40957307365 3.63482 0.0148007
2.41583080138 3.64988 0.0199474
2.42214385676 3.6683 0.018712
2.42843005755 3.68705 0.0186428
2.43467776878 3.70432 0.0200285
2.44097021258 3.71906 0.0222733
2.44729898127 3.74217 0.019125
2.45356911846 3.75816 0.0190826
2.45980003814 3.77483 0.0220015
2.4661092349 3.79243 0.0221434
2.47241430729 3.80946 0.0204946
2.47866355169 3.82926 0.0222355
2.48493431628 3.84606 0.0203225
2.49124283111 3.8661 0.0233992
2.49755537626 3.88416 0.0218737
2.50380379021 3.90003 0.02518
2.51005045336 3.92119 0.0272049
2.51638815336 3.94042 0.0236892
2.52269694929 3.95681 0.0266082
2.52891211798 3.9768 0.0263822
2.53519495098 3.99328 0.02629
2.54155301509 4.01082 0.0269248
2.54783359884 4.03013 0.0285166
2.55402772623 4.04887 0.028658
2.56033571996 4.06546 0.0294307
2.56672381747 4.08506 0.0293393
2.57294751341 4.10052 0.0329133
2.57911252531 4.12015 0.0288046
2.58547549612 4.13167 0.0329785
2.59185019505 4.15314 0.0305875
2.59805932148 4.16722 0.0350662
2.60429715989 4.18743 0.0323254
2.61067449751 4.20736 0.0358703
2.61693283418 4.22418 0.0374086
2.62300854502 4.23745 0.0404231
2.62939753095 4.24816 0.0376922
2.63591057571 4.26849 0.0436604
2.64202978624 4.28322 0.0452893
2.64803951219 4.2981 0.0415392
2.65454096229 4.31812 0.0443545
2.66118028258 4.33665 0.0494468
2.66719514746 4.34758 0.0526282
2.67309090101 4.36157 0.0478985
2.67973176445 4.3766 0.048865
2.68646693102 4.40358 0.0604419
2.69219835647 4.39422 0.0565952
2.69796467721 4.40156 0.06099
2.70489193937 4.44053 0.0718797
2.71182026315 4.45383 0.0725523
2.71709790339 4.45862 0.10261
2.7227864466 4.47409 0.0810687
2.72994784687 4.47104 0.0875228
2.73706528781 4.50047 0.112139
2.74248820391 4.51165 0.16806
2.74787331837 4.51155 0.155498
2.75504313834 4.54567 0.167022
2.76219934437 4.53621 0.210148
2.76789278819 4.48498 0.417879
2.77283198247 4.55849 0.337556
2.77965581172 4.49654 0.907537
2.78599582346 nan nan
