0.0088996412247 3.44277 0.165264
0.0150791221651 3.42512 0.111822
0.0214479018646 3.39974 0.0633996
0.0278366077649 3.39371 0.0552756
0.034350997858 3.35983 0.0491707
0.0404788676143 3.32389 0.0494746
0.0467671668358 3.29124 0.0436279
0.0530822510177 3.24496 0.0426512
0.0594536244094 3.19574 0.0326699
0.0657622481459 3.14804 0.0319001
0.071966329067 3.09815 0.0315696
0.0782786091569 3.04584 0.0304286
0.0847039894583 2.98306 0.0265988
0.0909685462053 2.93696 0.0315351
0.0972078977683 2.88563 0.0325946
0.103476303896 2.82476 0.0257092
0.109757644425 2.7649 0.0266124
0.116054308478 2.69865 0.0242287
0.122366966654 2.63565 0.0255806
0.128681726309 2.57063 0.0226992
0.134950080166 2.50609 0.0244712
0.141194955884 2.45537 0.0218597
0.147513357575 2.40442 0.0211155
0.153786507425 2.35663 0.0215624
0.160065754405 2.30018 0.0210133
0.166399116869 2.25374 0.0221956
0.172719564578 2.20104 0.0174407
0.178976521338 2.154 0.0177017
0.185235369065 2.10634 0.0212414
0.191480678734 2.0636 0.019456
0.197788986865 2.02675 0.0179984
0.204093773545 1.98708 0.0182271
0.210393930261 1.95751 0.0175852
0.216690970982 1.92772 0.0179267
0.222970028122 1.90099 0.0173491
0.229262002709 1.87613 0.0183072
0.235514150837 1.84965 0.0169463
0.241791058382 1.83002 0.0156376
0.248085653944 1.80976 0.0177399
0.254349225687 1.7879 0.0175577
0.260633425188 1.7734 0.0159912
0.26692573709 1.7596 0.0151112
0.273242334314 1.74633 0.0138666
0.279552968008 1.73707 0.0154677
0.285836629231 1.72559 0.016012
0.292087627139 1.72095 0.0153188
0.298344984444 1.71271 0.0159124
0.304638263941 1.70177 0.0153723
0.3109279127 1.69698 0.0138038
0.317216817162 1.68893 0.0153664
0.323518756794 1.6845 0.0163034
0.329816821755 1.68205 0.0135778
0.336117642946 1.67772 0.0152373
0.342370037571 1.67463 0.0145442
0.348647819267 1.66583 0.0146237
0.354941161441 1.66204 0.014662
0.361191693542 1.65956 0.0140636
0.367476708956 1.65714 0.0149916
0.373764779528 1.65195 0.0140599
0.380065403148 1.64804 0.014216
0.386353986126 1.64533 0.0135751
0.392614018136 1.63953 0.0123295
0.398926450032 1.64083 0.0148621
0.405207324458 1.63537 0.0126058
0.411491647757 1.63239 0.0139242
0.417781427212 1.62648 0.0150073
0.424040064873 1.62325 0.0138864
0.430342569027 1.62066 0.0140382
0.436635856026 1.61562 0.0131936
0.442899618322 1.61149 0.0129975
0.449163441853 1.60872 0.013811
0.455441414625 1.60395 0.0142331
0.46176344703 1.60101 0.0124138
0.468064424202 1.59702 0.0147576
0.474348524276 1.59397 0.0136028
0.480635613682 1.58941 0.0141484
0.486901925839 1.58682 0.0135821
0.49316970996 1.58247 0.0149836
0.499450674714 1.58099 0.013617
0.505715905134 1.57521 0.0134458
0.511992399627 1.57507 0.0135083
0.518312609777 1.57104 0.0132572
0.524608963803 1.56717 0.0135799
0.530875730848 1.56718 0.0128632
0.537157352795 1.56275 0.0126055
0.543457956378 1.56019 0.0128623
0.549743065239 1.55833 0.012352
0.55599374275 1.55556 0.0127807
0.562285467661 1.55362 0.0123671
0.568601153723 1.54994 0.0114554
0.574880458942 1.54737 0.0128921
0.581155021034 1.54576 0.0117793
0.587439449666 1.544 0.0127762
0.59371762203 1.54224 0.0126596
0.599997195479 1.54134 0.0135491
0.606267911512 1.54024 0.0130966
0.612546957644 1.5375 0.0121042
0.618847773304 1.53571 0.0136044
0.625131056744 1.53465 0.0128213
0.631402745038 1.53362 0.0127898
0.637700356273 1.53213 0.0124056
0.643985778331 1.53142 0.0124056
0.650268541717 1.53003 0.0125188
0.65655861177 1.53018 0.0115707
0.662836928236 1.52851 0.0125206
0.669118544496 1.5286 0.0126139
0.675407019858 1.5277 0.0115709
0.681683551459 1.52753 0.0128128
0.687959253386 1.5267 0.012812
0.694234431704 1.52631 0.0122123
0.700517540243 1.52563 0.011583
0.706812495661 1.52654 0.0124753
0.713101900967 1.52484 0.0119772
0.719391825117 1.52476 0.0124392
0.72568338076 1.52521 0.0129233
0.731965268271 1.52539 0.0135365
0.738250799048 1.52699 0.0122418
0.744526584212 1.5255 0.0113081
0.750787110194 1.52736 0.0123337
0.757075846532 1.52719 0.0117417
0.76336412336 1.52879 0.0121608
0.769646295986 1.52908 0.0124645
0.775939486518 1.53051 0.0135594
0.782232914199 1.53238 0.0132115
0.788531493652 1.53205 0.012093
0.794789656698 1.5325 0.0120256
0.801049109659 1.53416 0.0118047
0.807336406173 1.53557 0.0130249
0.813622948837 1.53713 0.0109947
0.819915299896 1.53721 0.0105316
0.826195263639 1.53975 0.0123973
0.832489707008 1.54205 0.0118491
0.838795930921 1.54331 0.0116222
0.84506346397 1.54312 0.0124521
0.851328286756 1.54464 0.0112409
0.85761982639 1.54746 0.0117576
0.863905847706 1.54731 0.0123373
0.870183874549 1.55037 0.0116537
0.876464109608 1.55255 0.0125922
0.88275038734 1.5549 0.0115499
0.889033276839 1.55649 0.0122811
0.895308424711 1.55896 0.0112795
0.901595652167 1.56071 0.0117852
0.907883332809 1.56354 0.0110144
0.914174410632 1.56583 0.011849
0.920463081772 1.56729 0.0108814
0.926743441526 1.57164 0.0107152
0.933032419735 1.57224 0.0099967
0.939326578557 1.57612 0.0119812
0.94559748104 1.57864 0.0117461
0.951866001855 1.58209 0.010956
0.958141325553 1.58253 0.0118157
0.964435094511 1.58824 0.0116009
0.970735563357 1.58955 0.0111596
0.977008076845 1.59233 0.0114605
0.983282332536 1.59582 0.0119003
0.989556969197 1.59857 0.010918
0.995845630192 1.60271 0.0116864
1.00213621074 1.60545 0.0104967
1.00840482534 1.60842 0.0108237
1.01469414984 1.61063 0.0113403
1.02099255544 1.61508 0.0111708
1.02727398044 1.61934 0.0118484
1.0335591819 1.62199 0.0114857
1.03984755739 1.62673 0.0117254
1.04612697494 1.63016 0.0114106
1.05240343681 1.6328 0.0111821
1.05868070465 1.63681 0.0116763
1.06496433307 1.63985 0.0109087
1.07125677744 1.64348 0.0106827
1.0775440488 1.6483 0.0114052
1.08382482019 1.6513 0.0113212
1.09010802394 1.65678 0.0121549
1.09638966596 1.65995 0.0109264
1.10268113206 1.66329 0.010679
1.10896304759 1.66761 0.0123156
1.11522542846 1.67216 0.0107018
1.12150212761 1.67675 0.0116329
1.12779257382 1.68057 0.0121862
1.13408955267 1.68551 0.0116419
1.14036404965 1.68908 0.0104059
1.14663918032 1.6936 0.0104367
1.15294241299 1.6985 0.0110919
1.15922890675 1.70227 0.0118487
1.16550872189 1.70745 0.00969582
1.17179307626 1.71179 0.0112849
1.17808743637 1.71667 0.0111775
1.18436765425 1.72074 0.0107111
1.1906346423 1.72637 0.0105865
1.19691220883 1.73047 0.0102925
1.20320157735 1.73567 0.0113219
1.20948684444 1.74054 0.0112801
1.21576390207 1.74585 0.0106903
1.22204975517 1.74997 0.0106687
1.22834061662 1.75556 0.0106739
1.23463298658 1.75992 0.0117566
1.24090224718 1.76527 0.0107751
1.24717483914 1.77035 0.0104497
1.25346545993 1.77567 0.0110006
1.25974995189 1.78116 0.0120558
1.26603214313 1.78504 0.0109624
1.27231628847 1.79029 0.0111935
1.27860415506 1.79598 0.0109783
1.28488658893 1.80129 0.011538
1.29117542007 1.80679 0.0114024
1.29746572637 1.81166 0.00996146
1.30374182701 1.81777 0.0110318
1.31001732292 1.82264 0.0101389
1.31630144766 1.82777 0.0103526
1.32258676036 1.83373 0.0109193
1.32886549245 1.83997 0.0100534
1.33514480495 1.84647 0.0106142
1.34144051627 1.84991 0.0107864
1.34773086842 1.85711 0.0112755
1.35400158999 1.86267 0.0104841
1.3602826093 1.86799 0.0110307
1.36656568646 1.87377 0.0111804
1.37285149848 1.88019 0.0106324
1.37913537293 1.88492 0.0110101
1.38540956715 1.89099 0.0101952
1.39169864122 1.89686 0.0114879
1.39798445144 1.90267 0.0115966
1.40426788341 1.90835 0.0107334
1.41055477948 1.91399 0.0104127
1.41683783355 1.91882 0.0105724
1.42311817719 1.92566 0.0109829
1.42939780116 1.93139 0.0105955
1.43568692182 1.93756 0.0116448
1.44197712177 1.943 0.0108144
1.44825366785 1.94899 0.0108259
1.45453234897 1.95473 0.0111207
1.46081931915 1.96043 0.0108595
1.4671103644 1.96583 0.0105949
1.47339290895 1.97168 0.0115084
1.47966996524 1.97855 0.0112592
1.4859561446 1.98379 0.0104851
1.49223361076 1.99003 0.0111144
1.49850247038 1.99522 0.0112624
1.50478575205 2.00092 0.0118261
1.51107599189 2.00616 0.0105662
1.51736163499 2.01149 0.0103721
1.52364857097 2.01819 0.0112641
1.52993803572 2.02288 0.0120299
1.53623017691 2.02926 0.0108413
1.54251071878 2.03505 0.0106794
1.54878396308 2.03933 0.0114147
1.55507306978 2.04539 0.0125543
1.56135732493 2.0517 0.0106198
1.56762912105 2.05599 0.0104837
1.5739136974 2.06168 0.0106106
1.58020354523 2.06609 0.0119896
1.58648539343 2.07144 0.0111648
1.59276001426 2.07603 0.011708
1.59904643639 2.08155 0.0116678
1.60534213664 2.08634 0.0121269
1.61161976836 2.09269 0.0109855
1.61789716835 2.09896 0.0108902
1.62418270854 2.10509 0.0107448
1.63046407995 2.11248 0.0107582
1.63674824683 2.1177 0.0116637
1.64303013827 2.1246 0.0117203
1.64930808063 2.13197 0.0115074
1.65559224863 2.13963 0.0115712
1.66187827598 2.1453 0.0110398
1.66816823994 2.15154 0.0110583
1.6744495611 2.15807 0.0111697
1.68072138563 2.16492 0.0109264
1.68701215424 2.17209 0.0118921
1.6933074808 2.17666 0.0123952
1.69958064303 2.18453 0.0110784
1.70586179344 2.19137 0.0114632
1.71215172419 2.1975 0.0123951
1.71843538617 2.20459 0.0115927
1.72471844694 2.21015 0.0114742
1.73099491844 2.2169 0.0112484
1.73728636032 2.22359 0.0121404
1.74356630258 2.22989 0.012824
1.74983600778 2.23642 0.0123122
1.75612327869 2.24299 0.0116572
1.76241061606 2.25016 0.0118804
1.76869357896 2.25592 0.0119012
1.77497674839 2.26245 0.0123448
1.78126362161 2.26995 0.0117856
1.78754574761 2.27547 0.0127815
1.7938272923 2.28206 0.0120563
1.80010772174 2.28986 0.012555
1.80639091391 2.29625 0.0118895
1.81267451427 2.30242 0.0121226
1.81895363524 2.30948 0.0129962
1.82523850291 2.31653 0.0125387
1.8315236862 2.32303 0.012234
1.83781040898 2.32897 0.0122888
1.84409642612 2.33439 0.011903
1.8503769215 2.34225 0.0128338
1.85666074594 2.34975 0.0131359
1.86294359809 2.35463 0.0121477
1.86922204917 2.36153 0.0124654
1.87550781357 2.36875 0.0133692
1.88179499507 2.37522 0.0124272
1.88807781314 2.38064 0.0126254
1.89435244502 2.38791 0.0126588
1.90063796885 2.39489 0.0128245
1.90692833723 2.40132 0.0139637
1.91320221586 2.40747 0.0135538
1.91948223445 2.41434 0.0137079
1.92577010575 2.4214 0.0133998
1.93206491035 2.42794 0.0133595
1.93834071151 2.43579 0.0121729
1.94460828613 2.44026 0.0135635
1.9508968614 2.44724 0.013512
1.95718811973 2.45417 0.0134438
1.96347509207 2.46052 0.0140982
1.9697553281 2.46804 0.014232
1.9760413775 2.47371 0.0135695
1.98233260336 2.48102 0.0142225
1.98861171931 2.487 0.0134866
1.99488792869 2.49388 0.0153148
2.00117304134 2.49894 0.015071
2.00745262249 2.50501 0.0153365
2.01372721862 2.5136 0.015325
2.02001108039 2.52118 0.0149137
2.02630405283 2.52739 0.0153253
2.03258735828 2.533 0.0147373
2.03886100377 2.53839 0.0155151
2.04514489951 2.54478 0.0161562
2.05143683626 2.55211 0.0155318
2.05772382203 2.55852 0.0148315
2.0640044634 2.5622 0.016344
2.07029278421 2.56929 0.0154162
2.07658471853 2.57451 0.0165041
2.08285424307 2.58186 0.0152401
2.08912259138 2.58857 0.0171125
2.09541730178 2.59468 0.0158278
2.10170304464 2.59972 0.0173716
2.10797273337 2.60759 0.0154407
2.11425579676 2.61172 0.0162097
2.12053788985 2.6188 0.0174425
2.12682075079 2.62278 0.0170929
2.13310670204 2.62878 0.0174097
2.13940011923 2.63674 0.0175018
2.14568939859 2.64194 0.0166179
2.15195789682 2.64793 0.0177815
2.15824033347 2.65189 0.0175798
2.16453048092 2.65981 0.0192594
2.17081716829 2.66406 0.0178301
2.17709912993 2.66946 0.0172834
2.18337674027 2.67527 0.0177288
2.18965452646 2.67989 0.0174851
2.19593814184 2.68628 0.0183545
2.20221722867 2.69134 0.0175957
2.20849850085 2.69889 0.0196691
2.21479372465 2.70471 0.0190367
2.22107581834 2.71001 0.0189101
2.22733812199 2.71223 0.0193605
2.23362792264 2.71935 0.0187822
2.2399287897 2.72605 0.0192022
2.24620084223 2.73348 0.018681
2.2524810722 2.73896 0.0195051
2.25875993301 2.74479 0.0205571
2.26503776668 2.75173 0.0191946
2.27130391144 2.75971 0.0194778
2.27758972822 2.76727 0.0199059
2.28389830542 2.77461 0.0203699
2.29017001225 2.7807 0.0222707
2.29645357402 2.78574 0.0213559
2.30275372852 2.79618 0.0222171
2.30903325986 2.80397 0.023029
2.31530674049 2.80993 0.0224876
2.32158490306 2.8183 0.0236749
2.3278758488 2.8246 0.0214884
2.33415543799 2.83144 0.0219713
2.34041936871 2.83393 0.0233889
2.34670710068 2.84187 0.023553
2.3530032916 2.84754 0.0256106
2.35928989445 2.8544 0.0239465
2.36555387699 2.8622 0.0269779
2.37182578571 2.86595 0.0265647
2.3781409032 2.87184 0.0273417
2.38442809259 2.88 0.0259195
2.39069258243 2.88224 0.0298777
2.39698813839 2.88988 0.0275051
2.40330354843 2.89803 0.027763
2.40957307365 2.90584 0.0287573
2.41583080138 2.90809 0.0315993
2.42214385676 2.91899 0.0301114
2.42843005755 2.92167 0.0316512
2.43467776878 2.92239 0.0311993
2.44097021258 2.93703 0.0321738
2.44729898127 2.94079 0.0320951
2.45356911846 2.94583 0.0350774
2.45980003814 2.95298 0.0334969
2.4661092349 2.95699 0.034138
2.47241430729 2.95971 0.0361748
2.47866355169 2.97327 0.0340823
2.48493431628 2.97367 0.0297622
2.49124283111 2.98694 0.033522
2.49755537626 2.98385 0.0369421
2.50380379021 2.99014 0.0384309
2.51005045336 2.99652 0.0386989
2.51638815336 3.00348 0.0420228
2.52269694929 3.00506 0.0380396
2.52891211798 3.00703 0.0433974
2.53519495098 3.02661 0.0400129
2.54155301509 3.02448 0.0414782
2.54783359884 3.02861 0.044442
2.55402772623 3.03416 0.0439779
2.56033571996 3.03942 0.0478003
2.56672381747 3.04773 0.0453429
2.57294751341 3.05044 0.0545614
2.57911252531 3.05641 0.0508577
2.58547549612 3.0544 0.0452036
2.59185019505 3.05776 0.0478191
2.59805932148 3.07032 0.0559481
2.60429715989 3.06 0.0479862
2.61067449751 3.07398 0.0551723
2.61693283418 3.07828 0.0577232
2.62300854502 3.08439 0.0669039
2.62939753095 3.0772 0.0572339
2.63591057571 3.08436 0.0679955
2.64202978624 3.09369 0.0733984
2.64803951219 3.09099 0.0749813
2.65454096229 3.09371 0.0649957
2.66118028258 3.09625 0.0761462
2.66719514746 3.09905 0.0956951
2.67309090101 3.12056 0.0770651
2.67973176445 3.11598 0.0888301
2.68646693102 3.11321 0.0888013
2.69219835647 3.10554 0.101653
2.69796467721 3.10424 0.10517
2.70489193937 3.13217 0.11243
2.71182026315 3.14225 0.110773
2.71709790339 3.12746 0.161086
2.7227864466 3.12124 0.146605
2.72994784687 3.12449 0.144866
2.73706528781 3.11596 0.183597
2.74248820391 3.12831 0.280061
2.74787331837 3.11312 0.213824
2.75504313834 3.14374 0.249066
2.76219934437 3.09032 0.344882
2.76789278819 3.15706 0.634794
2.77283198247 3.17334 0.628101
2.77965581172 3.20572 1.4616
2.78599582346 -5.09048 94.3677
