0.0088996412247 2.57786 0.115765
0.0150791221651 2.57106 0.0854844
0.0214479018646 2.57449 0.0495009
0.0278366077649 2.57964 0.0414335
0.034350997858 2.57183 0.0365016
0.0404788676143 2.57465 0.0378877
0.0467671668358 2.56763 0.0363343
0.0530822510177 2.55966 0.0301557
0.0594536244094 2.55319 0.0268937
0.0657622481459 2.54989 0.0259665
0.071966329067 2.54384 0.0279578
0.0782786091569 2.54109 0.0249001
0.0847039894583 2.53076 0.0225366
0.0909685462053 2.52795 0.0249588
0.0972078977683 2.52679 0.0240052
0.103476303896 2.51583 0.0222363
0.109757644425 2.50729 0.0225958
0.116054308478 2.49914 0.0193567
0.122366966654 2.48681 0.0220347
0.128681726309 2.47212 0.018574
0.134950080166 2.45996 0.0221111
0.141194955884 2.45095 0.0192716
0.147513357575 2.44095 0.0183569
0.153786507425 2.43339 0.0202786
0.160065754405 2.41611 0.0185059
0.166399116869 2.40611 0.0204025
0.172719564578 2.39038 0.0165814
0.178976521338 2.37481 0.0173124
0.185235369065 2.36003 0.0203731
0.191480678734 2.34063 0.0177685
0.197788986865 2.32548 0.0177585
0.204093773545 2.30696 0.0170654
0.210393930261 2.29436 0.016737
0.216690970982 2.27711 0.0181295
0.222970028122 2.25869 0.0178571
0.229262002709 2.24566 0.0186626
0.235514150837 2.2228 0.0164093
0.241791058382 2.20746 0.0159192
0.248085653944 2.18749 0.0173908
0.254349225687 2.16512 0.019547
0.260633425188 2.14956 0.016488
0.26692573709 2.13179 0.0156038
0.273242334314 2.11269 0.015014
0.279552968008 2.09494 0.0159848
0.285836629231 2.07565 0.0175117
0.292087627139 2.06084 0.0167366
0.298344984444 2.04378 0.0160691
0.304638263941 2.02129 0.0157444
0.3109279127 2.00703 0.0162664
0.317216817162 1.98623 0.0158665
0.323518756794 1.97007 0.0167567
0.329816821755 1.95438 0.0152148
0.336117642946 1.93821 0.0167511
0.342370037571 1.92249 0.0158654
0.348647819267 1.90171 0.0157157
0.354941161441 1.88806 0.0156589
0.361191693542 1.87365 0.0162742
0.367476708956 1.85837 0.0150069
0.373764779528 1.84622 0.0158886
0.380065403148 1.82914 0.0158847
0.386353986126 1.81665 0.0156307
0.392614018136 1.8011 0.0146893
0.398926450032 1.79213 0.0146138
0.405207324458 1.77829 0.0141387
0.411491647757 1.76662 0.0146195
0.417781427212 1.75507 0.016169
0.424040064873 1.74312 0.0146637
0.430342569027 1.73299 0.0154422
0.436635856026 1.72316 0.0146866
0.442899618322 1.71265 0.0140352
0.449163441853 1.7046 0.0138748
0.455441414625 1.69342 0.0144229
0.46176344703 1.68638 0.0119844
0.468064424202 1.67582 0.0157673
0.474348524276 1.66883 0.0142707
0.480635613682 1.66126 0.0132329
0.486901925839 1.65464 0.0142832
0.49316970996 1.64616 0.0148673
0.499450674714 1.64032 0.0144926
0.505715905134 1.63386 0.0136201
0.511992399627 1.62939 0.0135063
0.518312609777 1.62374 0.0136852
0.524608963803 1.61685 0.0144176
0.530875730848 1.61498 0.0142789
0.537157352795 1.60896 0.0131761
0.543457956378 1.6054 0.0139001
0.549743065239 1.60056 0.0139124
0.55599374275 1.59729 0.012552
0.562285467661 1.59498 0.0124096
0.568601153723 1.58833 0.0114383
0.574880458942 1.58645 0.0134347
0.581155021034 1.5842 0.0119972
0.587439449666 1.58191 0.0139635
0.59371762203 1.57864 0.012618
0.599997195479 1.57728 0.0130124
0.606267911512 1.57654 0.0130998
0.612546957644 1.57179 0.0115434
0.618847773304 1.57063 0.0139831
0.625131056744 1.56964 0.0127569
0.631402745038 1.56859 0.0134012
0.637700356273 1.56679 0.0128521
0.643985778331 1.56557 0.0115184
0.650268541717 1.56408 0.0122605
0.65655861177 1.56394 0.0119775
0.662836928236 1.56235 0.0125238
0.669118544496 1.56171 0.0127773
0.675407019858 1.56144 0.0125202
0.681683551459 1.56063 0.0125835
0.687959253386 1.56138 0.0129365
0.694234431704 1.5592 0.0119201
0.700517540243 1.55901 0.0115044
0.706812495661 1.55883 0.0121273
0.713101900967 1.55775 0.0115255
0.719391825117 1.558 0.0127486
0.72568338076 1.55832 0.0133531
0.731965268271 1.55884 0.0139442
0.738250799048 1.55932 0.0126613
0.744526584212 1.55775 0.0116274
0.750787110194 1.55963 0.0117951
0.757075846532 1.55847 0.0125022
0.76336412336 1.56062 0.0127534
0.769646295986 1.56118 0.012833
0.775939486518 1.56242 0.0138444
0.782232914199 1.56319 0.0122945
0.788531493652 1.56232 0.0116644
0.794789656698 1.56253 0.0123089
0.801049109659 1.56507 0.0118975
0.807336406173 1.56423 0.0121851
0.813622948837 1.56649 0.0114262
0.819915299896 1.5657 0.0109201
0.826195263639 1.56862 0.0126845
0.832489707008 1.56913 0.0122922
0.838795930921 1.57095 0.0118776
0.84506346397 1.57086 0.0129089
0.851328286756 1.57174 0.0110057
0.85761982639 1.57324 0.0121793
0.863905847706 1.57329 0.013171
0.870183874549 1.57656 0.0116036
0.876464109608 1.5778 0.0122046
0.88275038734 1.57928 0.0118757
0.889033276839 1.58102 0.0129906
0.895308424711 1.58302 0.012115
0.901595652167 1.58474 0.0116473
0.907883332809 1.58671 0.0109985
0.914174410632 1.58878 0.0124189
0.920463081772 1.58964 0.0114258
0.926743441526 1.59333 0.0111668
0.933032419735 1.59418 0.0112454
0.939326578557 1.59674 0.0124367
0.94559748104 1.59827 0.0119637
0.951866001855 1.6024 0.0106596
0.958141325553 1.60194 0.0119796
0.964435094511 1.60677 0.0118095
0.970735563357 1.60818 0.0116052
0.977008076845 1.61126 0.010935
0.983282332536 1.6132 0.0114137
0.989556969197 1.61696 0.0108704
0.995845630192 1.61926 0.012091
1.00213621074 1.62185 0.0112995
1.00840482534 1.6249 0.0114593
1.01469414984 1.6279 0.0110291
1.02099255544 1.63166 0.0115106
1.02727398044 1.63464 0.0122635
1.0335591819 1.63774 0.0102058
1.03984755739 1.64157 0.0121827
1.04612697494 1.64406 0.0111994
1.05240343681 1.64699 0.0115103
1.05868070465 1.65071 0.0119048
1.06496433307 1.65313 0.0109119
1.07125677744 1.65722 0.0104436
1.0775440488 1.66103 0.0112244
1.08382482019 1.66436 0.0112395
1.09010802394 1.66868 0.0115815
1.09638966596 1.67251 0.0111798
1.10268113206 1.67522 0.0116176
1.10896304759 1.67982 0.0123631
1.11522542846 1.68419 0.0106248
1.12150212761 1.68764 0.0120123
1.12779257382 1.69128 0.0122786
1.13408955267 1.69624 0.0114396
1.14036404965 1.7001 0.0109886
1.14663918032 1.70416 0.0109091
1.15294241299 1.70882 0.0114538
1.15922890675 1.71224 0.0117817
1.16550872189 1.71711 0.00978399
1.17179307626 1.7218 0.011522
1.17808743637 1.72628 0.0113717
1.18436765425 1.72956 0.0106523
1.1906346423 1.73552 0.0106452
1.19691220883 1.73962 0.0104318
1.20320157735 1.74472 0.0115976
1.20948684444 1.74922 0.0112919
1.21576390207 1.7543 0.010879
1.22204975517 1.75847 0.0108305
1.22834061662 1.76296 0.0107855
1.23463298658 1.76764 0.0113372
1.24090224718 1.77327 0.0111285
1.24717483914 1.77882 0.0108988
1.25346545993 1.7831 0.01116
1.25974995189 1.78836 0.0116037
1.26603214313 1.79246 0.0102599
1.27231628847 1.79815 0.0114895
1.27860415506 1.80351 0.0109953
1.28488658893 1.80854 0.0114412
1.29117542007 1.81352 0.0112463
1.29746572637 1.81894 0.00970782
1.30374182701 1.82453 0.0115999
1.31001732292 1.82964 0.0103201
1.31630144766 1.83434 0.0116038
1.32258676036 1.84074 0.0109078
1.32886549245 1.84608 0.0100521
1.33514480495 1.85241 0.0104356
1.34144051627 1.85615 0.0109357
1.34773086842 1.86366 0.0103458
1.35400158999 1.86831 0.0105584
1.3602826093 1.87416 0.0109142
1.36656568646 1.87953 0.0115505
1.37285149848 1.88608 0.0109728
1.37913537293 1.8912 0.0115599
1.38540956715 1.89683 0.0102418
1.39169864122 1.90279 0.0113381
1.39798445144 1.90804 0.0113224
1.40426788341 1.91349 0.0106775
1.41055477948 1.92025 0.0103286
1.41683783355 1.92496 0.0103878
1.42311817719 1.93152 0.010753
1.42939780116 1.93672 0.010928
1.43568692182 1.94363 0.0115199
1.44197712177 1.94891 0.01133
1.44825366785 1.95394 0.0109772
1.45453234897 1.96037 0.0113253
1.46081931915 1.96647 0.0109385
1.4671103644 1.97172 0.0111051
1.47339290895 1.97766 0.0117257
1.47966996524 1.98497 0.0107113
1.4859561446 1.98903 0.0103193
1.49223361076 1.99524 0.0110807
1.49850247038 2.00123 0.0109031
1.50478575205 2.00581 0.0116663
1.51107599189 2.01185 0.0104777
1.51736163499 2.01714 0.0108333
1.52364857097 2.02367 0.0107151
1.52993803572 2.02831 0.0116394
1.53623017691 2.0356 0.0109908
1.54251071878 2.04034 0.0108908
1.54878396308 2.04535 0.0109848
1.55507306978 2.05131 0.0122044
1.56135732493 2.05711 0.0111401
1.56762912105 2.06204 0.0112275
1.5739136974 2.06761 0.010759
1.58020354523 2.07199 0.0117237
1.58648539343 2.07761 0.0113543
1.59276001426 2.08249 0.0117116
1.59904643639 2.0879 0.0122384
1.60534213664 2.0921 0.0113522
1.61161976836 2.09838 0.0115765
1.61789716835 2.10487 0.0107527
1.62418270854 2.11106 0.0107139
1.63046407995 2.11851 0.0104306
1.63674824683 2.12385 0.011388
1.64303013827 2.13048 0.0121083
1.64930808063 2.13796 0.0115312
1.65559224863 2.14554 0.0116094
1.66187827598 2.15159 0.010959
1.66816823994 2.15774 0.0112531
1.6744495611 2.16453 0.0111137
1.68072138563 2.17191 0.0120725
1.68701215424 2.17868 0.011595
1.6933074808 2.18346 0.0126761
1.69958064303 2.19108 0.0119708
1.70586179344 2.19781 0.0112494
1.71215172419 2.20407 0.0121132
1.71843538617 2.21066 0.0120842
1.72471844694 2.2172 0.01152
1.73099491844 2.22356 0.0116497
1.73728636032 2.2304 0.0129994
1.74356630258 2.23662 0.0124392
1.74983600778 2.24371 0.0120357
1.75612327869 2.25032 0.0120073
1.76241061606 2.2577 0.0121308
1.76869357896 2.26326 0.0118186
1.77497674839 2.2705 0.0122658
1.78126362161 2.27697 0.0121269
1.78754574761 2.28332 0.0125297
1.7938272923 2.28995 0.0122411
1.80010772174 2.29765 0.0117878
1.80639091391 2.30416 0.0129196
1.81267451427 2.31112 0.0127283
1.81895363524 2.31679 0.0124298
1.82523850291 2.32419 0.0121922
1.8315236862 2.33098 0.0123775
1.83781040898 2.33756 0.0125898
1.84409642612 2.34306 0.0118317
1.8503769215 2.3504 0.0128635
1.85666074594 2.35867 0.0132125
1.86294359809 2.36356 0.0122378
1.86922204917 2.37063 0.0127271
1.87550781357 2.37761 0.0136367
1.88179499507 2.38394 0.0119537
1.88807781314 2.39046 0.0132522
1.89435244502 2.39761 0.0127831
1.90063796885 2.40436 0.0132227
1.90692833723 2.41129 0.0133769
1.91320221586 2.41726 0.0138961
1.91948223445 2.42519 0.0139523
1.92577010575 2.43234 0.0134785
1.93206491035 2.43842 0.0131732
1.93834071151 2.44519 0.012215
1.94460828613 2.45078 0.0133905
1.9508968614 2.45823 0.0133199
1.95718811973 2.46529 0.0136788
1.96347509207 2.47144 0.0140648
1.9697553281 2.47978 0.0136453
1.9760413775 2.48606 0.0146093
1.98233260336 2.49257 0.0147074
1.98861171931 2.49839 0.0134447
1.99488792869 2.50541 0.0137745
2.00117304134 2.51099 0.0153503
2.00745262249 2.51685 0.0153633
2.01372721862 2.52534 0.0158513
2.02001108039 2.53357 0.0153598
2.02630405283 2.53921 0.0149388
2.03258735828 2.5466 0.0146829
2.03886100377 2.55059 0.0148937
2.04514489951 2.55727 0.0162004
2.05143683626 2.56526 0.0151026
2.05772382203 2.57155 0.0146587
2.0640044634 2.57644 0.0163373
2.07029278421 2.58306 0.0156119
2.07658471853 2.58842 0.0156967
2.08285424307 2.59675 0.0155035
2.08912259138 2.60451 0.016156
2.09541730178 2.60942 0.0169165
2.10170304464 2.61372 0.0160796
2.10797273337 2.62137 0.0159599
2.11425579676 2.62753 0.0165331
2.12053788985 2.63381 0.0174124
2.12682075079 2.63728 0.0172959
2.13310670204 2.64452 0.0174149
2.13940011923 2.65178 0.0170566
2.14568939859 2.65755 0.0162733
2.15195789682 2.66198 0.0181221
2.15824033347 2.66837 0.0172361
2.16453048092 2.67526 0.0193214
2.17081716829 2.6806 0.0177368
2.17709912993 2.68648 0.0184505
2.18337674027 2.69206 0.0177934
2.18965452646 2.69689 0.0183642
2.19593814184 2.70295 0.0192408
2.20221722867 2.70789 0.0183706
2.20849850085 2.71583 0.0192379
2.21479372465 2.72138 0.0192848
2.22107581834 2.72788 0.0179734
2.22733812199 2.7306 0.0191892
2.23362792264 2.73659 0.0190562
2.2399287897 2.74557 0.0181889
2.24620084223 2.75133 0.019707
2.2524810722 2.75805 0.0206652
2.25875993301 2.76479 0.0196654
2.26503776668 2.7702 0.0187676
2.27130391144 2.77687 0.0192299
2.27758972822 2.78596 0.0199246
2.28389830542 2.79496 0.0196003
2.29017001225 2.80111 0.0212476
2.29645357402 2.8067 0.0210086
2.30275372852 2.81798 0.0216676
2.30903325986 2.82548 0.0230146
2.31530674049 2.82943 0.0236125
2.32158490306 2.83964 0.0221896
2.3278758488 2.84527 0.0228059
2.33415543799 2.85077 0.0199769
2.34041936871 2.8565 0.0245899
2.34670710068 2.8621 0.0235969
2.3530032916 2.86991 0.0239137
2.35928989445 2.87606 0.0242225
2.36555387699 2.88375 0.0280548
2.37182578571 2.88935 0.0254963
2.3781409032 2.89513 0.0252716
2.38442809259 2.90351 0.0260444
2.39069258243 2.90422 0.0302866
2.39698813839 2.91273 0.0299916
2.40330354843 2.92221 0.0287635
2.40957307365 2.93138 0.0264723
2.41583080138 2.93544 0.0314859
2.42214385676 2.94271 0.0289982
2.42843005755 2.94546 0.0294182
2.43467776878 2.95143 0.0258928
2.44097021258 2.96066 0.0323463
2.44729898127 2.96687 0.0302933
2.45356911846 2.96952 0.03349
2.45980003814 2.97987 0.031249
2.4661092349 2.98068 0.0328952
2.47241430729 2.98799 0.0355789
2.47866355169 2.99967 0.0346516
2.48493431628 2.99883 0.0304928
2.49124283111 3.01134 0.03217
2.49755537626 3.01029 0.0350569
2.50380379021 3.01748 0.0388652
2.51005045336 3.02605 0.0396965
2.51638815336 3.03093 0.0451944
2.52269694929 3.03471 0.0396743
2.52891211798 3.03503 0.0419771
2.53519495098 3.05288 0.0413909
2.54155301509 3.05193 0.0416382
2.54783359884 3.05879 0.043067
2.55402772623 3.0627 0.0439654
2.56033571996 3.07157 0.048975
2.56672381747 3.07201 0.0491132
2.57294751341 3.08298 0.0446499
2.57911252531 3.08295 0.0519704
2.58547549612 3.08554 0.0448252
2.59185019505 3.09049 0.05455
2.59805932148 3.10127 0.0494313
2.60429715989 3.09277 0.0513738
2.61067449751 3.10895 0.0568899
2.61693283418 3.11197 0.0634618
2.62300854502 3.11515 0.0609054
2.62939753095 3.10541 0.0612117
2.63591057571 3.11187 0.0683715
2.64202978624 3.12536 0.0709086
2.64803951219 3.11745 0.0746354
2.65454096229 3.13252 0.0654291
2.66118028258 3.13581 0.0752158
2.66719514746 3.13963 0.0948473
2.67309090101 3.14727 0.0787465
2.67973176445 3.1528 0.0825501
2.68646693102 3.15112 0.0899863
2.69219835647 3.13985 0.0944051
2.69796467721 3.13776 0.0975513
2.70489193937 3.16989 0.104051
2.71182026315 3.17257 0.118267
2.71709790339 3.17027 0.156195
2.7227864466 3.16462 0.140374
2.72994784687 3.16164 0.12253
2.73706528781 3.16837 0.183295
2.74248820391 3.17173 0.278184
2.74787331837 3.16728 0.204691
2.75504313834 3.1932 0.265625
2.76219934437 3.18571 0.334528
2.76789278819 3.21933 0.692311
2.77283198247 3.25199 0.631872
2.77965581172 3.05672 1.6168
2.78599582346 -13.3626 172.636
