0.0088996412247 2.08447 0.104916
0.0150791221651 2.08702 0.0668323
0.0214479018646 2.09292 0.0424028
0.0278366077649 2.09165 0.034695
0.034350997858 2.09289 0.028796
0.0404788676143 2.09461 0.0327185
0.0467671668358 2.09501 0.0292609
0.0530822510177 2.0926 0.0255119
0.0594536244094 2.08955 0.0220616
0.0657622481459 2.08893 0.0212493
0.071966329067 2.09403 0.0208778
0.0782786091569 2.09669 0.0200341
0.0847039894583 2.09489 0.0198888
0.0909685462053 2.09694 0.0213986
0.0972078977683 2.09966 0.0220453
0.103476303896 2.09841 0.0184433
0.109757644425 2.10024 0.0199519
0.116054308478 2.10309 0.0174807
0.122366966654 2.10274 0.0195641
0.128681726309 2.09804 0.0173771
0.134950080166 2.09729 0.0186638
0.141194955884 2.09723 0.0168742
0.147513357575 2.09837 0.0177417
0.153786507425 2.10114 0.0160866
0.160065754405 2.0967 0.0166747
0.166399116869 2.09768 0.017313
0.172719564578 2.09544 0.0144944
0.178976521338 2.09522 0.0170731
0.185235369065 2.09229 0.0166509
0.191480678734 2.08709 0.0164639
0.197788986865 2.08725 0.0159734
0.204093773545 2.08275 0.0165687
0.210393930261 2.08328 0.0146822
0.216690970982 2.08034 0.0178668
0.222970028122 2.07504 0.0181455
0.229262002709 2.07355 0.0170335
0.235514150837 2.06839 0.0131706
0.241791058382 2.06722 0.0149935
0.248085653944 2.05994 0.0169119
0.254349225687 2.05417 0.0175692
0.260633425188 2.05162 0.0152078
0.26692573709 2.04768 0.014136
0.273242334314 2.04281 0.0142579
0.279552968008 2.03717 0.0150693
0.285836629231 2.03099 0.0165564
0.292087627139 2.02845 0.0177316
0.298344984444 2.02273 0.0158413
0.304638263941 2.01295 0.015113
0.3109279127 2.01111 0.0147679
0.317216817162 2.00319 0.0157964
0.323518756794 1.99788 0.0163152
0.329816821755 1.99228 0.0157373
0.336117642946 1.98612 0.0160597
0.342370037571 1.98042 0.0164309
0.348647819267 1.97023 0.0155952
0.354941161441 1.96645 0.0151197
0.361191693542 1.95835 0.0158825
0.367476708956 1.95293 0.0150172
0.373764779528 1.94808 0.0151858
0.380065403148 1.93844 0.0150858
0.386353986126 1.9337 0.0152846
0.392614018136 1.92475 0.0143808
0.398926450032 1.9222 0.0150459
0.405207324458 1.91324 0.014151
0.411491647757 1.90664 0.0148128
0.417781427212 1.90004 0.017076
0.424040064873 1.89238 0.0145841
0.430342569027 1.88604 0.0169876
0.436635856026 1.88005 0.0139412
0.442899618322 1.87345 0.0146196
0.449163441853 1.86701 0.0154886
0.455441414625 1.859 0.0144027
0.46176344703 1.85279 0.0136977
0.468064424202 1.8445 0.0149896
0.474348524276 1.83874 0.0138272
0.480635613682 1.83197 0.0147413
0.486901925839 1.82658 0.0156075
0.49316970996 1.81803 0.0157585
0.499450674714 1.81324 0.0151276
0.505715905134 1.80479 0.0151423
0.511992399627 1.80065 0.0140981
0.518312609777 1.79335 0.0147368
0.524608963803 1.78733 0.014008
0.530875730848 1.78396 0.0144207
0.537157352795 1.77731 0.0136916
0.543457956378 1.77153 0.0145597
0.549743065239 1.76469 0.0135588
0.55599374275 1.75911 0.0145844
0.562285467661 1.75478 0.0137955
0.568601153723 1.74735 0.0127585
0.574880458942 1.741 0.0141017
0.581155021034 1.73681 0.0136823
0.587439449666 1.73171 0.0147101
0.59371762203 1.72609 0.0129656
0.599997195479 1.72298 0.0131982
0.606267911512 1.71801 0.0136301
0.612546957644 1.71123 0.0131757
0.618847773304 1.70793 0.0143496
0.625131056744 1.70148 0.0132737
0.631402745038 1.69947 0.0144429
0.637700356273 1.69444 0.0138281
0.643985778331 1.69047 0.012487
0.650268541717 1.68534 0.0121077
0.65655861177 1.68326 0.0130752
0.662836928236 1.67776 0.0129336
0.669118544496 1.67417 0.0129504
0.675407019858 1.67154 0.0126039
0.681683551459 1.66686 0.0133443
0.687959253386 1.66413 0.0132575
0.694234431704 1.65888 0.0127449
0.700517540243 1.65619 0.0128147
0.706812495661 1.65314 0.0120425
0.713101900967 1.6506 0.0130498
0.719391825117 1.64744 0.013253
0.72568338076 1.64495 0.0126744
0.731965268271 1.64262 0.0148339
0.738250799048 1.64158 0.0130477
0.744526584212 1.63802 0.0121208
0.750787110194 1.6363 0.0124349
0.757075846532 1.63336 0.0129388
0.76336412336 1.6322 0.012757
0.769646295986 1.63196 0.0134779
0.775939486518 1.63035 0.0140823
0.782232914199 1.62933 0.0131933
0.788531493652 1.62619 0.0123776
0.794789656698 1.62543 0.0127791
0.801049109659 1.62596 0.0117881
0.807336406173 1.62513 0.0116868
0.813622948837 1.62356 0.0114146
0.819915299896 1.6228 0.0116365
0.826195263639 1.62288 0.0118217
0.832489707008 1.6218 0.0133823
0.838795930921 1.62236 0.0118081
0.84506346397 1.62106 0.0127762
0.851328286756 1.62101 0.0118767
0.85761982639 1.62094 0.0120418
0.863905847706 1.62064 0.0131563
0.870183874549 1.62278 0.011412
0.876464109608 1.62281 0.0123521
0.88275038734 1.62192 0.0115228
0.889033276839 1.62397 0.0126404
0.895308424711 1.62454 0.0113882
0.901595652167 1.62571 0.0115136
0.907883332809 1.62671 0.0114711
0.914174410632 1.62843 0.0129012
0.920463081772 1.62893 0.0115356
0.926743441526 1.63064 0.011659
0.933032419735 1.6311 0.0113266
0.939326578557 1.63365 0.0120205
0.94559748104 1.63467 0.0118197
0.951866001855 1.63749 0.0111358
0.958141325553 1.63748 0.0116687
0.964435094511 1.64182 0.01182
0.970735563357 1.6432 0.0119882
0.977008076845 1.64543 0.0115508
0.983282332536 1.64719 0.0118335
0.989556969197 1.65044 0.011328
0.995845630192 1.65318 0.0121578
1.00213621074 1.65587 0.0115296
1.00840482534 1.65799 0.0114972
1.01469414984 1.66089 0.0110548
1.02099255544 1.66463 0.0118203
1.02727398044 1.66704 0.0124081
1.0335591819 1.67025 0.0113625
1.03984755739 1.67347 0.012521
1.04612697494 1.67678 0.0123841
1.05240343681 1.68052 0.0118138
1.05868070465 1.68412 0.0119237
1.06496433307 1.68716 0.011421
1.07125677744 1.68999 0.0107265
1.0775440488 1.69421 0.0113001
1.08382482019 1.69805 0.0112533
1.09010802394 1.70199 0.0113702
1.09638966596 1.70711 0.0112531
1.10268113206 1.70995 0.0123774
1.10896304759 1.71486 0.0126346
1.11522542846 1.71886 0.0120133
1.12150212761 1.7227 0.0123399
1.12779257382 1.72742 0.0120076
1.13408955267 1.73151 0.0121147
1.14036404965 1.73636 0.0116656
1.14663918032 1.74079 0.0110934
1.15294241299 1.74623 0.011002
1.15922890675 1.74958 0.0109369
1.16550872189 1.75527 0.00970973
1.17179307626 1.76027 0.0116461
1.17808743637 1.7655 0.0106913
1.18436765425 1.76907 0.0104704
1.1906346423 1.7746 0.0109366
1.19691220883 1.78089 0.0113625
1.20320157735 1.78528 0.010737
1.20948684444 1.79071 0.0112898
1.21576390207 1.7961 0.0102799
1.22204975517 1.80185 0.0108384
1.22834061662 1.80666 0.0109581
1.23463298658 1.81168 0.0119384
1.24090224718 1.81778 0.010941
1.24717483914 1.82433 0.010773
1.25346545993 1.82924 0.0105678
1.25974995189 1.83534 0.0113079
1.26603214313 1.84016 0.0104956
1.27231628847 1.84618 0.0104231
1.27860415506 1.85201 0.0109775
1.28488658893 1.85824 0.0112924
1.29117542007 1.86367 0.0111377
1.29746572637 1.87004 0.00993722
1.30374182701 1.87628 0.0117467
1.31001732292 1.8822 0.0107871
1.31630144766 1.88727 0.011382
1.32258676036 1.89413 0.0108054
1.32886549245 1.90078 0.0103483
1.33514480495 1.90746 0.0102942
1.34144051627 1.91225 0.0110184
1.34773086842 1.92048 0.0113053
1.35400158999 1.92627 0.0108056
1.3602826093 1.93277 0.0109539
1.36656568646 1.93871 0.0116064
1.37285149848 1.94634 0.0113255
1.37913537293 1.95208 0.0111589
1.38540956715 1.95807 0.0100663
1.39169864122 1.96452 0.0114804
1.39798445144 1.97055 0.0115675
1.40426788341 1.97761 0.0106238
1.41055477948 1.98481 0.010747
1.41683783355 1.99022 0.0105317
1.42311817719 1.99717 0.0102237
1.42939780116 2.00377 0.0104501
1.43568692182 2.01164 0.0108075
1.44197712177 2.01799 0.0111614
1.44825366785 2.02372 0.011176
1.45453234897 2.0308 0.0113815
1.46081931915 2.03712 0.0111065
1.4671103644 2.04353 0.0103433
1.47339290895 2.05001 0.0116771
1.47966996524 2.0583 0.0112994
1.4859561446 2.06412 0.0109535
1.49223361076 2.07076 0.0106155
1.49850247038 2.0775 0.0111792
1.50478575205 2.08303 0.0112119
1.51107599189 2.08938 0.0100249
1.51736163499 2.09598 0.0103245
1.52364857097 2.10343 0.0104787
1.52993803572 2.10835 0.0117816
1.53623017691 2.11671 0.0108805
1.54251071878 2.12192 0.0105244
1.54878396308 2.12775 0.0115737
1.55507306978 2.1349 0.0116326
1.56135732493 2.14056 0.0112606
1.56762912105 2.14644 0.01111
1.5739136974 2.15308 0.0106535
1.58020354523 2.15833 0.0124033
1.58648539343 2.16477 0.0110814
1.59276001426 2.16971 0.0118756
1.59904643639 2.1755 0.011759
1.60534213664 2.18187 0.0118877
1.61161976836 2.1852 0.0125121
1.61789716835 2.19536 0.0116723
1.62418270854 2.20277 0.0110016
1.63046407995 2.21107 0.0104126
1.63674824683 2.21786 0.0119801
1.64303013827 2.22503 0.0113126
1.64930808063 2.23351 0.0114348
1.65559224863 2.24162 0.0111406
1.66187827598 2.24801 0.0112627
1.66816823994 2.25587 0.0114253
1.6744495611 2.26275 0.0116122
1.68072138563 2.27118 0.0117966
1.68701215424 2.27869 0.0116969
1.6933074808 2.28447 0.0129874
1.69958064303 2.29302 0.0121128
1.70586179344 2.29957 0.0114848
1.71215172419 2.30803 0.0121804
1.71843538617 2.31493 0.0119411
1.72471844694 2.32323 0.0116073
1.73099491844 2.33041 0.0117971
1.73728636032 2.33785 0.0124121
1.74356630258 2.34555 0.0128917
1.74983600778 2.35348 0.0127512
1.75612327869 2.36129 0.0126847
1.76241061606 2.36912 0.0118719
1.76869357896 2.37585 0.0113138
1.77497674839 2.38334 0.01193
1.78126362161 2.39033 0.0117004
1.78754574761 2.39902 0.013057
1.7938272923 2.40647 0.0123944
1.80010772174 2.41401 0.0122191
1.80639091391 2.42238 0.012096
1.81267451427 2.42987 0.0119184
1.81895363524 2.43707 0.0122864
1.82523850291 2.44522 0.0120151
1.8315236862 2.45325 0.0128756
1.83781040898 2.46059 0.0122813
1.84409642612 2.46792 0.0117753
1.8503769215 2.47562 0.0119236
1.85666074594 2.48477 0.0128549
1.86294359809 2.49201 0.0113412
1.86922204917 2.50019 0.013179
1.87550781357 2.50717 0.0132242
1.88179499507 2.51541 0.0118486
1.88807781314 2.52271 0.013576
1.89435244502 2.53057 0.0138474
1.90063796885 2.53931 0.0129357
1.90692833723 2.54661 0.0129334
1.91320221586 2.55413 0.01291
1.91948223445 2.56213 0.0136027
1.92577010575 2.57164 0.0132852
1.93206491035 2.57917 0.0131711
1.93834071151 2.58751 0.013162
1.94460828613 2.59428 0.0131996
1.9508968614 2.60293 0.0131335
1.95718811973 2.61077 0.0135826
1.96347509207 2.61726 0.0132392
1.9697553281 2.62667 0.013715
1.9760413775 2.63474 0.0140697
1.98233260336 2.64181 0.014652
1.98861171931 2.65102 0.0145115
1.99488792869 2.65733 0.0140752
2.00117304134 2.66518 0.0144842
2.00745262249 2.67198 0.0150078
2.01372721862 2.68204 0.0154693
2.02001108039 2.69158 0.0143607
2.02630405283 2.69772 0.0149806
2.03258735828 2.70537 0.0145523
2.03886100377 2.71187 0.0139771
2.04514489951 2.71968 0.0161494
2.05143683626 2.72845 0.0145758
2.05772382203 2.73691 0.0142273
2.0640044634 2.74371 0.0153663
2.07029278421 2.75057 0.0171816
2.07658471853 2.7581 0.0155928
2.08285424307 2.76652 0.0153466
2.08912259138 2.77572 0.0166261
2.09541730178 2.78211 0.0161593
2.10170304464 2.78772 0.0161676
2.10797273337 2.79749 0.0167818
2.11425579676 2.80481 0.0162424
2.12053788985 2.81261 0.0178033
2.12682075079 2.81731 0.0157395
2.13310670204 2.82446 0.0165638
2.13940011923 2.83401 0.0185164
2.14568939859 2.84082 0.0170313
2.15195789682 2.84618 0.0176396
2.15824033347 2.8547 0.0185116
2.16453048092 2.86244 0.0177135
2.17081716829 2.87001 0.0171382
2.17709912993 2.87438 0.0182509
2.18337674027 2.88263 0.0181639
2.18965452646 2.88885 0.0176407
2.19593814184 2.89543 0.0180974
2.20221722867 2.90277 0.0178245
2.20849850085 2.90958 0.0178607
2.21479372465 2.91789 0.0174025
2.22107581834 2.92434 0.0176618
2.22733812199 2.93065 0.0187669
2.23362792264 2.93823 0.0178971
2.2399287897 2.94684 0.0182447
2.24620084223 2.95427 0.0217483
2.2524810722 2.96318 0.0196259
2.25875993301 2.97081 0.0184778
2.26503776668 2.97801 0.0192083
2.27130391144 2.98893 0.0205926
2.27758972822 2.99616 0.0191753
2.28389830542 3.00739 0.0191787
2.29017001225 3.01594 0.0220901
2.29645357402 3.02285 0.0223171
2.30275372852 3.03569 0.0232323
2.30903325986 3.04456 0.0221955
2.31530674049 3.04922 0.0229087
2.32158490306 3.06273 0.0215034
2.3278758488 3.0697 0.023248
2.33415543799 3.0783 0.02231
2.34041936871 3.08457 0.0251663
2.34670710068 3.09425 0.0249772
2.3530032916 3.10056 0.0256991
2.35928989445 3.10995 0.0248905
2.36555387699 3.12176 0.0264383
2.37182578571 3.12547 0.0267422
2.3781409032 3.13102 0.029734
2.38442809259 3.14028 0.0278168
2.39069258243 3.14837 0.0279667
2.39698813839 3.1578 0.0312217
2.40330354843 3.16647 0.0292674
2.40957307365 3.17635 0.0288959
2.41583080138 3.18308 0.0334891
2.42214385676 3.19699 0.0293092
2.42843005755 3.19833 0.0325148
2.43467776878 3.20447 0.0299369
2.44097021258 3.21611 0.0329504
2.44729898127 3.22505 0.0292815
2.45356911846 3.23056 0.0327351
2.45980003814 3.23825 0.0323362
2.4661092349 3.24429 0.0340175
2.47241430729 3.25419 0.0349571
2.47866355169 3.26132 0.0352074
2.48493431628 3.26506 0.0312444
2.49124283111 3.28055 0.035838
2.49755537626 3.28244 0.0394932
2.50380379021 3.28724 0.0373271
2.51005045336 3.29516 0.0400151
2.51638815336 3.30828 0.0398424
2.52269694929 3.31615 0.0390956
2.52891211798 3.31771 0.0421699
2.53519495098 3.33362 0.0402879
2.54155301509 3.33493 0.0409561
2.54783359884 3.34004 0.0426476
2.55402772623 3.34264 0.0461063
2.56033571996 3.35661 0.0452749
2.56672381747 3.36558 0.0500803
2.57294751341 3.3688 0.0481849
2.57911252531 3.37241 0.050653
2.58547549612 3.37383 0.0454179
2.59185019505 3.38888 0.0521518
2.59805932148 3.3902 0.052645
2.60429715989 3.38894 0.05084
2.61067449751 3.40514 0.0541168
2.61693283418 3.41397 0.06252
2.62300854502 3.40909 0.0687539
2.62939753095 3.41483 0.0613403
2.63591057571 3.41975 0.0708523
2.64202978624 3.43412 0.0686881
2.64803951219 3.42766 0.0723958
2.65454096229 3.43156 0.0658652
2.66118028258 3.44706 0.0747917
2.66719514746 3.44735 0.0956297
2.67309090101 3.46331 0.0751082
2.67973176445 3.46133 0.0920953
2.68646693102 3.45189 0.0961201
2.69219835647 3.45028 0.110485
2.69796467721 3.45185 0.113647
2.70489193937 3.47914 0.110339
2.71182026315 3.48921 0.125588
2.71709790339 3.46953 0.160909
2.7227864466 3.47968 0.145492
2.72994784687 3.4721 0.146862
2.73706528781 3.49798 0.182318
2.74248820391 3.48665 0.282275
2.74787331837 3.47566 0.250241
2.75504313834 3.51394 0.26965
2.76219934437 3.45136 0.352902
2.76789278819 3.53182 0.705833
2.77283198247 3.5107 0.606333
2.77965581172 3.35845 1.52372
2.78599582346 102.969 3687.48
