0.0088996412247 5.235 0.267335
0.0150791221651 5.17714 0.165122
0.0214479018646 5.01112 0.100564
0.0278366077649 4.86069 0.0816543
0.034350997858 4.64321 0.0842526
0.0404788676143 4.40943 0.0708756
0.0467671668358 4.16575 0.0600628
0.0530822510177 3.90506 0.0614606
0.0594536244094 3.63107 0.0530617
0.0657622481459 3.37102 0.0434401
0.071966329067 3.13183 0.0424334
0.0782786091569 2.90402 0.0404202
0.0847039894583 2.68253 0.0333474
0.0909685462053 2.5073 0.0383754
0.0972078977683 2.35631 0.0368454
0.103476303896 2.20776 0.0273244
0.109757644425 2.08737 0.0287522
0.116054308478 1.98322 0.0252048
0.122366966654 1.89324 0.0281877
0.128681726309 1.82376 0.0237645
0.134950080166 1.77301 0.0251066
0.141194955884 1.74295 0.022991
0.147513357575 1.72651 0.020283
0.153786507425 1.71468 0.020868
0.160065754405 1.70322 0.024208
0.166399116869 1.69975 0.0194164
0.172719564578 1.69088 0.0175611
0.178976521338 1.68549 0.0167674
0.185235369065 1.68014 0.020298
0.191480678734 1.67774 0.0182771
0.197788986865 1.67792 0.0180751
0.204093773545 1.67864 0.0156879
0.210393930261 1.67629 0.0175462
0.216690970982 1.6787 0.0173714
0.222970028122 1.67634 0.0170669
0.229262002709 1.67147 0.0181197
0.235514150837 1.66599 0.0155864
0.241791058382 1.66339 0.0156709
0.248085653944 1.66232 0.0164885
0.254349225687 1.65264 0.0168859
0.260633425188 1.64998 0.0155991
0.26692573709 1.64555 0.0140466
0.273242334314 1.64255 0.0154074
0.279552968008 1.63868 0.0153452
0.285836629231 1.63403 0.0157515
0.292087627139 1.62998 0.0154076
0.298344984444 1.62605 0.0160827
0.304638263941 1.6191 0.0147776
0.3109279127 1.61712 0.014778
0.317216817162 1.60917 0.0149697
0.323518756794 1.60616 0.0162253
0.329816821755 1.60382 0.0130234
0.336117642946 1.59932 0.0155125
0.342370037571 1.59593 0.0138419
0.348647819267 1.58871 0.0142618
0.354941161441 1.58642 0.0152594
0.361191693542 1.58187 0.0125393
0.367476708956 1.57868 0.0145983
0.373764779528 1.57431 0.014094
0.380065403148 1.57 0.0150148
0.386353986126 1.56738 0.0127791
0.392614018136 1.56292 0.0123646
0.398926450032 1.56348 0.0139274
0.405207324458 1.55666 0.0117567
0.411491647757 1.55631 0.0135681
0.417781427212 1.55092 0.0138781
0.424040064873 1.54874 0.0149978
0.430342569027 1.54477 0.0144992
0.436635856026 1.54231 0.0139969
0.442899618322 1.53933 0.0127523
0.449163441853 1.53654 0.0132385
0.455441414625 1.53277 0.0141554
0.46176344703 1.53166 0.0136041
0.468064424202 1.52845 0.01544
0.474348524276 1.52562 0.0129745
0.480635613682 1.52377 0.0126086
0.486901925839 1.52248 0.0137946
0.49316970996 1.52008 0.0144664
0.499450674714 1.51901 0.0128731
0.505715905134 1.51497 0.0135266
0.511992399627 1.51572 0.0126301
0.518312609777 1.51212 0.0132686
0.524608963803 1.50961 0.0129301
0.530875730848 1.51042 0.0124604
0.537157352795 1.50749 0.0131428
0.543457956378 1.50692 0.0125208
0.549743065239 1.5047 0.0113017
0.55599374275 1.50385 0.011985
0.562285467661 1.50345 0.0112379
0.568601153723 1.5006 0.0106864
0.574880458942 1.49988 0.0127567
0.581155021034 1.4997 0.0111727
0.587439449666 1.498 0.0124989
0.59371762203 1.49729 0.0123649
0.599997195479 1.49801 0.0123504
0.606267911512 1.49682 0.0122
0.612546957644 1.49469 0.0112812
0.618847773304 1.49519 0.0131587
0.625131056744 1.49483 0.0125643
0.631402745038 1.49456 0.0121721
0.637700356273 1.49394 0.0124501
0.643985778331 1.49437 0.0122222
0.650268541717 1.49354 0.0125439
0.65655861177 1.49403 0.0120212
0.662836928236 1.49389 0.0119398
0.669118544496 1.49429 0.0129422
0.675407019858 1.49437 0.0119003
0.681683551459 1.49413 0.0126462
0.687959253386 1.49463 0.0121102
0.694234431704 1.49609 0.0120647
0.700517540243 1.49597 0.0119802
0.706812495661 1.49589 0.0123763
0.713101900967 1.49722 0.0122713
0.719391825117 1.49697 0.0124969
0.72568338076 1.49746 0.0126933
0.731965268271 1.49863 0.0139086
0.738250799048 1.5006 0.0133201
0.744526584212 1.50003 0.0107989
0.750787110194 1.50196 0.0120973
0.757075846532 1.50266 0.0119663
0.76336412336 1.50526 0.0113857
0.769646295986 1.50674 0.011754
0.775939486518 1.50813 0.0128772
0.782232914199 1.50988 0.012709
0.788531493652 1.51089 0.0125412
0.794789656698 1.51102 0.0117683
0.801049109659 1.51413 0.0113837
0.807336406173 1.51643 0.0126453
0.813622948837 1.51771 0.0115029
0.819915299896 1.51945 0.0113735
0.826195263639 1.52219 0.012637
0.832489707008 1.52473 0.0120923
0.838795930921 1.52648 0.0117192
0.84506346397 1.52714 0.0121974
0.851328286756 1.52866 0.0114933
0.85761982639 1.53181 0.0116755
0.863905847706 1.5334 0.0117729
0.870183874549 1.53563 0.0114074
0.876464109608 1.53867 0.0119595
0.88275038734 1.5418 0.0115415
0.889033276839 1.5439 0.0126141
0.895308424711 1.54611 0.0114551
0.901595652167 1.548 0.0120543
0.907883332809 1.55172 0.01113
0.914174410632 1.55446 0.0115064
0.920463081772 1.55666 0.0104566
0.926743441526 1.56038 0.0114908
0.933032419735 1.56189 0.0106955
0.939326578557 1.56603 0.0117317
0.94559748104 1.5685 0.0115031
0.951866001855 1.57188 0.0120654
0.958141325553 1.57295 0.0115026
0.964435094511 1.57945 0.011392
0.970735563357 1.5814 0.0115575
0.977008076845 1.58485 0.012091
0.983282332536 1.58765 0.0115734
0.989556969197 1.59164 0.0113003
0.995845630192 1.59605 0.0116617
1.00213621074 1.59803 0.01089
1.00840482534 1.60251 0.0113931
1.01469414984 1.60503 0.0118254
1.02099255544 1.60956 0.011656
1.02727398044 1.61356 0.0123122
1.0335591819 1.61729 0.0112861
1.03984755739 1.62171 0.012376
1.04612697494 1.62513 0.0110982
1.05240343681 1.62825 0.0110705
1.05868070465 1.63246 0.0112686
1.06496433307 1.63643 0.0113085
1.07125677744 1.64062 0.0108004
1.0775440488 1.64495 0.0111478
1.08382482019 1.64851 0.0118323
1.09010802394 1.65391 0.0111421
1.09638966596 1.65728 0.0103522
1.10268113206 1.66114 0.0108975
1.10896304759 1.66606 0.0115719
1.11522542846 1.67003 0.0103913
1.12150212761 1.67521 0.0123176
1.12779257382 1.67926 0.0118168
1.13408955267 1.68462 0.0113766
1.14036404965 1.68871 0.0105962
1.14663918032 1.69246 0.0109889
1.15294241299 1.69779 0.0108574
1.15922890675 1.70194 0.0115921
1.16550872189 1.70739 0.0106752
1.17179307626 1.71117 0.0117437
1.17808743637 1.71715 0.0108629
1.18436765425 1.72097 0.011071
1.1906346423 1.72599 0.0105731
1.19691220883 1.73183 0.0103815
1.20320157735 1.73607 0.0115492
1.20948684444 1.74112 0.01096
1.21576390207 1.74708 0.0107623
1.22204975517 1.75121 0.0116446
1.22834061662 1.75618 0.0108064
1.23463298658 1.76139 0.0116956
1.24090224718 1.76735 0.0113382
1.24717483914 1.77228 0.01032
1.25346545993 1.77835 0.0109954
1.25974995189 1.78328 0.0116075
1.26603214313 1.78772 0.0104052
1.27231628847 1.79335 0.011555
1.27860415506 1.79954 0.0106598
1.28488658893 1.80434 0.0114904
1.29117542007 1.81013 0.0111747
1.29746572637 1.81514 0.0102333
1.30374182701 1.82071 0.011701
1.31001732292 1.82627 0.0105033
1.31630144766 1.83181 0.0114803
1.32258676036 1.83755 0.0103804
1.32886549245 1.84315 0.0101091
1.33514480495 1.84992 0.0102683
1.34144051627 1.85403 0.0116712
1.34773086842 1.8613 0.0114694
1.35400158999 1.86641 0.0102725
1.3602826093 1.87261 0.0111754
1.36656568646 1.87802 0.0115139
1.37285149848 1.88382 0.0112884
1.37913537293 1.89002 0.0111903
1.38540956715 1.89545 0.0105285
1.39169864122 1.90151 0.0109983
1.39798445144 1.90729 0.0110603
1.40426788341 1.91325 0.0102548
1.41055477948 1.91932 0.0104978
1.41683783355 1.92365 0.0107108
1.42311817719 1.9307 0.0124364
1.42939780116 1.93612 0.0103299
1.43568692182 1.94277 0.0120367
1.44197712177 1.94803 0.0107668
1.44825366785 1.95439 0.0112542
1.45453234897 1.95996 0.0112736
1.46081931915 1.96597 0.0107757
1.4671103644 1.97191 0.0110241
1.47339290895 1.97738 0.0113447
1.47966996524 1.98394 0.0112561
1.4859561446 1.99009 0.0108929
1.49223361076 1.99508 0.0107155
1.49850247038 2.00136 0.0116403
1.50478575205 2.00607 0.0114323
1.51107599189 2.01261 0.0106279
1.51736163499 2.01706 0.0110123
1.52364857097 2.02403 0.0110969
1.52993803572 2.02928 0.0125089
1.53623017691 2.03549 0.0106116
1.54251071878 2.04105 0.0109936
1.54878396308 2.04644 0.0120389
1.55507306978 2.05138 0.012722
1.56135732493 2.05721 0.0109662
1.56762912105 2.06181 0.0109625
1.5739136974 2.06845 0.0113405
1.58020354523 2.07254 0.0125292
1.58648539343 2.07785 0.0114893
1.59276001426 2.08256 0.0121347
1.59904643639 2.0881 0.0118344
1.60534213664 2.0927 0.012339
1.61161976836 2.09877 0.0115247
1.61789716835 2.10459 0.0115221
1.62418270854 2.1116 0.0112588
1.63046407995 2.11855 0.0105279
1.63674824683 2.12493 0.0118516
1.64303013827 2.13131 0.0116917
1.64930808063 2.13829 0.0112502
1.65559224863 2.14606 0.0119059
1.66187827598 2.15194 0.011823
1.66816823994 2.15772 0.0109198
1.6744495611 2.16498 0.0109729
1.68072138563 2.1713 0.010838
1.68701215424 2.17897 0.0123858
1.6933074808 2.18356 0.0124985
1.69958064303 2.19118 0.01137
1.70586179344 2.19748 0.0123099
1.71215172419 2.20426 0.0127927
1.71843538617 2.21054 0.0122664
1.72471844694 2.21711 0.01234
1.73099491844 2.22354 0.0115208
1.73728636032 2.23036 0.0123941
1.74356630258 2.23667 0.0121965
1.74983600778 2.24379 0.011986
1.75612327869 2.25042 0.0115124
1.76241061606 2.25743 0.0123467
1.76869357896 2.26267 0.0124481
1.77497674839 2.26924 0.0121373
1.78126362161 2.27628 0.0120528
1.78754574761 2.28205 0.0126866
1.7938272923 2.28978 0.0121173
1.80010772174 2.29714 0.0118641
1.80639091391 2.30275 0.0119283
1.81267451427 2.3097 0.012279
1.81895363524 2.31677 0.0130859
1.82523850291 2.32268 0.0125218
1.8315236862 2.32975 0.0124895
1.83781040898 2.3366 0.0112767
1.84409642612 2.34265 0.0120625
1.8503769215 2.34927 0.0132789
1.85666074594 2.35634 0.0128944
1.86294359809 2.36233 0.0121069
1.86922204917 2.36838 0.0121083
1.87550781357 2.37613 0.0135494
1.88179499507 2.38284 0.0129768
1.88807781314 2.38893 0.0129976
1.89435244502 2.39547 0.0125618
1.90063796885 2.40194 0.0118466
1.90692833723 2.40808 0.0139666
1.91320221586 2.415 0.0133485
1.91948223445 2.42191 0.0132534
1.92577010575 2.42951 0.013664
1.93206491035 2.43522 0.0138401
1.93834071151 2.44263 0.0123143
1.94460828613 2.44756 0.0143578
1.9508968614 2.45442 0.0140161
1.95718811973 2.46247 0.0133558
1.96347509207 2.46813 0.0136554
1.9697553281 2.47532 0.014481
1.9760413775 2.48167 0.0143508
1.98233260336 2.48832 0.0135538
1.98861171931 2.49457 0.0141335
1.99488792869 2.50234 0.0157742
2.00117304134 2.50655 0.0143174
2.00745262249 2.51298 0.0159412
2.01372721862 2.52113 0.015217
2.02001108039 2.52933 0.015481
2.02630405283 2.53387 0.0159423
2.03258735828 2.54024 0.0140978
2.03886100377 2.54607 0.0147593
2.04514489951 2.55277 0.0149306
2.05143683626 2.55976 0.0158003
2.05772382203 2.56577 0.0148778
2.0640044634 2.57016 0.0156136
2.07029278421 2.57664 0.0156751
2.07658471853 2.58188 0.0167703
2.08285424307 2.59039 0.0157035
2.08912259138 2.59554 0.0169396
2.09541730178 2.60264 0.0169007
2.10170304464 2.60682 0.0172546
2.10797273337 2.61455 0.0164953
2.11425579676 2.62013 0.0167751
2.12053788985 2.62666 0.0182197
2.12682075079 2.63071 0.017175
2.13310670204 2.63764 0.017456
2.13940011923 2.64512 0.0179445
2.14568939859 2.65006 0.0172255
2.15195789682 2.65508 0.0186214
2.15824033347 2.66003 0.0167103
2.16453048092 2.6675 0.0182082
2.17081716829 2.67024 0.018017
2.17709912993 2.67792 0.0190226
2.18337674027 2.68404 0.0172151
2.18965452646 2.68815 0.0181498
2.19593814184 2.69369 0.0183622
2.20221722867 2.6989 0.0197654
2.20849850085 2.70691 0.0205453
2.21479372465 2.71171 0.020876
2.22107581834 2.7179 0.0190438
2.22733812199 2.71999 0.0194653
2.23362792264 2.72765 0.0178764
2.2399287897 2.73422 0.0204696
2.24620084223 2.73995 0.0195414
2.2524810722 2.74666 0.0203992
2.25875993301 2.75235 0.0209885
2.26503776668 2.7589 0.0192169
2.27130391144 2.76761 0.0194898
2.27758972822 2.7759 0.0207512
2.28389830542 2.78225 0.0220933
2.29017001225 2.78852 0.023049
2.29645357402 2.79479 0.02097
2.30275372852 2.80292 0.0238041
2.30903325986 2.81234 0.0239768
2.31530674049 2.81796 0.0232618
2.32158490306 2.82614 0.0246532
2.3278758488 2.83157 0.0237614
2.33415543799 2.83744 0.0217776
2.34041936871 2.84192 0.0264602
2.34670710068 2.85074 0.0254187
2.3530032916 2.85669 0.0249879
2.35928989445 2.86424 0.0243632
2.36555387699 2.87 0.0275401
2.37182578571 2.87468 0.0262831
2.3781409032 2.87915 0.0275766
2.38442809259 2.88788 0.0269749
2.39069258243 2.89164 0.0301316
2.39698813839 2.89666 0.0281053
2.40330354843 2.90542 0.0255753
2.40957307365 2.91323 0.0314344
2.41583080138 2.9169 0.0322256
2.42214385676 2.92861 0.0296732
2.42843005755 2.92882 0.0338473
2.43467776878 2.93289 0.0314825
2.44097021258 2.94601 0.0333905
2.44729898127 2.95024 0.0319242
2.45356911846 2.95436 0.0357956
2.45980003814 2.96031 0.0333162
2.4661092349 2.96469 0.033322
2.47241430729 2.96753 0.0350139
2.47866355169 2.98062 0.0377285
2.48493431628 2.98036 0.0313477
2.49124283111 2.99357 0.0361796
2.49755537626 2.98928 0.0371172
2.50380379021 2.99787 0.0341972
2.51005045336 3.00241 0.0377104
2.51638815336 3.0064 0.0409754
2.52269694929 3.01517 0.0386365
2.52891211798 3.01586 0.0451994
2.53519495098 3.02926 0.0465217
2.54155301509 3.03622 0.0438868
2.54783359884 3.03731 0.0437162
2.55402772623 3.04174 0.047923
2.56033571996 3.04932 0.0446542
2.56672381747 3.06098 0.0457999
2.57294751341 3.05139 0.0523541
2.57911252531 3.06541 0.0524411
2.58547549612 3.06223 0.0449098
2.59185019505 3.06871 0.046693
2.59805932148 3.07488 0.059672
2.60429715989 3.07332 0.050389
2.61067449751 3.08519 0.0561441
2.61693283418 3.08623 0.0648827
2.62300854502 3.09346 0.0628284
2.62939753095 3.08769 0.0542896
2.63591057571 3.09371 0.0695443
2.64202978624 3.10366 0.0676835
2.64803951219 3.10211 0.0726264
2.65454096229 3.10467 0.0717211
2.66118028258 3.1122 0.0758574
2.66719514746 3.12345 0.0943326
2.67309090101 3.12541 0.0724328
2.67973176445 3.122 0.0984791
2.68646693102 3.12808 0.0867817
2.69219835647 3.11947 0.110225
2.69796467721 3.12327 0.107427
2.70489193937 3.12678 0.106449
2.71182026315 3.15723 0.095507
2.71709790339 3.13545 0.163141
2.7227864466 3.12902 0.135779
2.72994784687 3.1394 0.155311
2.73706528781 3.12649 0.196361
2.74248820391 3.12985 0.284023
2.74787331837 3.08746 0.221401
2.75504313834 3.1489 0.272501
2.76219934437 3.10581 0.357002
2.76789278819 3.19313 0.63949
2.77283198247 3.14289 0.691432
2.77965581172 3.22283 1.37747
2.78599582346 -28.4288 255.96
