0.0088996412247 0.808622 0.124187
0.0150791221651 0.808511 0.0692137
0.0214479018646 0.813688 0.0453219
0.0278366077649 0.822295 0.0429956
0.034350997858 0.829185 0.0341395
0.0404788676143 0.826611 0.0302023
0.0467671668358 0.828171 0.0268214
0.0530822510177 0.833419 0.025311
0.0594536244094 0.835133 0.0238325
0.0657622481459 0.837922 0.0218875
0.071966329067 0.839203 0.0210893
0.0782786091569 0.841506 0.0173157
0.0847039894583 0.838165 0.0175928
0.0909685462053 0.839218 0.0186825
0.0972078977683 0.834875 0.0179519
0.103476303896 0.831915 0.0160785
0.109757644425 0.837339 0.0181962
0.116054308478 0.832899 0.0162191
0.122366966654 0.835137 0.0165924
0.128681726309 0.838669 0.0182055
0.134950080166 0.838647 0.0175641
0.141194955884 0.835685 0.0166874
0.147513357575 0.833474 0.0161558
0.153786507425 0.828454 0.014227
0.160065754405 0.829157 0.0153601
0.166399116869 0.826054 0.0152865
0.172719564578 0.825632 0.014042
0.178976521338 0.824472 0.0133212
0.185235369065 0.829722 0.0141185
0.191480678734 0.831987 0.0130478
0.197788986865 0.83274 0.0148833
0.204093773545 0.830606 0.0125424
0.210393930261 0.831851 0.0123078
0.216690970982 0.829785 0.0140163
0.222970028122 0.832137 0.0126753
0.229262002709 0.83157 0.0137098
0.235514150837 0.830768 0.0149656
0.241791058382 0.832235 0.0123063
0.248085653944 0.838549 0.0140344
0.254349225687 0.839221 0.0112281
0.260633425188 0.842121 0.0111268
0.26692573709 0.842654 0.0136626
0.273242334314 0.845265 0.0105983
0.279552968008 0.848504 0.0133287
0.285836629231 0.851272 0.0116427
0.292087627139 0.852233 0.0108701
0.298344984444 0.856242 0.0125225
0.304638263941 0.859893 0.0115617
0.3109279127 0.86051 0.0113247
0.317216817162 0.866864 0.0123876
0.323518756794 0.869481 0.0127193
0.329816821755 0.875684 0.012166
0.336117642946 0.88073 0.011693
0.342370037571 0.884185 0.0111552
0.348647819267 0.888329 0.0107023
0.354941161441 0.891667 0.0119307
0.361191693542 0.89626 0.0110551
0.367476708956 0.902367 0.0115326
0.373764779528 0.907003 0.0119317
0.380065403148 0.912139 0.0102256
0.386353986126 0.917875 0.0110746
0.392614018136 0.923498 0.0101145
0.398926450032 0.92908 0.0116036
0.405207324458 0.933388 0.00956925
0.411491647757 0.938778 0.0104506
0.417781427212 0.94536 0.0116837
0.424040064873 0.950859 0.0115341
0.430342569027 0.956633 0.0100889
0.436635856026 0.963151 0.0120336
0.442899618322 0.968538 0.0101409
0.449163441853 0.973471 0.011124
0.455441414625 0.980427 0.0113137
0.46176344703 0.986449 0.0107776
0.468064424202 0.993793 0.0108912
0.474348524276 0.999444 0.0117582
0.480635613682 1.00741 0.0104513
0.486901925839 1.01401 0.0102051
0.49316970996 1.01973 0.0114301
0.499450674714 1.02824 0.0109782
0.505715905134 1.03318 0.0110422
0.511992399627 1.0394 0.0111665
0.518312609777 1.04721 0.0102082
0.524608963803 1.05152 0.0102107
0.530875730848 1.05976 0.0103692
0.537157352795 1.06691 0.0102056
0.543457956378 1.07221 0.0107979
0.549743065239 1.08053 0.0109512
0.55599374275 1.08637 0.0104033
0.562285467661 1.09468 0.00947809
0.568601153723 1.10306 0.0103653
0.574880458942 1.10865 0.0103188
0.581155021034 1.11542 0.0104378
0.587439449666 1.12169 0.0113912
0.59371762203 1.1285 0.00989191
0.599997195479 1.13587 0.0114726
0.606267911512 1.14158 0.0106728
0.612546957644 1.14919 0.00993472
0.618847773304 1.15625 0.0113037
0.625131056744 1.16389 0.0111683
0.631402745038 1.16998 0.00950401
0.637700356273 1.1764 0.0118963
0.643985778331 1.18392 0.0108508
0.650268541717 1.19008 0.0106329
0.65655861177 1.19713 0.00999259
0.662836928236 1.20444 0.0106685
0.669118544496 1.21087 0.0103875
0.675407019858 1.21728 0.0112858
0.681683551459 1.22464 0.0111903
0.687959253386 1.23172 0.0117919
0.694234431704 1.23919 0.0103147
0.700517540243 1.24534 0.00972013
0.706812495661 1.25149 0.0104506
0.713101900967 1.25817 0.00983718
0.719391825117 1.26567 0.0102249
0.72568338076 1.27172 0.0113357
0.731965268271 1.27838 0.0108125
0.738250799048 1.28417 0.0103904
0.744526584212 1.29001 0.00962403
0.750787110194 1.29824 0.010777
0.757075846532 1.30313 0.0115234
0.76336412336 1.312 0.0102816
0.769646295986 1.31693 0.0103913
0.775939486518 1.32312 0.00995722
0.782232914199 1.32975 0.0107368
0.788531493652 1.33693 0.010835
0.794789656698 1.34231 0.010702
0.801049109659 1.34698 0.0112523
0.807336406173 1.35454 0.0118646
0.813622948837 1.36056 0.0101344
0.819915299896 1.36624 0.0115384
0.826195263639 1.37283 0.0116035
0.832489707008 1.37972 0.0108487
0.838795930921 1.384 0.0105562
0.84506346397 1.39033 0.0110564
0.851328286756 1.3965 0.00930734
0.85761982639 1.40197 0.0108532
0.863905847706 1.40811 0.0110153
0.870183874549 1.41276 0.0106468
0.876464109608 1.41958 0.00999385
0.88275038734 1.42684 0.0105411
0.889033276839 1.43073 0.0105066
0.895308424711 1.43711 0.0109305
0.901595652167 1.44259 0.0105304
0.907883332809 1.44786 0.0111229
0.914174410632 1.45211 0.0106351
0.920463081772 1.45881 0.0110791
0.926743441526 1.46589 0.0107179
0.933032419735 1.47149 0.010598
0.939326578557 1.47633 0.0100309
0.94559748104 1.48119 0.00975331
0.951866001855 1.48721 0.0115279
0.958141325553 1.49146 0.0104617
0.964435094511 1.49723 0.0105065
0.970735563357 1.504 0.00959495
0.977008076845 1.51033 0.0112014
0.983282332536 1.51425 0.00980381
0.989556969197 1.51958 0.0108434
0.995845630192 1.52551 0.00899644
1.00213621074 1.53015 0.0100167
1.00840482534 1.53658 0.0115034
1.01469414984 1.54043 0.0104921
1.02099255544 1.5467 0.0104328
1.02727398044 1.55193 0.0108684
1.0335591819 1.55815 0.0107847
1.03984755739 1.56348 0.0108901
1.04612697494 1.56858 0.0105052
1.05240343681 1.57184 0.00996692
1.05868070465 1.57774 0.0102716
1.06496433307 1.58393 0.0107294
1.07125677744 1.58887 0.0109424
1.0775440488 1.59271 0.0103838
1.08382482019 1.59982 0.0117024
1.09010802394 1.60483 0.0105699
1.09638966596 1.60938 0.0100522
1.10268113206 1.61453 0.00962586
1.10896304759 1.61947 0.0102981
1.11522542846 1.62547 0.00983509
1.12150212761 1.63128 0.0119093
1.12779257382 1.63457 0.0100122
1.13408955267 1.64219 0.0103036
1.14036404965 1.64633 0.0110861
1.14663918032 1.65148 0.0107168
1.15294241299 1.65685 0.0107613
1.15922890675 1.66191 0.0114287
1.16550872189 1.6664 0.011469
1.17179307626 1.67128 0.00982037
1.17808743637 1.67836 0.0109427
1.18436765425 1.68301 0.0103244
1.1906346423 1.68844 0.0104148
1.19691220883 1.69262 0.0099169
1.20320157735 1.69792 0.0109604
1.20948684444 1.7043 0.0104725
1.21576390207 1.70997 0.0110161
1.22204975517 1.71383 0.0105355
1.22834061662 1.7201 0.0109917
1.23463298658 1.72532 0.0105514
1.24090224718 1.73063 0.0104612
1.24717483914 1.73594 0.009988
1.25346545993 1.74222 0.0109184
1.25974995189 1.7464 0.0099905
1.26603214313 1.75159 0.0104355
1.27231628847 1.75688 0.0107246
1.27860415506 1.76257 0.0100443
1.28488658893 1.76798 0.0105726
1.29117542007 1.77332 0.0100367
1.29746572637 1.77853 0.0100117
1.30374182701 1.78404 0.00998255
1.31001732292 1.78943 0.0108661
1.31630144766 1.79552 0.0104928
1.32258676036 1.8003 0.0103045
1.32886549245 1.80606 0.00996316
1.33514480495 1.81151 0.0102329
1.34144051627 1.81654 0.0106612
1.34773086842 1.82287 0.0107655
1.35400158999 1.82778 0.0103102
1.3602826093 1.83364 0.0110817
1.36656568646 1.83931 0.0107803
1.37285149848 1.84359 0.00962457
1.37913537293 1.84958 0.0110526
1.38540956715 1.85587 0.00995347
1.39169864122 1.86074 0.0107358
1.39798445144 1.86768 0.00976899
1.40426788341 1.87202 0.0101852
1.41055477948 1.87769 0.0101118
1.41683783355 1.88323 0.0107817
1.42311817719 1.88831 0.0115242
1.42939780116 1.89373 0.00996448
1.43568692182 1.89821 0.0117666
1.44197712177 1.90535 0.010785
1.44825366785 1.91026 0.0099222
1.45453234897 1.91542 0.0100893
1.46081931915 1.9213 0.0105975
1.4671103644 1.92643 0.0113383
1.47339290895 1.93175 0.0106936
1.47966996524 1.93666 0.0104949
1.4859561446 1.94232 0.010921
1.49223361076 1.94727 0.0107563
1.49850247038 1.95286 0.0103198
1.50478575205 1.95775 0.010991
1.51107599189 1.96343 0.0102775
1.51736163499 1.96725 0.0107979
1.52364857097 1.97296 0.0105447
1.52993803572 1.97909 0.0108045
1.53623017691 1.98234 0.0108409
1.54251071878 1.98823 0.0110658
1.54878396308 1.99361 0.0102594
1.55507306978 1.99782 0.0110364
1.56135732493 2.00322 0.0112194
1.56762912105 2.00807 0.0116819
1.5739136974 2.01241 0.0109551
1.58020354523 2.01766 0.0104086
1.58648539343 2.02098 0.0106767
1.59276001426 2.02565 0.0108572
1.59904643639 2.03052 0.0101609
1.60534213664 2.03408 0.0108449
1.61161976836 2.04275 0.0122832
1.61789716835 2.04533 0.0107639
1.62418270854 2.0514 0.0108482
1.63046407995 2.05723 0.0109195
1.63674824683 2.06322 0.0104968
1.64303013827 2.06877 0.0112879
1.64930808063 2.07478 0.00994255
1.65559224863 2.08152 0.0117697
1.66187827598 2.08666 0.0119038
1.66816823994 2.09231 0.0105365
1.6744495611 2.09795 0.0105889
1.68072138563 2.1032 0.0116486
1.68701215424 2.1097 0.01185
1.6933074808 2.1158 0.0113461
1.69958064303 2.12165 0.0103142
1.70586179344 2.12667 0.0121215
1.71215172419 2.13257 0.0117849
1.71843538617 2.13894 0.0110946
1.72471844694 2.14347 0.0112444
1.73099491844 2.14888 0.0117857
1.73728636032 2.15607 0.0120954
1.74356630258 2.1601 0.0111315
1.74983600778 2.16685 0.0108132
1.75612327869 2.17268 0.0109044
1.76241061606 2.17865 0.0124684
1.76869357896 2.18322 0.0123086
1.77497674839 2.19044 0.0119171
1.78126362161 2.19523 0.0116049
1.78754574761 2.19998 0.0120571
1.7938272923 2.20682 0.0123981
1.80010772174 2.21275 0.0120564
1.80639091391 2.21793 0.0133086
1.81267451427 2.22413 0.0133135
1.81895363524 2.2293 0.0116704
1.82523850291 2.235 0.0130446
1.8315236862 2.2411 0.0119039
1.83781040898 2.24732 0.0112419
1.84409642612 2.25225 0.0132544
1.8503769215 2.25791 0.0142504
1.85666074594 2.26409 0.012562
1.86294359809 2.26786 0.0126208
1.86922204917 2.27379 0.0119415
1.87550781357 2.28007 0.0127959
1.88179499507 2.28593 0.0130388
1.88807781314 2.29124 0.0117753
1.89435244502 2.29629 0.011961
1.90063796885 2.3023 0.0120917
1.90692833723 2.30773 0.0123673
1.91320221586 2.31355 0.0136811
1.91948223445 2.31884 0.0137381
1.92577010575 2.32516 0.0128494
1.93206491035 2.32923 0.0135745
1.93834071151 2.33421 0.0133258
1.94460828613 2.33883 0.013559
1.9508968614 2.34522 0.0134944
1.95718811973 2.35148 0.0140493
1.96347509207 2.35633 0.0128262
1.9697553281 2.36118 0.0137286
1.9760413775 2.36799 0.0135756
1.98233260336 2.37316 0.0138148
1.98861171931 2.37762 0.0125484
1.99488792869 2.38356 0.0145244
2.00117304134 2.38755 0.0145556
2.00745262249 2.39429 0.01401
2.01372721862 2.39964 0.0151938
2.02001108039 2.40479 0.0137744
2.02630405283 2.40955 0.0140711
2.03258735828 2.41459 0.0151649
2.03886100377 2.41925 0.0156411
2.04514489951 2.42543 0.0157917
2.05143683626 2.43021 0.0151508
2.05772382203 2.43505 0.0146316
2.0640044634 2.43961 0.0142829
2.07029278421 2.44341 0.0136282
2.07658471853 2.44953 0.0152184
2.08285424307 2.45611 0.0145726
2.08912259138 2.458 0.0144649
2.09541730178 2.46525 0.0156606
2.10170304464 2.46942 0.0161357
2.10797273337 2.4728 0.0135863
2.11425579676 2.47813 0.0161684
2.12053788985 2.48305 0.0168092
2.12682075079 2.48722 0.0165564
2.13310670204 2.49212 0.0174117
2.13940011923 2.49603 0.0165401
2.14568939859 2.50232 0.0151627
2.15195789682 2.50719 0.0165792
2.15824033347 2.50923 0.0167851
2.16453048092 2.51332 0.0156478
2.17081716829 2.51797 0.0164429
2.17709912993 2.5243 0.0163681
2.18337674027 2.52824 0.0166172
2.18965452646 2.53167 0.015449
2.19593814184 2.5372 0.0164668
2.20221722867 2.53792 0.0173032
2.20849850085 2.5463 0.0177866
2.21479372465 2.54967 0.0182728
2.22107581834 2.55499 0.017163
2.22733812199 2.55897 0.0181427
2.23362792264 2.56165 0.0167095
2.2399287897 2.56988 0.0196656
2.24620084223 2.57245 0.0191529
2.2524810722 2.57738 0.020479
2.25875993301 2.58352 0.0199674
2.26503776668 2.59016 0.0182131
2.27130391144 2.59237 0.0199051
2.27758972822 2.60129 0.0176555
2.28389830542 2.60488 0.0227875
2.29017001225 2.61387 0.0218282
2.29645357402 2.61755 0.0210701
2.30275372852 2.62086 0.0235583
2.30903325986 2.62716 0.0227248
2.31530674049 2.63473 0.0210546
2.32158490306 2.63606 0.0209666
2.3278758488 2.6392 0.0226214
2.33415543799 2.64755 0.0205972
2.34041936871 2.65166 0.0196463
2.34670710068 2.65512 0.0232872
2.3530032916 2.66377 0.0231485
2.35928989445 2.66572 0.0210146
2.36555387699 2.6723 0.0256783
2.37182578571 2.67299 0.0239563
2.3781409032 2.68027 0.0237592
2.38442809259 2.68624 0.0241533
2.39069258243 2.68826 0.0249256
2.39698813839 2.69196 0.0234539
2.40330354843 2.69876 0.0257448
2.40957307365 2.7027 0.0235897
2.41583080138 2.70767 0.0275738
2.42214385676 2.70991 0.0300572
2.42843005755 2.7162 0.0285406
2.43467776878 2.72299 0.0266419
2.44097021258 2.72514 0.0266234
2.44729898127 2.73311 0.0314461
2.45356911846 2.73146 0.0289335
2.45980003814 2.73643 0.0319552
2.4661092349 2.74302 0.0307577
2.47241430729 2.74177 0.0308444
2.47866355169 2.75381 0.0336708
2.48493431628 2.75461 0.0309737
2.49124283111 2.7568 0.0362997
2.49755537626 2.76476 0.0320243
2.50380379021 2.7697 0.0306592
2.51005045336 2.77421 0.0366983
2.51638815336 2.76826 0.0366487
2.52269694929 2.77476 0.0322432
2.52891211798 2.7786 0.0381922
2.53519495098 2.78183 0.0356824
2.54155301509 2.78803 0.0380403
2.54783359884 2.78662 0.0436843
2.55402772623 2.80198 0.0396009
2.56033571996 2.79862 0.0422598
2.56672381747 2.80104 0.0482097
2.57294751341 2.80192 0.041752
2.57911252531 2.81374 0.0417302
2.58547549612 2.81194 0.0470368
2.59185019505 2.81278 0.0482743
2.59805932148 2.81263 0.0487387
2.60429715989 2.82434 0.0409457
2.61067449751 2.83465 0.0515402
2.61693283418 2.82308 0.0616681
2.62300854502 2.82941 0.0561122
2.62939753095 2.82543 0.0574738
2.63591057571 2.83058 0.0642787
2.64202978624 2.8306 0.0709332
2.64803951219 2.84271 0.0615277
2.65454096229 2.84132 0.0684703
2.66118028258 2.83355 0.0722413
2.66719514746 2.84071 0.0670429
2.67309090101 2.84185 0.0664286
2.67973176445 2.84436 0.0795311
2.68646693102 2.8583 0.082511
2.69219835647 2.8375 0.0921361
2.69796467721 2.83838 0.09534
2.70489193937 2.8412 0.100068
2.71182026315 2.83943 0.111269
2.71709790339 2.86897 0.155614
2.7227864466 2.8494 0.115986
2.72994784687 2.8395 0.136657
2.73706528781 2.84294 0.183032
2.74248820391 2.86999 0.245453
2.74787331837 2.8561 0.223702
2.75504313834 2.88445 0.242393
2.76219934437 2.88396 0.357143
2.76789278819 2.78898 0.526252
2.77283198247 2.84935 0.619118
2.77965581172 2.82081 1.55458
2.78599582346 -78.9026 3396.53
