0.0088996412247 0.315182 0.138428
0.0150791221651 0.324414 0.0903947
0.0214479018646 0.332077 0.0467804
0.0278366077649 0.334257 0.0528015
0.034350997858 0.350199 0.0379671
0.0404788676143 0.346522 0.0343583
0.0467671668358 0.355504 0.0358295
0.0530822510177 0.366318 0.0311822
0.0594536244094 0.371445 0.0291959
0.0657622481459 0.376916 0.0280541
0.071966329067 0.389345 0.0257698
0.0782786091569 0.397064 0.0204183
0.0847039894583 0.402245 0.0192902
0.0909685462053 0.408171 0.0211302
0.0972078977683 0.407705 0.0217486
0.103476303896 0.414456 0.0206446
0.109757644425 0.430244 0.0202835
0.116054308478 0.436808 0.018525
0.122366966654 0.451034 0.0189616
0.128681726309 0.464546 0.0187212
0.134950080166 0.475939 0.0197433
0.141194955884 0.481926 0.0174117
0.147513357575 0.490856 0.0167115
0.153786507425 0.496171 0.0154932
0.160065754405 0.509716 0.0173137
0.166399116869 0.517601 0.0154726
0.172719564578 0.530669 0.0146899
0.178976521338 0.544849 0.0159044
0.185235369065 0.561952 0.015688
0.191480678734 0.578415 0.0140486
0.197788986865 0.594486 0.0145079
0.204093773545 0.606372 0.0137286
0.210393930261 0.620745 0.013005
0.216690970982 0.63299 0.0131974
0.222970028122 0.648465 0.0134049
0.229262002709 0.659449 0.0151389
0.235514150837 0.676344 0.0152533
0.241791058382 0.691979 0.012214
0.248085653944 0.710987 0.0143883
0.254349225687 0.728256 0.0127088
0.260633425188 0.744166 0.012225
0.26692573709 0.758538 0.0126221
0.273242334314 0.775373 0.0122693
0.279552968008 0.790727 0.0135325
0.285836629231 0.806605 0.0116444
0.292087627139 0.819842 0.0125796
0.298344984444 0.835191 0.0123776
0.304638263941 0.851549 0.0116321
0.3109279127 0.864594 0.0122393
0.317216817162 0.883818 0.0128706
0.323518756794 0.897298 0.0121285
0.329816821755 0.913594 0.0124715
0.336117642946 0.928645 0.0104495
0.342370037571 0.942118 0.0120542
0.348647819267 0.956856 0.0102624
0.354941161441 0.970066 0.0126624
0.361191693542 0.980973 0.0108999
0.367476708956 0.996937 0.0115464
0.373764779528 1.00888 0.0128186
0.380065403148 1.02145 0.0114862
0.386353986126 1.03493 0.0118893
0.392614018136 1.04716 0.0115508
0.398926450032 1.05916 0.0112889
0.405207324458 1.06836 0.0105292
0.411491647757 1.07882 0.0111633
0.417781427212 1.09034 0.0122576
0.424040064873 1.10013 0.0125674
0.430342569027 1.1097 0.0117213
0.436635856026 1.12007 0.0106292
0.442899618322 1.12935 0.0108241
0.449163441853 1.13589 0.0131661
0.455441414625 1.14603 0.0110778
0.46176344703 1.15287 0.0118212
0.468064424202 1.1625 0.0109805
0.474348524276 1.16938 0.0109762
0.480635613682 1.17814 0.010438
0.486901925839 1.18596 0.0113092
0.49316970996 1.19161 0.0121795
0.499450674714 1.20117 0.0119654
0.505715905134 1.20413 0.0113734
0.511992399627 1.21067 0.0131647
0.518312609777 1.21683 0.00997518
0.524608963803 1.22201 0.010476
0.530875730848 1.22876 0.0114242
0.537157352795 1.23527 0.0111719
0.543457956378 1.23836 0.0119013
0.549743065239 1.24468 0.0108014
0.55599374275 1.24821 0.0116049
0.562285467661 1.2545 0.011017
0.568601153723 1.2621 0.0126907
0.574880458942 1.26321 0.0108168
0.581155021034 1.26804 0.0124746
0.587439449666 1.27151 0.0115676
0.59371762203 1.27596 0.0106449
0.599997195479 1.28159 0.0124778
0.606267911512 1.28306 0.0114975
0.612546957644 1.28864 0.0109903
0.618847773304 1.29356 0.0118657
0.625131056744 1.29574 0.0115533
0.631402745038 1.30089 0.0101851
0.637700356273 1.30406 0.0118498
0.643985778331 1.30883 0.0115526
0.650268541717 1.31135 0.0112949
0.65655861177 1.31646 0.0115738
0.662836928236 1.31986 0.0110057
0.669118544496 1.32335 0.0114703
0.675407019858 1.32738 0.0116515
0.681683551459 1.33088 0.0124936
0.687959253386 1.33448 0.0118832
0.694234431704 1.33888 0.0110427
0.700517540243 1.34252 0.0106358
0.706812495661 1.34581 0.0109904
0.713101900967 1.35103 0.0111786
0.719391825117 1.35512 0.0104428
0.72568338076 1.35836 0.0115681
0.731965268271 1.36216 0.0114732
0.738250799048 1.36643 0.011083
0.744526584212 1.37029 0.0105251
0.750787110194 1.37492 0.0109057
0.757075846532 1.37802 0.0111585
0.76336412336 1.38357 0.0112609
0.769646295986 1.38772 0.0113635
0.775939486518 1.39106 0.0102595
0.782232914199 1.3959 0.0114502
0.788531493652 1.4008 0.0114426
0.794789656698 1.40521 0.011553
0.801049109659 1.40788 0.0115906
0.807336406173 1.41545 0.0118333
0.813622948837 1.41764 0.00967342
0.819915299896 1.42335 0.0116237
0.826195263639 1.4271 0.0103742
0.832489707008 1.43241 0.0118178
0.838795930921 1.43542 0.010433
0.84506346397 1.44053 0.0108945
0.851328286756 1.44577 0.00948447
0.85761982639 1.44967 0.0107214
0.863905847706 1.45547 0.010382
0.870183874549 1.45899 0.0102483
0.876464109608 1.46459 0.0100936
0.88275038734 1.46949 0.0105201
0.889033276839 1.47368 0.0101432
0.895308424711 1.47864 0.0106487
0.901595652167 1.48356 0.0111499
0.907883332809 1.48786 0.0110016
0.914174410632 1.49177 0.0105822
0.920463081772 1.49811 0.0107982
0.926743441526 1.50321 0.0117843
0.933032419735 1.50842 0.0108642
0.939326578557 1.51323 0.0103873
0.94559748104 1.51759 0.0100303
0.951866001855 1.52231 0.0121133
0.958141325553 1.527 0.0101189
0.964435094511 1.53229 0.0104755
0.970735563357 1.53902 0.00982537
0.977008076845 1.5445 0.0117606
0.983282332536 1.54824 0.0105152
0.989556969197 1.55306 0.0107435
0.995845630192 1.55944 0.00949486
1.00213621074 1.56417 0.00993161
1.00840482534 1.56968 0.0110679
1.01469414984 1.57342 0.0104729
1.02099255544 1.57968 0.0106918
1.02727398044 1.58433 0.0112151
1.0335591819 1.59067 0.0118389
1.03984755739 1.59538 0.0112122
1.04612697494 1.60131 0.0114279
1.05240343681 1.60539 0.010058
1.05868070465 1.61115 0.0104543
1.06496433307 1.61797 0.010905
1.07125677744 1.62164 0.0109789
1.0775440488 1.62589 0.0110367
1.08382482019 1.63351 0.0121959
1.09010802394 1.63814 0.0104941
1.09638966596 1.64397 0.0093161
1.10268113206 1.64926 0.0102966
1.10896304759 1.65452 0.0102374
1.11522542846 1.66014 0.0109896
1.12150212761 1.66634 0.0120678
1.12779257382 1.67072 0.00990021
1.13408955267 1.67747 0.011122
1.14036404965 1.6826 0.0111125
1.14663918032 1.68811 0.0106961
1.15294241299 1.69426 0.0103593
1.15922890675 1.69925 0.0106989
1.16550872189 1.70456 0.0110943
1.17179307626 1.70976 0.00993653
1.17808743637 1.71758 0.0108155
1.18436765425 1.72252 0.0103928
1.1906346423 1.72752 0.0104702
1.19691220883 1.7339 0.0100738
1.20320157735 1.73849 0.0105565
1.20948684444 1.74579 0.0100886
1.21576390207 1.75177 0.0107079
1.22204975517 1.75721 0.0104385
1.22834061662 1.7638 0.011607
1.23463298658 1.76937 0.0110624
1.24090224718 1.77514 0.0108377
1.24717483914 1.78146 0.00930257
1.25346545993 1.78836 0.0108734
1.25974995189 1.79339 0.00997966
1.26603214313 1.79928 0.0104331
1.27231628847 1.80492 0.0101853
1.27860415506 1.81107 0.0100217
1.28488658893 1.81768 0.0106085
1.29117542007 1.82347 0.0100686
1.29746572637 1.82963 0.00967734
1.30374182701 1.8358 0.0105077
1.31001732292 1.842 0.0114292
1.31630144766 1.84845 0.0105593
1.32258676036 1.8537 0.010053
1.32886549245 1.86076 0.0101493
1.33514480495 1.86657 0.0100004
1.34144051627 1.87264 0.0105547
1.34773086842 1.8797 0.0116889
1.35400158999 1.88574 0.0107562
1.3602826093 1.89226 0.010458
1.36656568646 1.8985 0.0109792
1.37285149848 1.90386 0.0102718
1.37913537293 1.91046 0.01054
1.38540956715 1.91711 0.00964075
1.39169864122 1.92248 0.0106234
1.39798445144 1.9302 0.0100293
1.40426788341 1.93614 0.0101101
1.41055477948 1.94225 0.0102609
1.41683783355 1.9485 0.010547
1.42311817719 1.95396 0.0110575
1.42939780116 1.96079 0.00978242
1.43568692182 1.96623 0.011489
1.44197712177 1.97444 0.0103466
1.44825366785 1.98005 0.0103855
1.45453234897 1.98586 0.0101368
1.46081931915 1.99196 0.0107463
1.4671103644 1.99824 0.0111664
1.47339290895 2.0041 0.0107846
1.47966996524 2.01 0.0108036
1.4859561446 2.01743 0.0111185
1.49223361076 2.0228 0.0100631
1.49850247038 2.02914 0.0104392
1.50478575205 2.03497 0.0104241
1.51107599189 2.04097 0.0104824
1.51736163499 2.04609 0.0102838
1.52364857097 2.05273 0.00998448
1.52993803572 2.05914 0.0110922
1.53623017691 2.06347 0.0105923
1.54251071878 2.06981 0.0104561
1.54878396308 2.07601 0.0104467
1.55507306978 2.08141 0.0105105
1.56135732493 2.08667 0.011425
1.56762912105 2.09249 0.0116244
1.5739136974 2.09788 0.0106276
1.58020354523 2.104 0.0106951
1.58648539343 2.10814 0.00998147
1.59276001426 2.11288 0.0105317
1.59904643639 2.11812 0.00926523
1.60534213664 2.12385 0.0117233
1.61161976836 2.12957 0.0114609
1.61789716835 2.13583 0.0113868
1.62418270854 2.14311 0.0109734
1.63046407995 2.1498 0.0100441
1.63674824683 2.15725 0.0107685
1.64303013827 2.16333 0.0106017
1.64930808063 2.17034 0.0102512
1.65559224863 2.17761 0.0109959
1.66187827598 2.18309 0.0118401
1.66816823994 2.19045 0.010831
1.6744495611 2.19618 0.0108901
1.68072138563 2.20248 0.0112772
1.68701215424 2.20972 0.0113584
1.6933074808 2.21682 0.0109353
1.69958064303 2.2236 0.0101816
1.70586179344 2.22844 0.0113147
1.71215172419 2.23653 0.0124637
1.71843538617 2.24322 0.0111014
1.72471844694 2.24951 0.0111103
1.73099491844 2.25574 0.0111468
1.73728636032 2.26354 0.0116392
1.74356630258 2.26904 0.0118695
1.74983600778 2.27664 0.0117033
1.75612327869 2.28366 0.0107505
1.76241061606 2.29008 0.0117997
1.76869357896 2.29583 0.0115255
1.77497674839 2.30329 0.0114853
1.78126362161 2.30861 0.0119529
1.78754574761 2.3157 0.0113512
1.7938272923 2.32336 0.0119842
1.80010772174 2.32912 0.0122571
1.80639091391 2.33616 0.0126487
1.81267451427 2.34289 0.0116919
1.81895363524 2.34959 0.0113221
1.82523850291 2.35604 0.0124948
1.8315236862 2.36339 0.0120008
1.83781040898 2.37036 0.0111707
1.84409642612 2.37712 0.0126334
1.8503769215 2.38314 0.0130934
1.85666074594 2.3902 0.0127381
1.86294359809 2.39632 0.0116648
1.86922204917 2.40336 0.0123005
1.87550781357 2.40964 0.0118535
1.88179499507 2.41741 0.0126543
1.88807781314 2.4235 0.0116675
1.89435244502 2.42927 0.0115339
1.90063796885 2.43727 0.0125671
1.90692833723 2.44306 0.0118005
1.91320221586 2.45044 0.0136092
1.91948223445 2.4558 0.0128781
1.92577010575 2.46448 0.0117885
1.93206491035 2.46999 0.0132081
1.93834071151 2.47654 0.0131955
1.94460828613 2.48234 0.0135521
1.9508968614 2.48995 0.0133709
1.95718811973 2.49697 0.0131409
1.96347509207 2.50216 0.0129202
1.9697553281 2.50809 0.0135239
1.9760413775 2.51668 0.0131105
1.98233260336 2.52242 0.0133164
1.98861171931 2.53026 0.0129078
1.99488792869 2.5355 0.0136245
2.00117304134 2.54176 0.0139075
2.00745262249 2.54943 0.0130479
2.01372721862 2.55636 0.0138475
2.02001108039 2.56281 0.0133122
2.02630405283 2.56808 0.0139564
2.03258735828 2.57337 0.0142908
2.03886100377 2.58054 0.0140793
2.04514489951 2.58786 0.0138482
2.05143683626 2.59341 0.0150695
2.05772382203 2.60042 0.0140027
2.0640044634 2.60689 0.0146114
2.07029278421 2.61094 0.0147213
2.07658471853 2.61923 0.0147859
2.08285424307 2.6259 0.0146441
2.08912259138 2.62922 0.0147972
2.09541730178 2.63795 0.0145421
2.10170304464 2.64343 0.0149596
2.10797273337 2.64895 0.0139192
2.11425579676 2.65543 0.0148359
2.12053788985 2.66187 0.0152311
2.12682075079 2.66727 0.0149255
2.13310670204 2.67208 0.0168047
2.13940011923 2.67829 0.0166435
2.14568939859 2.68561 0.0157409
2.15195789682 2.6914 0.0161865
2.15824033347 2.69558 0.0162956
2.16453048092 2.70051 0.0160146
2.17081716829 2.70739 0.0155156
2.17709912993 2.71222 0.0166125
2.18337674027 2.71883 0.0166285
2.18965452646 2.72366 0.0151224
2.19593814184 2.7297 0.0160662
2.20221722867 2.73282 0.0167313
2.20849850085 2.74008 0.0172027
2.21479372465 2.74621 0.0165191
2.22107581834 2.75148 0.0175377
2.22733812199 2.75904 0.0168273
2.23362792264 2.76331 0.0171033
2.2399287897 2.77116 0.0182224
2.24620084223 2.77541 0.0177813
2.2524810722 2.78252 0.0184111
2.25875993301 2.78956 0.0173411
2.26503776668 2.79799 0.0191535
2.27130391144 2.80445 0.0213615
2.27758972822 2.81151 0.0174892
2.28389830542 2.81733 0.0207713
2.29017001225 2.82873 0.0211497
2.29645357402 2.83373 0.020248
2.30275372852 2.83859 0.0216261
2.30903325986 2.84626 0.0202179
2.31530674049 2.85454 0.0190654
2.32158490306 2.85917 0.0219046
2.3278758488 2.86366 0.0194967
2.33415543799 2.87511 0.0214269
2.34041936871 2.87975 0.0209064
2.34670710068 2.8873 0.0196381
2.3530032916 2.89445 0.0237514
2.35928989445 2.89964 0.0227335
2.36555387699 2.91033 0.0238393
2.37182578571 2.90914 0.0211788
2.3781409032 2.91618 0.024705
2.38442809259 2.92303 0.0243931
2.39069258243 2.93243 0.0244914
2.39698813839 2.93706 0.0225228
2.40330354843 2.94304 0.0261959
2.40957307365 2.94769 0.0229813
2.41583080138 2.95533 0.0264702
2.42214385676 2.96422 0.0270646
2.42843005755 2.96909 0.0268499
2.43467776878 2.97605 0.0252942
2.44097021258 2.98062 0.0268254
2.44729898127 2.99132 0.0293764
2.45356911846 2.99253 0.029714
2.45980003814 2.99484 0.0302531
2.4661092349 3.00665 0.033338
2.47241430729 3.00799 0.0306523
2.47866355169 3.01549 0.029733
2.48493431628 3.02087 0.03283
2.49124283111 3.02604 0.0373456
2.49755537626 3.03693 0.0303648
2.50380379021 3.0395 0.0320455
2.51005045336 3.04334 0.0341653
2.51638815336 3.04564 0.030015
2.52269694929 3.05624 0.038215
2.52891211798 3.0613 0.0378035
2.53519495098 3.0626 0.0364674
2.54155301509 3.07105 0.0362598
2.54783359884 3.0679 0.0421187
2.55402772623 3.08194 0.0386231
2.56033571996 3.08369 0.0368761
2.56672381747 3.09464 0.0476016
2.57294751341 3.08776 0.0422619
2.57911252531 3.10323 0.0371319
2.58547549612 3.10026 0.0427695
2.59185019505 3.1112 0.0502273
2.59805932148 3.10158 0.0537001
2.60429715989 3.12055 0.045868
2.61067449751 3.13087 0.0518018
2.61693283418 3.1251 0.0558192
2.62300854502 3.12339 0.056573
2.62939753095 3.13487 0.0578481
2.63591057571 3.13849 0.0637652
2.64202978624 3.1394 0.0672551
2.64803951219 3.15294 0.0645367
2.65454096229 3.14038 0.0581429
2.66118028258 3.14482 0.0688057
2.66719514746 3.14846 0.0786462
2.67309090101 3.15792 0.07877
2.67973176445 3.15292 0.0759472
2.68646693102 3.15911 0.0936793
2.69219835647 3.14796 0.0925972
2.69796467721 3.15249 0.0890701
2.70489193937 3.15047 0.0994465
2.71182026315 3.1561 0.114108
2.71709790339 3.16825 0.160863
2.7227864466 3.16448 0.11242
2.72994784687 3.15 0.156389
2.73706528781 3.17259 0.180995
2.74248820391 3.18495 0.289945
2.74787331837 3.16451 0.248661
2.75504313834 3.20522 0.267302
2.76219934437 3.14963 0.34341
2.76789278819 3.1015 0.641294
2.77283198247 3.10808 0.582627
2.77965581172 3.12257 1.39247
2.78599582346 37.437 458.279
