0.0088996412247 -2.34223 0.282713
0.0150791221651 -2.28193 0.1721
0.0214479018646 -2.10481 0.101575
0.0278366077649 -1.94703 0.0893916
0.034350997858 -1.72139 0.0824155
0.0404788676143 -1.48845 0.0693625
0.0467671668358 -1.24278 0.0559853
0.0530822510177 -0.979227 0.0630952
0.0594536244094 -0.706543 0.0557671
0.0657622481459 -0.444306 0.0447674
0.071966329067 -0.198712 0.0415344
0.0782786091569 0.0341022 0.0359601
0.0847039894583 0.250459 0.0332861
0.0909685462053 0.428824 0.0351309
0.0972078977683 0.578199 0.0331043
0.103476303896 0.72256 0.0291043
0.109757644425 0.850206 0.0289464
0.116054308478 0.952778 0.025836
0.122366966654 1.04466 0.0268927
0.128681726309 1.11297 0.0268231
0.134950080166 1.16296 0.0251078
0.141194955884 1.19 0.0250047
0.147513357575 1.20537 0.0221373
0.153786507425 1.21496 0.0177332
0.160065754405 1.22267 0.0252304
0.166399116869 1.22403 0.0218048
0.172719564578 1.23024 0.0171354
0.178976521338 1.23425 0.0191835
0.185235369065 1.24191 0.0201818
0.191480678734 1.24137 0.0198241
0.197788986865 1.24211 0.0197182
0.204093773545 1.23476 0.0181566
0.210393930261 1.23888 0.0178437
0.216690970982 1.23146 0.0167078
0.222970028122 1.23088 0.0169976
0.229262002709 1.23369 0.0201009
0.235514150837 1.23322 0.0166023
0.241791058382 1.2361 0.0154907
0.248085653944 1.23621 0.0172704
0.254349225687 1.24079 0.0154279
0.260633425188 1.2438 0.014769
0.26692573709 1.24482 0.0158864
0.273242334314 1.24556 0.0149857
0.279552968008 1.24703 0.0152389
0.285836629231 1.24827 0.0146526
0.292087627139 1.25074 0.0155583
0.298344984444 1.25296 0.0160751
0.304638263941 1.25378 0.0143354
0.3109279127 1.25454 0.0134749
0.317216817162 1.26092 0.014559
0.323518756794 1.26124 0.0127588
0.329816821755 1.26418 0.0141277
0.336117642946 1.26757 0.0155981
0.342370037571 1.26872 0.015632
0.348647819267 1.26989 0.012806
0.354941161441 1.27174 0.0143017
0.361191693542 1.27278 0.0133762
0.367476708956 1.27666 0.0134777
0.373764779528 1.28082 0.0136858
0.380065403148 1.28061 0.0130167
0.386353986126 1.28423 0.012803
0.392614018136 1.28537 0.0129903
0.398926450032 1.28783 0.0134039
0.405207324458 1.29 0.0126396
0.411491647757 1.28914 0.0122851
0.417781427212 1.29452 0.0144743
0.424040064873 1.29453 0.0127571
0.430342569027 1.29794 0.0129224
0.436635856026 1.30093 0.0138876
0.442899618322 1.30269 0.0121986
0.449163441853 1.30397 0.0143378
0.455441414625 1.30669 0.0124112
0.46176344703 1.30761 0.0129971
0.468064424202 1.30988 0.011293
0.474348524276 1.3126 0.0125349
0.480635613682 1.31565 0.0109752
0.486901925839 1.31814 0.0125609
0.49316970996 1.3177 0.0127185
0.499450674714 1.3225 0.0120167
0.505715905134 1.32303 0.0122931
0.511992399627 1.32435 0.0137585
0.518312609777 1.32846 0.0119619
0.524608963803 1.32926 0.0112695
0.530875730848 1.33333 0.0129426
0.537157352795 1.33675 0.0112062
0.543457956378 1.33685 0.0130761
0.549743065239 1.34055 0.0126156
0.55599374275 1.34166 0.0127921
0.562285467661 1.34604 0.0131947
0.568601153723 1.34983 0.0129413
0.574880458942 1.34979 0.0125392
0.581155021034 1.35255 0.01344
0.587439449666 1.35543 0.013323
0.59371762203 1.35733 0.0120601
0.599997195479 1.36087 0.0135533
0.606267911512 1.36278 0.0130832
0.612546957644 1.36576 0.0120617
0.618847773304 1.369 0.0127399
0.625131056744 1.37056 0.0120276
0.631402745038 1.37492 0.011436
0.637700356273 1.37692 0.012243
0.643985778331 1.38004 0.01185
0.650268541717 1.3819 0.0110651
0.65655861177 1.38638 0.011791
0.662836928236 1.38833 0.0118289
0.669118544496 1.39077 0.0116475
0.675407019858 1.39446 0.0131518
0.681683551459 1.39739 0.012021
0.687959253386 1.40124 0.0128163
0.694234431704 1.402 0.0113046
0.700517540243 1.40557 0.010212
0.706812495661 1.40876 0.0106771
0.713101900967 1.41157 0.0114205
0.719391825117 1.41617 0.0115367
0.72568338076 1.41922 0.0122085
0.731965268271 1.42239 0.0115791
0.738250799048 1.42516 0.0109784
0.744526584212 1.42801 0.0114726
0.750787110194 1.43259 0.0114995
0.757075846532 1.43384 0.0115026
0.76336412336 1.43894 0.0124772
0.769646295986 1.44217 0.0123649
0.775939486518 1.44535 0.0113865
0.782232914199 1.44921 0.0121838
0.788531493652 1.45224 0.0112279
0.794789656698 1.45673 0.0118723
0.801049109659 1.45882 0.0116351
0.807336406173 1.46326 0.011521
0.813622948837 1.46643 0.01013
0.819915299896 1.4696 0.0118594
0.826195263639 1.47353 0.010718
0.832489707008 1.47681 0.0120749
0.838795930921 1.4799 0.0111238
0.84506346397 1.48426 0.0117109
0.851328286756 1.48886 0.00962365
0.85761982639 1.4911 0.0113825
0.863905847706 1.49536 0.0121054
0.870183874549 1.49992 0.0107312
0.876464109608 1.50373 0.0104238
0.88275038734 1.50697 0.0117577
0.889033276839 1.5108 0.0108047
0.895308424711 1.51556 0.0117064
0.901595652167 1.5203 0.0108527
0.907883332809 1.52285 0.0115708
0.914174410632 1.52609 0.0117181
0.920463081772 1.53109 0.0112048
0.926743441526 1.53616 0.0112753
0.933032419735 1.54071 0.0109144
0.939326578557 1.54395 0.0111624
0.94559748104 1.54736 0.0111705
0.951866001855 1.55282 0.0119375
0.958141325553 1.55599 0.0101859
0.964435094511 1.55961 0.0110112
0.970735563357 1.56581 0.0102244
0.977008076845 1.57091 0.0106616
0.983282332536 1.57379 0.010555
0.989556969197 1.57839 0.0100889
0.995845630192 1.58265 0.00947717
1.00213621074 1.58799 0.0109862
1.00840482534 1.59207 0.0111712
1.01469414984 1.59629 0.0103838
1.02099255544 1.60179 0.0107036
1.02727398044 1.60541 0.0117337
1.0335591819 1.61112 0.0111691
1.03984755739 1.61523 0.0105641
1.04612697494 1.62024 0.0112647
1.05240343681 1.62412 0.0106886
1.05868070465 1.6294 0.0105022
1.06496433307 1.63467 0.0110846
1.07125677744 1.63825 0.0109892
1.0775440488 1.64198 0.0109845
1.08382482019 1.64936 0.0114644
1.09010802394 1.65292 0.010539
1.09638966596 1.6592 0.0103599
1.10268113206 1.66335 0.0112704
1.10896304759 1.66828 0.0114515
1.11522542846 1.6743 0.010742
1.12150212761 1.67877 0.011965
1.12779257382 1.68274 0.00971576
1.13408955267 1.68908 0.0112359
1.14036404965 1.694 0.0112372
1.14663918032 1.69981 0.0107254
1.15294241299 1.70529 0.0106102
1.15922890675 1.70955 0.0111512
1.16550872189 1.71428 0.0102783
1.17179307626 1.72039 0.0103999
1.17808743637 1.7267 0.0106664
1.18436765425 1.73112 0.00966618
1.1906346423 1.73706 0.0106131
1.19691220883 1.74168 0.010191
1.20320157735 1.74713 0.0108147
1.20948684444 1.7539 0.0107463
1.21576390207 1.75899 0.0106565
1.22204975517 1.76447 0.00993623
1.22834061662 1.77058 0.0108629
1.23463298658 1.77561 0.011307
1.24090224718 1.78106 0.0100054
1.24717483914 1.788 0.0106424
1.25346545993 1.79312 0.0109016
1.25974995189 1.79846 0.010313
1.26603214313 1.80403 0.010088
1.27231628847 1.80972 0.0094905
1.27860415506 1.81504 0.0113434
1.28488658893 1.82188 0.0112446
1.29117542007 1.82686 0.0103189
1.29746572637 1.83343 0.00973246
1.30374182701 1.83962 0.0102986
1.31001732292 1.84537 0.0116523
1.31630144766 1.85098 0.0104503
1.32258676036 1.85688 0.0105114
1.32886549245 1.8637 0.0103333
1.33514480495 1.86906 0.0103881
1.34144051627 1.87476 0.0100981
1.34773086842 1.88206 0.0108806
1.35400158999 1.88765 0.0106777
1.3602826093 1.89381 0.010809
1.36656568646 1.90001 0.0116204
1.37285149848 1.90612 0.0100883
1.37913537293 1.91165 0.0108466
1.38540956715 1.9185 0.00944992
1.39169864122 1.92376 0.010968
1.39798445144 1.93095 0.0102679
1.40426788341 1.93639 0.0112126
1.41055477948 1.94318 0.0101633
1.41683783355 1.94981 0.0111859
1.42311817719 1.95478 0.0104333
1.42939780116 1.96139 0.0104663
1.43568692182 1.96709 0.0107767
1.44197712177 1.97532 0.0108035
1.44825366785 1.97959 0.0100624
1.45453234897 1.98628 0.0106215
1.46081931915 1.99246 0.0115882
1.4671103644 1.99806 0.0111903
1.47339290895 2.00438 0.0114433
1.47966996524 2.01104 0.010595
1.4859561446 2.01637 0.0110858
1.49223361076 2.02296 0.0104854
1.49850247038 2.029 0.00945137
1.50478575205 2.03471 0.0108221
1.51107599189 2.0402 0.0102089
1.51736163499 2.04618 0.0103647
1.52364857097 2.05237 0.0103832
1.52993803572 2.05817 0.00985328
1.53623017691 2.06358 0.0114815
1.54251071878 2.0691 0.0106779
1.54878396308 2.07492 0.0098185
1.55507306978 2.08135 0.0104002
1.56135732493 2.08658 0.0111647
1.56762912105 2.09272 0.0114565
1.5739136974 2.09704 0.0101997
1.58020354523 2.10345 0.0107007
1.58648539343 2.10791 0.0105615
1.59276001426 2.11281 0.0107245
1.59904643639 2.11792 0.0104835
1.60534213664 2.12326 0.0106041
1.61161976836 2.12918 0.0114325
1.61789716835 2.1361 0.0110733
1.62418270854 2.14258 0.0100852
1.63046407995 2.14976 0.0110472
1.63674824683 2.15616 0.0108917
1.64303013827 2.1625 0.0111552
1.64930808063 2.17001 0.0106123
1.65559224863 2.17709 0.0113151
1.66187827598 2.18274 0.011288
1.66816823994 2.19048 0.0113587
1.6744495611 2.19573 0.011446
1.68072138563 2.20308 0.0125582
1.68701215424 2.20943 0.0112185
1.6933074808 2.21672 0.011676
1.69958064303 2.2235 0.0108644
1.70586179344 2.22877 0.0113963
1.71215172419 2.23634 0.0118213
1.71843538617 2.24334 0.0117929
1.72471844694 2.2496 0.0111858
1.73099491844 2.25576 0.0117359
1.73728636032 2.26357 0.0113081
1.74356630258 2.269 0.0123685
1.74983600778 2.27655 0.0122948
1.75612327869 2.28356 0.0108412
1.76241061606 2.29035 0.0116878
1.76869357896 2.29642 0.0118401
1.77497674839 2.30455 0.0117597
1.78126362161 2.30929 0.0116581
1.78754574761 2.31696 0.0118443
1.7938272923 2.32352 0.0118695
1.80010772174 2.32963 0.0132748
1.80639091391 2.33757 0.0126346
1.81267451427 2.34431 0.0125847
1.81895363524 2.34962 0.0117097
1.82523850291 2.35755 0.0124398
1.8315236862 2.36461 0.012487
1.83781040898 2.37132 0.0118482
1.84409642612 2.37753 0.0126138
1.8503769215 2.38428 0.0128113
1.85666074594 2.39253 0.0126326
1.86294359809 2.39755 0.0120469
1.86922204917 2.40561 0.0126293
1.87550781357 2.41112 0.0124837
1.88179499507 2.41851 0.0122133
1.88807781314 2.42503 0.0120071
1.89435244502 2.43141 0.0117038
1.90063796885 2.43968 0.0135888
1.90692833723 2.44627 0.0112639
1.91320221586 2.4527 0.0132591
1.91948223445 2.45907 0.0140068
1.92577010575 2.46731 0.0117057
1.93206491035 2.47319 0.0131067
1.93834071151 2.47909 0.013572
1.94460828613 2.48556 0.0131556
1.9508968614 2.49376 0.0129471
1.95718811973 2.49979 0.013469
1.96347509207 2.50547 0.0120284
1.9697553281 2.51255 0.0133962
1.9760413775 2.52107 0.0124696
1.98233260336 2.52667 0.0146777
1.98861171931 2.53408 0.0138318
1.99488792869 2.53857 0.0129819
2.00117304134 2.5462 0.0140878
2.00745262249 2.55331 0.0119678
2.01372721862 2.56057 0.0138375
2.02001108039 2.56705 0.013559
2.02630405283 2.57342 0.0146718
2.03258735828 2.57974 0.0140288
2.03886100377 2.58506 0.0145899
2.04514489951 2.59236 0.0143663
2.05143683626 2.59892 0.0140712
2.05772382203 2.6062 0.014542
2.0640044634 2.61318 0.0151273
2.07029278421 2.61736 0.0141981
2.07658471853 2.62577 0.0149896
2.08285424307 2.63226 0.0151765
2.08912259138 2.63819 0.0156716
2.09541730178 2.64473 0.0157001
2.10170304464 2.65033 0.0167992
2.10797273337 2.65576 0.0152438
2.11425579676 2.66283 0.0164275
2.12053788985 2.66902 0.0149616
2.12682075079 2.67384 0.0159476
2.13310670204 2.67896 0.0178069
2.13940011923 2.68495 0.0171044
2.14568939859 2.6931 0.0163028
2.15195789682 2.6983 0.0165759
2.15824033347 2.70392 0.0170693
2.16453048092 2.70828 0.0168242
2.17081716829 2.71776 0.0158354
2.17709912993 2.72078 0.0155065
2.18337674027 2.72685 0.0176949
2.18965452646 2.73239 0.0160844
2.19593814184 2.73896 0.0168816
2.20221722867 2.74181 0.0178812
2.20849850085 2.74899 0.0178027
2.21479372465 2.75587 0.0155998
2.22107581834 2.76146 0.0167825
2.22733812199 2.76965 0.0177017
2.23362792264 2.77225 0.0177184
2.2399287897 2.78252 0.0197143
2.24620084223 2.78679 0.0190636
2.2524810722 2.79392 0.0191818
2.25875993301 2.80201 0.0177515
2.26503776668 2.8093 0.018818
2.27130391144 2.81371 0.020653
2.27758972822 2.82157 0.019083
2.28389830542 2.83003 0.0194751
2.29017001225 2.84132 0.0225236
2.29645357402 2.84564 0.0233318
2.30275372852 2.85365 0.0215972
2.30903325986 2.8594 0.0216791
2.31530674049 2.86601 0.0206868
2.32158490306 2.87267 0.0219505
2.3278758488 2.87736 0.020837
2.33415543799 2.88843 0.021666
2.34041936871 2.89433 0.0222765
2.34670710068 2.89866 0.0219834
2.3530032916 2.90767 0.0246386
2.35928989445 2.91145 0.0216078
2.36555387699 2.92408 0.0238977
2.37182578571 2.92381 0.0218564
2.3781409032 2.93217 0.0251721
2.38442809259 2.93867 0.0250624
2.39069258243 2.94502 0.0248328
2.39698813839 2.95314 0.0283133
2.40330354843 2.95983 0.0269533
2.40957307365 2.96584 0.0239245
2.41583080138 2.97387 0.0296538
2.42214385676 2.97832 0.0289049
2.42843005755 2.98573 0.0277511
2.43467776878 2.99459 0.0260761
2.44097021258 2.99527 0.0261915
2.44729898127 3.00795 0.0297597
2.45356911846 3.00769 0.0274397
2.45980003814 3.0144 0.0335502
2.4661092349 3.02265 0.0292
2.47241430729 3.02846 0.031296
2.47866355169 3.03454 0.0305119
2.48493431628 3.03934 0.0308541
2.49124283111 3.04381 0.0351723
2.49755537626 3.05794 0.031186
2.50380379021 3.05911 0.0345841
2.51005045336 3.06699 0.0373422
2.51638815336 3.07018 0.0348694
2.52269694929 3.07577 0.0362229
2.52891211798 3.08048 0.0379406
2.53519495098 3.08622 0.0391676
2.54155301509 3.08676 0.0413386
2.54783359884 3.08938 0.0414738
2.55402772623 3.1029 0.0369659
2.56033571996 3.10594 0.0408265
2.56672381747 3.10567 0.0491135
2.57294751341 3.11936 0.0365128
2.57911252531 3.12077 0.0390534
2.58547549612 3.12357 0.0437734
2.59185019505 3.13298 0.0482294
2.59805932148 3.12797 0.0502611
2.60429715989 3.14 0.0445096
2.61067449751 3.15464 0.0549683
2.61693283418 3.15085 0.051911
2.62300854502 3.14508 0.0560564
2.62939753095 3.1526 0.0609766
2.63591057571 3.15664 0.0646216
2.64202978624 3.16109 0.0607069
2.64803951219 3.16829 0.066461
2.65454096229 3.16824 0.068794
2.66118028258 3.16844 0.0810081
2.66719514746 3.16464 0.080171
2.67309090101 3.17979 0.0803909
2.67973176445 3.18372 0.073158
2.68646693102 3.18215 0.0863483
2.69219835647 3.16833 0.115942
2.69796467721 3.16699 0.101953
2.70489193937 3.19359 0.0995541
2.71182026315 3.17144 0.119359
2.71709790339 3.20308 0.164403
2.7227864466 3.20009 0.126886
2.72994784687 3.17224 0.164727
2.73706528781 3.21447 0.166953
2.74248820391 3.22683 0.280834
2.74787331837 3.24434 0.229311
2.75504313834 3.24952 0.284357
2.76219934437 3.22955 0.32885
2.76789278819 3.1277 0.625758
2.77283198247 3.21719 0.57198
2.77965581172 2.95645 1.23067
2.78599582346 52.505 547.27
