0.0088996412247 -0.54982 0.19429
0.0150791221651 -0.529732 0.119903
0.0214479018646 -0.493265 0.0661925
0.0278366077649 -0.479892 0.0644285
0.034350997858 -0.437876 0.0517368
0.0404788676143 -0.402787 0.0473598
0.0467671668358 -0.368174 0.0439655
0.0530822510177 -0.319056 0.0426516
0.0594536244094 -0.27117 0.0343213
0.0657622481459 -0.221296 0.0345163
0.071966329067 -0.165021 0.0305253
0.0782786091569 -0.107735 0.0232762
0.0847039894583 -0.0500983 0.0251928
0.0909685462053 -0.000879664 0.0275533
0.0972078977683 0.0488283 0.028502
0.103476303896 0.1055 0.0255086
0.109757644425 0.172611 0.0254025
0.116054308478 0.237277 0.0213702
0.122366966654 0.302176 0.0234554
0.128681726309 0.366029 0.0227871
0.134950080166 0.429808 0.0233909
0.141194955884 0.477501 0.0212877
0.147513357575 0.527395 0.0202589
0.153786507425 0.57294 0.0165636
0.160065754405 0.625654 0.0202054
0.166399116869 0.669982 0.0180248
0.172719564578 0.720026 0.0163374
0.178976521338 0.765687 0.0162996
0.185235369065 0.815672 0.0152805
0.191480678734 0.85548 0.0169826
0.197788986865 0.893256 0.0171324
0.204093773545 0.926285 0.0169151
0.210393930261 0.957626 0.0148503
0.216690970982 0.982417 0.014379
0.222970028122 1.0062 0.0160526
0.229262002709 1.02902 0.016629
0.235514150837 1.04953 0.0168204
0.241791058382 1.06946 0.0147266
0.248085653944 1.08876 0.0162238
0.254349225687 1.10552 0.0138655
0.260633425188 1.12037 0.0137075
0.26692573709 1.13076 0.0139771
0.273242334314 1.14177 0.0126586
0.279552968008 1.14863 0.0154846
0.285836629231 1.1567 0.0134003
0.292087627139 1.15976 0.0147386
0.298344984444 1.16629 0.0130964
0.304638263941 1.1711 0.0140574
0.3109279127 1.17467 0.0137655
0.317216817162 1.18115 0.0133287
0.323518756794 1.1829 0.0129156
0.329816821755 1.18595 0.0139923
0.336117642946 1.18916 0.0135262
0.342370037571 1.19001 0.0153802
0.348647819267 1.19276 0.0125599
0.354941161441 1.19611 0.013322
0.361191693542 1.19508 0.0130206
0.367476708956 1.19819 0.0130651
0.373764779528 1.20316 0.0137916
0.380065403148 1.20257 0.0128235
0.386353986126 1.20627 0.0128863
0.392614018136 1.20876 0.0135017
0.398926450032 1.21048 0.0125292
0.405207324458 1.21129 0.0128808
0.411491647757 1.21306 0.012646
0.417781427212 1.21895 0.0136446
0.424040064873 1.22002 0.0128242
0.430342569027 1.22204 0.0131725
0.436635856026 1.22761 0.0133278
0.442899618322 1.23053 0.0117837
0.449163441853 1.23178 0.0130912
0.455441414625 1.2355 0.0125541
0.46176344703 1.23825 0.011973
0.468064424202 1.2413 0.0119604
0.474348524276 1.24425 0.0116217
0.480635613682 1.25 0.0113994
0.486901925839 1.25379 0.0119341
0.49316970996 1.2553 0.0119974
0.499450674714 1.26052 0.0120573
0.505715905134 1.26279 0.0107303
0.511992399627 1.26499 0.0133391
0.518312609777 1.26954 0.0107275
0.524608963803 1.2717 0.0116727
0.530875730848 1.27656 0.0128114
0.537157352795 1.28149 0.0123432
0.543457956378 1.28357 0.0124197
0.549743065239 1.28691 0.0117318
0.55599374275 1.28995 0.012035
0.562285467661 1.29586 0.0114434
0.568601153723 1.30049 0.012116
0.574880458942 1.3023 0.011025
0.581155021034 1.30649 0.0126557
0.587439449666 1.30943 0.0129852
0.59371762203 1.31237 0.0113332
0.599997195479 1.31754 0.0119676
0.606267911512 1.31936 0.0122663
0.612546957644 1.32294 0.0107213
0.618847773304 1.32848 0.0124745
0.625131056744 1.33073 0.0115807
0.631402745038 1.33585 0.0104496
0.637700356273 1.33873 0.0123818
0.643985778331 1.34298 0.0113437
0.650268541717 1.34541 0.0114476
0.65655861177 1.35022 0.012112
0.662836928236 1.35371 0.0119222
0.669118544496 1.35646 0.011799
0.675407019858 1.36113 0.0122547
0.681683551459 1.36399 0.0123026
0.687959253386 1.36916 0.0124066
0.694234431704 1.37178 0.0111977
0.700517540243 1.37591 0.0101427
0.706812495661 1.37811 0.0107543
0.713101900967 1.38395 0.0115251
0.719391825117 1.38837 0.0110003
0.72568338076 1.39147 0.0121513
0.731965268271 1.39562 0.0118338
0.738250799048 1.39877 0.011094
0.744526584212 1.40255 0.0112062
0.750787110194 1.40718 0.011156
0.757075846532 1.40931 0.0118872
0.76336412336 1.41541 0.0121909
0.769646295986 1.41982 0.011779
0.775939486518 1.42297 0.010454
0.782232914199 1.42671 0.0113079
0.788531493652 1.43107 0.0116767
0.794789656698 1.43525 0.0117117
0.801049109659 1.43878 0.0115156
0.807336406173 1.44412 0.0112966
0.813622948837 1.44701 0.00983371
0.819915299896 1.45184 0.0123673
0.826195263639 1.45597 0.0109582
0.832489707008 1.45949 0.0127427
0.838795930921 1.46306 0.0109613
0.84506346397 1.46827 0.0108845
0.851328286756 1.47287 0.010418
0.85761982639 1.47545 0.0114681
0.863905847706 1.48145 0.0111946
0.870183874549 1.48517 0.0107389
0.876464109608 1.48985 0.0102462
0.88275038734 1.49387 0.0105684
0.889033276839 1.49821 0.0104285
0.895308424711 1.50271 0.0116682
0.901595652167 1.50759 0.0107935
0.907883332809 1.51104 0.0113337
0.914174410632 1.51472 0.0109452
0.920463081772 1.52045 0.0111182
0.926743441526 1.5249 0.0118417
0.933032419735 1.53036 0.011673
0.939326578557 1.53386 0.0115888
0.94559748104 1.53723 0.0105938
0.951866001855 1.54262 0.0118889
0.958141325553 1.54641 0.0103475
0.964435094511 1.55082 0.0107742
0.970735563357 1.55765 0.0104538
0.977008076845 1.56343 0.0112319
0.983282332536 1.56562 0.0103596
0.989556969197 1.57146 0.0105277
0.995845630192 1.57599 0.00922909
1.00213621074 1.58058 0.0105595
1.00840482534 1.58615 0.0115868
1.01469414984 1.59068 0.0104731
1.02099255544 1.59626 0.0110114
1.02727398044 1.59963 0.0116003
1.0335591819 1.60642 0.010477
1.03984755739 1.61021 0.0116625
1.04612697494 1.61521 0.011288
1.05240343681 1.61957 0.0103141
1.05868070465 1.62506 0.0105966
1.06496433307 1.63125 0.0114081
1.07125677744 1.63539 0.0104494
1.0775440488 1.63863 0.0107658
1.08382482019 1.64658 0.0120622
1.09010802394 1.65005 0.0101017
1.09638966596 1.65654 0.00968218
1.10268113206 1.66119 0.0109448
1.10896304759 1.66673 0.0103836
1.11522542846 1.67217 0.0110085
1.12150212761 1.67723 0.0126401
1.12779257382 1.68142 0.0095782
1.13408955267 1.6882 0.0109853
1.14036404965 1.69362 0.0116772
1.14663918032 1.69867 0.0111399
1.15294241299 1.70458 0.0100553
1.15922890675 1.70923 0.0104068
1.16550872189 1.71422 0.0112675
1.17179307626 1.71976 0.0106549
1.17808743637 1.72719 0.010743
1.18436765425 1.73135 0.0101839
1.1906346423 1.73667 0.0104727
1.19691220883 1.74305 0.0105608
1.20320157735 1.74753 0.0112701
1.20948684444 1.75448 0.00984719
1.21576390207 1.76021 0.0106514
1.22204975517 1.76571 0.0107874
1.22834061662 1.7712 0.0110733
1.23463298658 1.77708 0.0105645
1.24090224718 1.78314 0.0105851
1.24717483914 1.78993 0.0103213
1.25346545993 1.7958 0.0110244
1.25974995189 1.80058 0.0102663
1.26603214313 1.80671 0.0100319
1.27231628847 1.81278 0.0100429
1.27860415506 1.8186 0.0105904
1.28488658893 1.82493 0.0108256
1.29117542007 1.8302 0.00962546
1.29746572637 1.83692 0.0100136
1.30374182701 1.84256 0.0107439
1.31001732292 1.849 0.0116234
1.31630144766 1.85502 0.0111969
1.32258676036 1.8607 0.010428
1.32886549245 1.86687 0.0101247
1.33514480495 1.87251 0.00988753
1.34144051627 1.87888 0.0110514
1.34773086842 1.88624 0.0111472
1.35400158999 1.89139 0.0107108
1.3602826093 1.89842 0.0108896
1.36656568646 1.90426 0.0115397
1.37285149848 1.90975 0.0109922
1.37913537293 1.91674 0.0110589
1.38540956715 1.92295 0.00957733
1.39169864122 1.9284 0.01063
1.39798445144 1.93557 0.0099387
1.40426788341 1.94129 0.0102755
1.41055477948 1.94852 0.00983512
1.41683783355 1.95464 0.0110015
1.42311817719 1.95982 0.0108549
1.42939780116 1.96612 0.00968186
1.43568692182 1.97229 0.0109478
1.44197712177 1.98036 0.010729
1.44825366785 1.985 0.0103232
1.45453234897 1.99151 0.0103796
1.46081931915 1.998 0.0110461
1.4671103644 2.00413 0.0114122
1.47339290895 2.01009 0.0113623
1.47966996524 2.01643 0.0105069
1.4859561446 2.02266 0.0111185
1.49223361076 2.02801 0.0101904
1.49850247038 2.03515 0.0100821
1.50478575205 2.03986 0.0104164
1.51107599189 2.04666 0.010473
1.51736163499 2.05175 0.0107081
1.52364857097 2.05821 0.00982263
1.52993803572 2.06458 0.0107314
1.53623017691 2.0698 0.0109664
1.54251071878 2.07511 0.0107589
1.54878396308 2.08203 0.0103925
1.55507306978 2.08733 0.0106767
1.56135732493 2.09209 0.0119528
1.56762912105 2.09853 0.011859
1.5739136974 2.10382 0.0109366
1.58020354523 2.1099 0.0111274
1.58648539343 2.11431 0.0108513
1.59276001426 2.11933 0.0107277
1.59904643639 2.12447 0.0100989
1.60534213664 2.12961 0.010498
1.61161976836 2.13527 0.0119452
1.61789716835 2.14174 0.0113204
1.62418270854 2.14909 0.011126
1.63046407995 2.15583 0.0106494
1.63674824683 2.16339 0.0110918
1.64303013827 2.16921 0.0113409
1.64930808063 2.17633 0.0107277
1.65559224863 2.18353 0.0114857
1.66187827598 2.18937 0.012074
1.66816823994 2.19665 0.0104727
1.6744495611 2.20264 0.0111266
1.68072138563 2.20947 0.012174
1.68701215424 2.21631 0.0116227
1.6933074808 2.22363 0.0116349
1.69958064303 2.23014 0.0114015
1.70586179344 2.23488 0.0116143
1.71215172419 2.2431 0.0117814
1.71843538617 2.24929 0.0120636
1.72471844694 2.25656 0.0119697
1.73099491844 2.2624 0.012043
1.73728636032 2.27035 0.0116626
1.74356630258 2.27577 0.0116325
1.74983600778 2.28393 0.0113434
1.75612327869 2.29099 0.0109171
1.76241061606 2.29762 0.0117521
1.76869357896 2.30317 0.0118931
1.77497674839 2.31134 0.0117512
1.78126362161 2.31563 0.011503
1.78754574761 2.32355 0.0111345
1.7938272923 2.33125 0.0123687
1.80010772174 2.33691 0.0120099
1.80639091391 2.34407 0.0130054
1.81267451427 2.35159 0.0125342
1.81895363524 2.35691 0.0110629
1.82523850291 2.3637 0.0120421
1.8315236862 2.37134 0.0124412
1.83781040898 2.37896 0.0117435
1.84409642612 2.3858 0.0123474
1.8503769215 2.3913 0.0130808
1.85666074594 2.39912 0.0126434
1.86294359809 2.40525 0.0120576
1.86922204917 2.41246 0.0121619
1.87550781357 2.41851 0.0127514
1.88179499507 2.42613 0.0129648
1.88807781314 2.43332 0.0125988
1.89435244502 2.43896 0.0120781
1.90063796885 2.44673 0.0135124
1.90692833723 2.45303 0.0116767
1.91320221586 2.46023 0.0134745
1.91948223445 2.46665 0.013809
1.92577010575 2.47542 0.0118061
1.93206491035 2.48047 0.0136054
1.93834071151 2.48594 0.0134998
1.94460828613 2.49286 0.0136396
1.9508968614 2.50093 0.014002
1.95718811973 2.5081 0.0136034
1.96347509207 2.51308 0.0127301
1.9697553281 2.51983 0.0133608
1.9760413775 2.52903 0.0127392
1.98233260336 2.53396 0.0135401
1.98861171931 2.54165 0.0140628
1.99488792869 2.54703 0.0129604
2.00117304134 2.55381 0.0142209
2.00745262249 2.56128 0.0130376
2.01372721862 2.5681 0.0145537
2.02001108039 2.5752 0.0132688
2.02630405283 2.57989 0.0142402
2.03258735828 2.58698 0.0139911
2.03886100377 2.59275 0.0142355
2.04514489951 2.60035 0.0143419
2.05143683626 2.60657 0.014021
2.05772382203 2.61345 0.014017
2.0640044634 2.62113 0.0142869
2.07029278421 2.6247 0.0143774
2.07658471853 2.63314 0.0147357
2.08285424307 2.64079 0.0144772
2.08912259138 2.64516 0.0147504
2.09541730178 2.65269 0.0152958
2.10170304464 2.65743 0.0160326
2.10797273337 2.66272 0.0143609
2.11425579676 2.67124 0.0163156
2.12053788985 2.67688 0.0155411
2.12682075079 2.68177 0.0159531
2.13310670204 2.68783 0.0174628
2.13940011923 2.69332 0.0165034
2.14568939859 2.70122 0.0159289
2.15195789682 2.70545 0.0155802
2.15824033347 2.71206 0.0169857
2.16453048092 2.71597 0.0150049
2.17081716829 2.72393 0.0155482
2.17709912993 2.72925 0.0166009
2.18337674027 2.73562 0.0169294
2.18965452646 2.74066 0.0150524
2.19593814184 2.74638 0.0168216
2.20221722867 2.74937 0.0178604
2.20849850085 2.75702 0.0178301
2.21479372465 2.76288 0.0161654
2.22107581834 2.76935 0.017932
2.22733812199 2.77741 0.0162367
2.23362792264 2.78055 0.016769
2.2399287897 2.79069 0.018453
2.24620084223 2.79327 0.0193745
2.2524810722 2.80162 0.0181941
2.25875993301 2.80956 0.0187097
2.26503776668 2.81646 0.019389
2.27130391144 2.82161 0.020269
2.27758972822 2.83021 0.0190902
2.28389830542 2.83768 0.0202479
2.29017001225 2.84914 0.0213418
2.29645357402 2.85469 0.0221264
2.30275372852 2.8604 0.0227448
2.30903325986 2.86777 0.0190395
2.31530674049 2.87404 0.021479
2.32158490306 2.88052 0.0221624
2.3278758488 2.88433 0.0218158
2.33415543799 2.89444 0.0221199
2.34041936871 2.90233 0.0213621
2.34670710068 2.90753 0.0193366
2.3530032916 2.91682 0.0234343
2.35928989445 2.9213 0.0213184
2.36555387699 2.93189 0.0241698
2.37182578571 2.93254 0.0210083
2.3781409032 2.93948 0.0256969
2.38442809259 2.94654 0.0252307
2.39069258243 2.95441 0.0233843
2.39698813839 2.95991 0.0240548
2.40330354843 2.96722 0.0267547
2.40957307365 2.97324 0.024039
2.41583080138 2.98268 0.0276176
2.42214385676 2.98795 0.0273333
2.42843005755 2.99288 0.0271357
2.43467776878 3.00509 0.0250454
2.44097021258 3.00424 0.0242969
2.44729898127 3.0174 0.0282259
2.45356911846 3.01622 0.0271347
2.45980003814 3.02172 0.0321143
2.4661092349 3.03035 0.0303268
2.47241430729 3.03628 0.0288116
2.47866355169 3.04189 0.0318965
2.48493431628 3.04604 0.0328832
2.49124283111 3.05044 0.036263
2.49755537626 3.06337 0.0285184
2.50380379021 3.06683 0.0321542
2.51005045336 3.07288 0.0385581
2.51638815336 3.07309 0.0315073
2.52269694929 3.08588 0.0380849
2.52891211798 3.08931 0.0367034
2.53519495098 3.08887 0.0383061
2.54155301509 3.09851 0.0370794
2.54783359884 3.09808 0.0409603
2.55402772623 3.11048 0.0366303
2.56033571996 3.11584 0.0352359
2.56672381747 3.11893 0.0450206
2.57294751341 3.12031 0.0399823
2.57911252531 3.12977 0.0367301
2.58547549612 3.1314 0.04415
2.59185019505 3.14393 0.0498717
2.59805932148 3.13253 0.0515741
2.60429715989 3.15331 0.0508871
2.61067449751 3.16585 0.0547119
2.61693283418 3.1588 0.0529019
2.62300854502 3.15415 0.0554796
2.62939753095 3.16309 0.056979
2.63591057571 3.16599 0.062417
2.64202978624 3.17107 0.0599889
2.64803951219 3.17941 0.067521
2.65454096229 3.1792 0.0603288
2.66118028258 3.18439 0.0746924
2.66719514746 3.18904 0.0836665
2.67309090101 3.18463 0.0859329
2.67973176445 3.18974 0.0783517
2.68646693102 3.19702 0.0911944
2.69219835647 3.18227 0.0946085
2.69796467721 3.18601 0.0943107
2.70489193937 3.1882 0.102967
2.71182026315 3.18642 0.122368
2.71709790339 3.21107 0.1616
2.7227864466 3.20787 0.122578
2.72994784687 3.18715 0.148962
2.73706528781 3.225 0.177987
2.74248820391 3.22837 0.290101
2.74787331837 3.21867 0.242457
2.75504313834 3.25468 0.275671
2.76219934437 3.24503 0.341464
2.76789278819 3.16377 0.585969
2.77283198247 3.18673 0.584296
2.77965581172 2.97356 1.40253
2.78599582346 29.1642 374.284
