0.0088996412247 1.44409 0.0714776
0.0150791221651 1.4472 0.0386672
0.0214479018646 1.45236 0.0253213
0.0278366077649 1.45586 0.0257507
0.034350997858 1.45933 0.0178
0.0404788676143 1.4578 0.0185384
0.0467671668358 1.4571 0.0174304
0.0530822510177 1.45764 0.0146342
0.0594536244094 1.45557 0.0143646
0.0657622481459 1.45538 0.0147127
0.071966329067 1.45699 0.0131988
0.0782786091569 1.45754 0.0112624
0.0847039894583 1.45291 0.0120525
0.0909685462053 1.45164 0.0115369
0.0972078977683 1.44773 0.01274
0.103476303896 1.44389 0.012094
0.109757644425 1.44418 0.0116147
0.116054308478 1.44075 0.0113339
0.122366966654 1.43956 0.0126838
0.128681726309 1.43654 0.0115309
0.134950080166 1.43291 0.0119695
0.141194955884 1.42786 0.0106656
0.147513357575 1.42324 0.0102895
0.153786507425 1.41844 0.0109329
0.160065754405 1.41356 0.0101478
0.166399116869 1.40765 0.0104255
0.172719564578 1.40257 0.0110284
0.178976521338 1.39796 0.0100425
0.185235369065 1.39643 0.0117701
0.191480678734 1.39006 0.0118585
0.197788986865 1.38711 0.0104826
0.204093773545 1.37823 0.0103508
0.210393930261 1.37562 0.00924101
0.216690970982 1.36663 0.0108004
0.222970028122 1.36089 0.0120853
0.229262002709 1.35503 0.0110328
0.235514150837 1.34743 0.0105297
0.241791058382 1.34278 0.0104894
0.248085653944 1.33681 0.0108144
0.254349225687 1.33025 0.010323
0.260633425188 1.32444 0.0104151
0.26692573709 1.3179 0.0108191
0.273242334314 1.31147 0.00910022
0.279552968008 1.30408 0.0107434
0.285836629231 1.29756 0.0115914
0.292087627139 1.29229 0.0104326
0.298344984444 1.28491 0.0102438
0.304638263941 1.27441 0.00941013
0.3109279127 1.26929 0.0101939
0.317216817162 1.26318 0.0113271
0.323518756794 1.25583 0.0120421
0.329816821755 1.2492 0.0101959
0.336117642946 1.24262 0.010021
0.342370037571 1.23681 0.01052
0.348647819267 1.2263 0.0109451
0.354941161441 1.22052 0.00987857
0.361191693542 1.21215 0.00948564
0.367476708956 1.20578 0.0107134
0.373764779528 1.19926 0.0103635
0.380065403148 1.18966 0.0107835
0.386353986126 1.18426 0.00990947
0.392614018136 1.17485 0.00962532
0.398926450032 1.1713 0.00910622
0.405207324458 1.16166 0.00875059
0.411491647757 1.1542 0.0101027
0.417781427212 1.14778 0.0107317
0.424040064873 1.13905 0.0105761
0.430342569027 1.13199 0.0115098
0.436635856026 1.12586 0.0107656
0.442899618322 1.1185 0.0100132
0.449163441853 1.11093 0.0116916
0.455441414625 1.10236 0.0112254
0.46176344703 1.0957 0.00921145
0.468064424202 1.08675 0.0103614
0.474348524276 1.0811 0.00891687
0.480635613682 1.0744 0.00980956
0.486901925839 1.06819 0.00947779
0.49316970996 1.05729 0.0111897
0.499450674714 1.05377 0.0117624
0.505715905134 1.04274 0.0105819
0.511992399627 1.03776 0.0106833
0.518312609777 1.02895 0.0101629
0.524608963803 1.01949 0.0118108
0.530875730848 1.01493 0.0110351
0.537157352795 1.00824 0.00986688
0.543457956378 0.99993 0.00947327
0.549743065239 0.992103 0.0107632
0.55599374275 0.98436 0.0104082
0.562285467661 0.979102 0.00983018
0.568601153723 0.971365 0.00951958
0.574880458942 0.962279 0.0105966
0.581155021034 0.956295 0.0103518
0.587439449666 0.947325 0.0109734
0.59371762203 0.940446 0.0106802
0.599997195479 0.935155 0.0107751
0.606267911512 0.926786 0.0106263
0.612546957644 0.919357 0.0112384
0.618847773304 0.912913 0.0108114
0.625131056744 0.905851 0.0106161
0.631402745038 0.89986 0.0105625
0.637700356273 0.892231 0.0122822
0.643985778331 0.884843 0.0113938
0.650268541717 0.87773 0.0106642
0.65655861177 0.872115 0.0130086
0.662836928236 0.864566 0.0118059
0.669118544496 0.856506 0.0111809
0.675407019858 0.851889 0.0101509
0.681683551459 0.842941 0.0121638
0.687959253386 0.835559 0.0127478
0.694234431704 0.828596 0.0107635
0.700517540243 0.824511 0.012668
0.706812495661 0.816072 0.0112022
0.713101900967 0.808582 0.011314
0.719391825117 0.802614 0.0123356
0.72568338076 0.795695 0.0116902
0.731965268271 0.788672 0.014231
0.738250799048 0.783358 0.0105163
0.744526584212 0.775872 0.0112536
0.750787110194 0.771689 0.0110822
0.757075846532 0.762087 0.013711
0.76336412336 0.759212 0.013748
0.769646295986 0.752075 0.0121376
0.775939486518 0.747775 0.0123868
0.782232914199 0.741901 0.0128584
0.788531493652 0.734224 0.0113632
0.794789656698 0.726963 0.0137921
0.801049109659 0.722971 0.0129195
0.807336406173 0.717574 0.0105032
0.813622948837 0.711766 0.0143086
0.819915299896 0.704604 0.0153358
0.826195263639 0.701333 0.0114289
0.832489707008 0.696113 0.0128075
0.838795930921 0.687953 0.0132163
0.84506346397 0.684066 0.0148855
0.851328286756 0.680308 0.012603
0.85761982639 0.67184 0.0115029
0.863905847706 0.669021 0.0133135
0.870183874549 0.663998 0.0140389
0.876464109608 0.658916 0.0142589
0.88275038734 0.655505 0.0140829
0.889033276839 0.648743 0.0125448
0.895308424711 0.644023 0.0138712
0.901595652167 0.639797 0.0170039
0.907883332809 0.636669 0.0136473
0.914174410632 0.631174 0.015272
0.920463081772 0.628415 0.0142473
0.926743441526 0.626051 0.0151304
0.933032419735 0.621273 0.0127761
0.939326578557 0.617138 0.0149627
0.94559748104 0.615663 0.0143428
0.951866001855 0.612874 0.0150213
0.958141325553 0.606971 0.012655
0.964435094511 0.606316 0.0138651
0.970735563357 0.604624 0.0146381
0.977008076845 0.603639 0.0154349
0.983282332536 0.597991 0.0154481
0.989556969197 0.598908 0.0142145
0.995845630192 0.597631 0.0139958
1.00213621074 0.596406 0.0158269
1.00840482534 0.596915 0.0149279
1.01469414984 0.592957 0.0146863
1.02099255544 0.593106 0.0148566
1.02727398044 0.595033 0.0158293
1.0335591819 0.592875 0.0150125
1.03984755739 0.596261 0.0150697
1.04612697494 0.595732 0.0153022
1.05240343681 0.593993 0.0136456
1.05868070465 0.595513 0.0150404
1.06496433307 0.598774 0.0157875
1.07125677744 0.596455 0.0157291
1.0775440488 0.59981 0.0166233
1.08382482019 0.600527 0.0157298
1.09010802394 0.605416 0.014661
1.09638966596 0.609648 0.0165487
1.10268113206 0.609973 0.0156329
1.10896304759 0.613129 0.0130404
1.11522542846 0.618574 0.0153225
1.12150212761 0.622469 0.0166023
1.12779257382 0.625242 0.0148904
1.13408955267 0.633173 0.0152544
1.14036404965 0.637571 0.0138761
1.14663918032 0.642489 0.0145828
1.15294241299 0.648759 0.0131457
1.15922890675 0.653787 0.0135609
1.16550872189 0.660351 0.0136928
1.17179307626 0.66576 0.0129444
1.17808743637 0.675474 0.0135976
1.18436765425 0.679148 0.0146395
1.1906346423 0.687633 0.0140571
1.19691220883 0.696615 0.0137083
1.20320157735 0.703071 0.0145499
1.20948684444 0.71474 0.0140999
1.21576390207 0.723862 0.0138123
1.22204975517 0.731514 0.0113034
1.22834061662 0.740628 0.0130354
1.23463298658 0.751144 0.0126193
1.24090224718 0.761167 0.0115563
1.24717483914 0.77134 0.0122423
1.25346545993 0.784874 0.0124598
1.25974995189 0.792293 0.0114699
1.26603214313 0.805287 0.0114974
1.27231628847 0.815447 0.0101891
1.27860415506 0.827372 0.0104454
1.28488658893 0.841911 0.0110318
1.29117542007 0.851502 0.0112615
1.29746572637 0.866516 0.0104505
1.30374182701 0.878103 0.0111185
1.31001732292 0.892785 0.0111466
1.31630144766 0.903991 0.0115597
1.32258676036 0.918344 0.010186
1.32886549245 0.93426 0.00933441
1.33514480495 0.949602 0.00962938
1.34144051627 0.962733 0.0100936
1.34773086842 0.97946 0.00989655
1.35400158999 0.994174 0.00968812
1.3602826093 1.00981 0.00986405
1.36656568646 1.02429 0.0103579
1.37285149848 1.04128 0.00961752
1.37913537293 1.05827 0.00932556
1.38540956715 1.07315 0.00863301
1.39169864122 1.08945 0.00888437
1.39798445144 1.1084 0.00846634
1.40426788341 1.12448 0.00879842
1.41055477948 1.14219 0.00867172
1.41683783355 1.15946 0.00767465
1.42311817719 1.17727 0.00862102
1.42939780116 1.19528 0.00930368
1.43568692182 1.21461 0.0085723
1.44197712177 1.23324 0.00806658
1.44825366785 1.2511 0.00756387
1.45453234897 1.27075 0.00761348
1.46081931915 1.28975 0.00845165
1.4671103644 1.30893 0.00842242
1.47339290895 1.32769 0.00804278
1.47966996524 1.34958 0.00791729
1.4859561446 1.36828 0.00853442
1.49223361076 1.38878 0.00802202
1.49850247038 1.41034 0.00755418
1.50478575205 1.42779 0.00802321
1.51107599189 1.44955 0.00744718
1.51736163499 1.47109 0.00708855
1.52364857097 1.49193 0.00785985
1.52993803572 1.51309 0.00782869
1.53623017691 1.53454 0.00768514
1.54251071878 1.55594 0.00695544
1.54878396308 1.57716 0.00734183
1.55507306978 1.59941 0.00848645
1.56135732493 1.6217 0.00768291
1.56762912105 1.64319 0.00757942
1.5739136974 1.66473 0.00701395
1.58020354523 1.68657 0.00726946
1.58648539343 1.70975 0.0067524
1.59276001426 1.73079 0.00764834
1.59904643639 1.75346 0.00677035
1.60534213664 1.77699 0.00719133
1.61161976836 1.79284 0.00682852
1.61789716835 1.80265 0.00694784
1.62418270854 1.81296 0.00661051
1.63046407995 1.82333 0.0067105
1.63674824683 1.83408 0.00693493
1.64303013827 1.8444 0.00734186
1.64930808063 1.85525 0.00727022
1.65559224863 1.86586 0.00745628
1.66187827598 1.8768 0.00771343
1.66816823994 1.88782 0.00720524
1.6744495611 1.89896 0.00657433
1.68072138563 1.91062 0.00714687
1.68701215424 1.9223 0.0075472
1.6933074808 1.93271 0.008038
1.69958064303 1.94451 0.00781747
1.70586179344 1.95638 0.00754792
1.71215172419 1.96981 0.00863803
1.71843538617 1.98087 0.00742197
1.72471844694 1.99299 0.00768361
1.73099491844 2.00528 0.00749496
1.73728636032 2.01911 0.00831118
1.74356630258 2.03007 0.00798283
1.74983600778 2.04405 0.0074089
1.75612327869 2.05738 0.00765882
1.76241061606 2.07085 0.00841589
1.76869357896 2.08351 0.00723765
1.77497674839 2.09666 0.00765631
1.78126362161 2.10947 0.00809104
1.78754574761 2.1233 0.00739589
1.7938272923 2.13819 0.00784634
1.80010772174 2.15276 0.007421
1.80639091391 2.16675 0.00888084
1.81267451427 2.18065 0.00777418
1.81895363524 2.19517 0.00752174
1.82523850291 2.21077 0.00868462
1.8315236862 2.22412 0.00812359
1.83781040898 2.24043 0.00802037
1.84409642612 2.25457 0.00788614
1.8503769215 2.26972 0.00895497
1.85666074594 2.28516 0.00854148
1.86294359809 2.29982 0.00854335
1.86922204917 2.3157 0.00823197
1.87550781357 2.33158 0.00904632
1.88179499507 2.3479 0.00793156
1.88807781314 2.36395 0.00819159
1.89435244502 2.3795 0.00803838
1.90063796885 2.39611 0.00848963
1.90692833723 2.41222 0.00867831
1.91320221586 2.42949 0.00860009
1.91948223445 2.44666 0.0088198
1.92577010575 2.46288 0.00895975
1.93206491035 2.48138 0.0090987
1.93834071151 2.49686 0.00791174
1.94460828613 2.51431 0.0085997
1.9508968614 2.5321 0.00874544
1.95718811973 2.5493 0.00859169
1.96347509207 2.56713 0.00868127
1.9697553281 2.58423 0.00927369
1.9760413775 2.60367 0.00940988
1.98233260336 2.62104 0.00957633
1.98861171931 2.64041 0.00896781
1.99488792869 2.6562 0.0095027
2.00117304134 2.67556 0.00985311
2.00745262249 2.69433 0.00922884
2.01372721862 2.71254 0.00914685
2.02001108039 2.73294 0.00934922
2.02630405283 2.75078 0.0106159
2.03258735828 2.76967 0.00916936
2.03886100377 2.78688 0.00967937
2.04514489951 2.8062 0.0102297
2.05143683626 2.82647 0.00974518
2.05772382203 2.84566 0.00965589
2.0640044634 2.86323 0.00921711
2.07029278421 2.88194 0.0098196
2.07658471853 2.90112 0.00945002
2.08285424307 2.92255 0.0102928
2.08912259138 2.93855 0.0105883
2.09541730178 2.9598 0.0105645
2.10170304464 2.97783 0.0110772
2.10797273337 2.99634 0.0101044
2.11425579676 3.01619 0.0111658
2.12053788985 3.03384 0.0115704
2.12682075079 3.05465 0.0109826
2.13310670204 3.07136 0.0115427
2.13940011923 3.09176 0.0118763
2.14568939859 3.11247 0.0105409
2.15195789682 3.12834 0.0112316
2.15824033347 3.14767 0.0121744
2.16453048092 3.16361 0.0114408
2.17081716829 3.18387 0.0117292
2.17709912993 3.20101 0.0108308
2.18337674027 3.21695 0.0120476
2.18965452646 3.23661 0.0104554
2.19593814184 3.25018 0.012516
2.20221722867 3.27225 0.0121948
2.20849850085 3.28459 0.0122171
2.21479372465 3.30494 0.0125029
2.22107581834 3.31937 0.0132522
2.22733812199 3.33379 0.0119016
2.23362792264 3.35066 0.0129028
2.2399287897 3.36411 0.0137758
2.24620084223 3.38074 0.0138891
2.2524810722 3.39024 0.0135332
2.25875993301 3.40492 0.01272
2.26503776668 3.41607 0.0124694
2.27130391144 3.42859 0.0132993
2.27758972822 3.43901 0.0130982
2.28389830542 3.4508 0.0155652
2.29017001225 3.46689 0.0157459
2.29645357402 3.48002 0.0162178
2.30275372852 3.49312 0.0157538
2.30903325986 3.50963 0.0145716
2.31530674049 3.52545 0.0143866
2.32158490306 3.53984 0.0149656
2.3278758488 3.55348 0.0150998
2.33415543799 3.5714 0.0148604
2.34041936871 3.58627 0.0160874
2.34670710068 3.60298 0.0139634
2.3530032916 3.6193 0.0174758
2.35928989445 3.63745 0.0159504
2.36555387699 3.65674 0.0191114
2.37182578571 3.66935 0.0172476
2.3781409032 3.68693 0.0158536
2.38442809259 3.70422 0.017068
2.39069258243 3.72146 0.0175018
2.39698813839 3.73962 0.0182268
2.40330354843 3.75774 0.0192285
2.40957307365 3.77742 0.0163865
2.41583080138 3.79341 0.0201396
2.42214385676 3.81141 0.0196149
2.42843005755 3.83091 0.0199818
2.43467776878 3.84915 0.0210323
2.44097021258 3.86554 0.0219675
2.44729898127 3.8881 0.0187995
2.45356911846 3.90533 0.0212262
2.45980003814 3.9212 0.0233054
2.4661092349 3.94057 0.0213433
2.47241430729 3.95856 0.0216121
2.47866355169 3.9786 0.0213114
2.48493431628 3.99569 0.0216126
2.49124283111 4.01717 0.0235243
2.49755537626 4.03316 0.0220321
2.50380379021 4.05188 0.0240665
2.51005045336 4.07204 0.0267584
2.51638815336 4.09106 0.0246575
2.52269694929 4.10948 0.026673
2.52891211798 4.12923 0.0291199
2.53519495098 4.14736 0.0272502
2.54155301509 4.16664 0.0273999
2.54783359884 4.18462 0.0276732
2.55402772623 4.20384 0.0281694
2.56033571996 4.22218 0.0300774
2.56672381747 4.23982 0.0287338
2.57294751341 4.25853 0.0324053
2.57911252531 4.27758 0.0283055
2.58547549612 4.28853 0.03333
2.59185019505 4.3131 0.0310617
2.59805932148 4.32673 0.0356842
2.60429715989 4.34462 0.0290164
2.61067449751 4.36872 0.0352899
2.61693283418 4.38509 0.0370015
2.62300854502 4.399 0.0375451
2.62939753095 4.40898 0.0403308
2.63591057571 4.43129 0.0441577
2.64202978624 4.44825 0.0447551
2.64803951219 4.46137 0.0400691
2.65454096229 4.47873 0.041871
2.66118028258 4.49996 0.0493846
2.66719514746 4.51401 0.0553217
2.67309090101 4.5245 0.0481188
2.67973176445 4.54064 0.047297
2.68646693102 4.56879 0.0581327
2.69219835647 4.5552 0.0570407
2.69796467721 4.56575 0.0589688
2.70489193937 4.60886 0.0708894
2.71182026315 4.61706 0.0680513
2.71709790339 4.6228 0.103412
2.7227864466 4.63763 0.0804326
2.72994784687 4.63594 0.0827947
2.73706528781 4.6601 0.115153
2.74248820391 4.69066 0.163225
2.74787331837 4.67787 0.148839
2.75504313834 4.72127 0.157825
2.76219934437 4.69936 0.209284
2.76789278819 4.69216 0.41192
2.77283198247 4.75141 0.356112
2.77965581172 4.71701 0.9083
2.78599582346 nan nan
