0.0088996412247 2.61063 0.154274
0.0150791221651 2.62245 0.0982693
0.0214479018646 2.62956 0.066681
0.0278366077649 2.64187 0.0600683
0.034350997858 2.63844 0.0480186
0.0404788676143 2.64468 0.0516302
0.0467671668358 2.65055 0.0495351
0.0530822510177 2.64528 0.0428333
0.0594536244094 2.64892 0.0370986
0.0657622481459 2.64528 0.0345654
0.071966329067 2.65024 0.0364715
0.0782786091569 2.65864 0.0317077
0.0847039894583 2.66052 0.0317019
0.0909685462053 2.66611 0.0369246
0.0972078977683 2.67408 0.0304537
0.103476303896 2.67166 0.0285204
0.109757644425 2.67555 0.0333518
0.116054308478 2.67285 0.0255305
0.122366966654 2.66615 0.028447
0.128681726309 2.66085 0.0260175
0.134950080166 2.65932 0.0291028
0.141194955884 2.66189 0.0250368
0.147513357575 2.66364 0.0242389
0.153786507425 2.66886 0.0274856
0.160065754405 2.66043 0.0270009
0.166399116869 2.65807 0.0276727
0.172719564578 2.65615 0.0210042
0.178976521338 2.64578 0.0232869
0.185235369065 2.63945 0.0221227
0.191480678734 2.63074 0.0231006
0.197788986865 2.6287 0.0232568
0.204093773545 2.61766 0.0248921
0.210393930261 2.61827 0.0211817
0.216690970982 2.60893 0.0225068
0.222970028122 2.60151 0.0207921
0.229262002709 2.59812 0.0235064
0.235514150837 2.58442 0.0226828
0.241791058382 2.5779 0.0229096
0.248085653944 2.56517 0.0205831
0.254349225687 2.5538 0.0209572
0.260633425188 2.54254 0.0198794
0.26692573709 2.535 0.0200028
0.273242334314 2.52669 0.0203591
0.279552968008 2.51477 0.0200465
0.285836629231 2.504 0.0240203
0.292087627139 2.49497 0.0215565
0.298344984444 2.48631 0.0197839
0.304638263941 2.46871 0.0197313
0.3109279127 2.46224 0.0208633
0.317216817162 2.44912 0.0197279
0.323518756794 2.43676 0.0202678
0.329816821755 2.42844 0.0190865
0.336117642946 2.41824 0.0189601
0.342370037571 2.40777 0.0204304
0.348647819267 2.39531 0.0181859
0.354941161441 2.3835 0.0185117
0.361191693542 2.37098 0.0197946
0.367476708956 2.36289 0.0180657
0.373764779528 2.35465 0.0176702
0.380065403148 2.33968 0.0195843
0.386353986126 2.33326 0.0189649
0.392614018136 2.32206 0.0182755
0.398926450032 2.31429 0.0179168
0.405207324458 2.30562 0.0201455
0.411491647757 2.2964 0.0184377
0.417781427212 2.28609 0.0189002
0.424040064873 2.27762 0.0188863
0.430342569027 2.26953 0.0182521
0.436635856026 2.26176 0.018053
0.442899618322 2.25126 0.0169668
0.449163441853 2.2448 0.017925
0.455441414625 2.23835 0.0189572
0.46176344703 2.23178 0.0151923
0.468064424202 2.22094 0.0164756
0.474348524276 2.2167 0.016402
0.480635613682 2.20931 0.0189087
0.486901925839 2.20359 0.0174775
0.49316970996 2.19835 0.0186894
0.499450674714 2.19061 0.0184687
0.505715905134 2.18411 0.0170744
0.511992399627 2.18138 0.0172564
0.518312609777 2.1751 0.0165914
0.524608963803 2.169 0.0158423
0.530875730848 2.16734 0.0166457
0.537157352795 2.16082 0.0174973
0.543457956378 2.15747 0.0157142
0.549743065239 2.15168 0.0157742
0.55599374275 2.15092 0.016991
0.562285467661 2.14719 0.0164839
0.568601153723 2.14332 0.0150475
0.574880458942 2.1378 0.0175458
0.581155021034 2.13599 0.0160486
0.587439449666 2.13423 0.0186291
0.59371762203 2.12932 0.0160652
0.599997195479 2.12876 0.0178225
0.606267911512 2.12551 0.015741
0.612546957644 2.12393 0.0166504
0.618847773304 2.12365 0.0168907
0.625131056744 2.12174 0.0156642
0.631402745038 2.12002 0.0175719
0.637700356273 2.11806 0.016553
0.643985778331 2.11418 0.0168248
0.650268541717 2.11543 0.0169191
0.65655861177 2.11489 0.0161752
0.662836928236 2.1137 0.0177061
0.669118544496 2.11266 0.0149342
0.675407019858 2.11326 0.0147022
0.681683551459 2.11128 0.0168013
0.687959253386 2.11151 0.01642
0.694234431704 2.1105 0.0152096
0.700517540243 2.11025 0.0161984
0.706812495661 2.11177 0.0144928
0.713101900967 2.11078 0.0148815
0.719391825117 2.11047 0.016815
0.72568338076 2.11119 0.0161257
0.731965268271 2.11027 0.0169879
0.738250799048 2.11172 0.0162271
0.744526584212 2.11265 0.0155311
0.750787110194 2.11237 0.0153809
0.757075846532 2.11096 0.0163641
0.76336412336 2.11401 0.0151048
0.769646295986 2.11476 0.0172854
0.775939486518 2.11703 0.0162417
0.782232914199 2.11834 0.0161661
0.788531493652 2.11724 0.0161163
0.794789656698 2.1183 0.0165828
0.801049109659 2.11995 0.0157544
0.807336406173 2.12144 0.014726
0.813622948837 2.12397 0.0149653
0.819915299896 2.12387 0.0154792
0.826195263639 2.12592 0.0171972
0.832489707008 2.12717 0.0154316
0.838795930921 2.12985 0.0158124
0.84506346397 2.12994 0.0165028
0.851328286756 2.13156 0.0145844
0.85761982639 2.13461 0.0156349
0.863905847706 2.13596 0.0166214
0.870183874549 2.13817 0.0154543
0.876464109608 2.14098 0.0161029
0.88275038734 2.14172 0.0167333
0.889033276839 2.14475 0.0164517
0.895308424711 2.14645 0.0151403
0.901595652167 2.15001 0.0148056
0.907883332809 2.15143 0.0155781
0.914174410632 2.15414 0.0149981
0.920463081772 2.1576 0.0143388
0.926743441526 2.16074 0.0151694
0.933032419735 2.16153 0.0152149
0.939326578557 2.1645 0.0153191
0.94559748104 2.16828 0.0151056
0.951866001855 2.17015 0.0152271
0.958141325553 2.17222 0.0156576
0.964435094511 2.17818 0.0153968
0.970735563357 2.17996 0.0149839
0.977008076845 2.18277 0.0153403
0.983282332536 2.18576 0.0170229
0.989556969197 2.18882 0.0153259
0.995845630192 2.19333 0.0172233
1.00213621074 2.19655 0.0145516
1.00840482534 2.19972 0.0155524
1.01469414984 2.20366 0.0155489
1.02099255544 2.20634 0.014814
1.02727398044 2.21027 0.0152031
1.0335591819 2.21462 0.0148767
1.03984755739 2.21732 0.0156585
1.04612697494 2.22169 0.0157784
1.05240343681 2.22596 0.0168262
1.05868070465 2.22984 0.0154087
1.06496433307 2.23333 0.0151106
1.07125677744 2.23716 0.0153271
1.0775440488 2.24273 0.0147488
1.08382482019 2.24663 0.0156479
1.09010802394 2.24927 0.0155078
1.09638966596 2.2552 0.0141655
1.10268113206 2.25824 0.0150331
1.10896304759 2.26349 0.0162428
1.11522542846 2.26818 0.0143766
1.12150212761 2.2718 0.0166981
1.12779257382 2.27757 0.0147097
1.13408955267 2.28156 0.0147836
1.14036404965 2.28638 0.0139139
1.14663918032 2.29212 0.0140581
1.15294241299 2.2962 0.0135797
1.15922890675 2.3 0.0151288
1.16550872189 2.30661 0.0143774
1.17179307626 2.31238 0.0153882
1.17808743637 2.31721 0.0148801
1.18436765425 2.32086 0.0143219
1.1906346423 2.32858 0.013727
1.19691220883 2.33223 0.0142097
1.20320157735 2.33673 0.0148501
1.20948684444 2.34418 0.0160876
1.21576390207 2.34855 0.0147923
1.22204975517 2.35309 0.0152819
1.22834061662 2.35812 0.0151645
1.23463298658 2.36453 0.0139446
1.24090224718 2.36928 0.0151993
1.24717483914 2.37434 0.0143666
1.25346545993 2.38061 0.0150053
1.25974995189 2.38731 0.0151824
1.26603214313 2.39111 0.0145487
1.27231628847 2.39829 0.0138623
1.27860415506 2.4043 0.01349
1.28488658893 2.40932 0.0143181
1.29117542007 2.41543 0.0147364
1.29746572637 2.42053 0.0142458
1.30374182701 2.42789 0.0150293
1.31001732292 2.43319 0.0138482
1.31630144766 2.43975 0.0140283
1.32258676036 2.44602 0.0140323
1.32886549245 2.45229 0.0138296
1.33514480495 2.45794 0.0133894
1.34144051627 2.46405 0.0135088
1.34773086842 2.47091 0.0145119
1.35400158999 2.47699 0.0140957
1.3602826093 2.48258 0.0144883
1.36656568646 2.48839 0.0149533
1.37285149848 2.49541 0.0144024
1.37913537293 2.50286 0.0149187
1.38540956715 2.50793 0.0136275
1.39169864122 2.51632 0.0146668
1.39798445144 2.52068 0.0151363
1.40426788341 2.52745 0.0156873
1.41055477948 2.53417 0.0145264
1.41683783355 2.53952 0.0141557
1.42311817719 2.54741 0.0143486
1.42939780116 2.5527 0.0147985
1.43568692182 2.56054 0.0152246
1.44197712177 2.56704 0.0139162
1.44825366785 2.57342 0.0155764
1.45453234897 2.57974 0.014518
1.46081931915 2.58695 0.0148096
1.4671103644 2.59272 0.0136263
1.47339290895 2.59945 0.0144218
1.47966996524 2.60519 0.0137293
1.4859561446 2.61157 0.0141947
1.49223361076 2.61788 0.013622
1.49850247038 2.62393 0.0143273
1.50478575205 2.63061 0.0141252
1.51107599189 2.63704 0.0142629
1.51736163499 2.64271 0.0141554
1.52364857097 2.6493 0.0145589
1.52993803572 2.65582 0.0144132
1.53623017691 2.66326 0.01485
1.54251071878 2.66777 0.0133987
1.54878396308 2.67487 0.0143167
1.55507306978 2.68047 0.0129837
1.56135732493 2.68784 0.0139467
1.56762912105 2.69238 0.015126
1.5739136974 2.69817 0.0148958
1.58020354523 2.70375 0.0148994
1.58648539343 2.7096 0.013844
1.59276001426 2.71473 0.0150133
1.59904643639 2.7216 0.0150909
1.60534213664 2.72669 0.0150799
1.61161976836 2.73224 0.0162345
1.61789716835 2.74142 0.0143837
1.62418270854 2.75007 0.0144701
1.63046407995 2.7594 0.0144315
1.63674824683 2.76778 0.0153826
1.64303013827 2.77609 0.013758
1.64930808063 2.78505 0.0157825
1.65559224863 2.79367 0.0160116
1.66187827598 2.8016 0.0156294
1.66816823994 2.81041 0.0154425
1.6744495611 2.81849 0.0154886
1.68072138563 2.82741 0.0153092
1.68701215424 2.83491 0.0159227
1.6933074808 2.84289 0.016585
1.69958064303 2.85094 0.0156088
1.70586179344 2.85917 0.0154123
1.71215172419 2.86875 0.015292
1.71843538617 2.87589 0.0155559
1.72471844694 2.88297 0.0147335
1.73099491844 2.89103 0.0157321
1.73728636032 2.89946 0.0158288
1.74356630258 2.90754 0.0154359
1.74983600778 2.91622 0.0149597
1.75612327869 2.92386 0.0144694
1.76241061606 2.93236 0.0171655
1.76869357896 2.93982 0.0153719
1.77497674839 2.94924 0.0160766
1.78126362161 2.95621 0.0160545
1.78754574761 2.96445 0.0163939
1.7938272923 2.97196 0.0161352
1.80010772174 2.98129 0.0164905
1.80639091391 2.98862 0.0157509
1.81267451427 2.99584 0.0156519
1.81895363524 3.00394 0.0157286
1.82523850291 3.01137 0.0160533
1.8315236862 3.01968 0.0155042
1.83781040898 3.02863 0.0159147
1.84409642612 3.036 0.0179728
1.8503769215 3.04417 0.0152286
1.85666074594 3.05246 0.0148191
1.86294359809 3.06022 0.0174524
1.86922204917 3.06841 0.0172693
1.87550781357 3.07469 0.0170169
1.88179499507 3.08358 0.0167386
1.88807781314 3.0904 0.0176047
1.89435244502 3.09857 0.0170186
1.90063796885 3.10802 0.0164306
1.90692833723 3.11679 0.0163403
1.91320221586 3.12319 0.0159064
1.91948223445 3.13173 0.015816
1.92577010575 3.13808 0.017773
1.93206491035 3.14746 0.0169191
1.93834071151 3.1554 0.0171001
1.94460828613 3.16225 0.0183959
1.9508968614 3.17042 0.015124
1.95718811973 3.18068 0.0169252
1.96347509207 3.18763 0.0172268
1.9697553281 3.19529 0.0185367
1.9760413775 3.20339 0.0190165
1.98233260336 3.21021 0.017328
1.98861171931 3.21818 0.0166767
1.99488792869 3.22589 0.0173606
2.00117304134 3.2318 0.017782
2.00745262249 3.24211 0.0183872
2.01372721862 3.24768 0.0191733
2.02001108039 3.25623 0.0186923
2.02630405283 3.26496 0.0176311
2.03258735828 3.27052 0.0178501
2.03886100377 3.27937 0.0201898
2.04514489951 3.2859 0.0181339
2.05143683626 3.29645 0.0185049
2.05772382203 3.30217 0.0202271
2.0640044634 3.30776 0.0211084
2.07029278421 3.3161 0.0196132
2.07658471853 3.32522 0.0191299
2.08285424307 3.3319 0.0207121
2.08912259138 3.33766 0.0197401
2.09541730178 3.3455 0.0203823
2.10170304464 3.35368 0.021538
2.10797273337 3.36038 0.021568
2.11425579676 3.36667 0.0196614
2.12053788985 3.37352 0.0206141
2.12682075079 3.38062 0.0202015
2.13310670204 3.38866 0.0219061
2.13940011923 3.39669 0.02083
2.14568939859 3.40285 0.0212147
2.15195789682 3.40905 0.0222226
2.15824033347 3.41416 0.0208237
2.16453048092 3.42327 0.0199022
2.17081716829 3.42782 0.0208858
2.17709912993 3.43651 0.0220929
2.18337674027 3.44447 0.0218982
2.18965452646 3.44755 0.019982
2.19593814184 3.45528 0.0207982
2.20221722867 3.461 0.0192669
2.20849850085 3.46976 0.021385
2.21479372465 3.47526 0.0233815
2.22107581834 3.48746 0.0230141
2.22733812199 3.49384 0.0228194
2.23362792264 3.49803 0.0214464
2.2399287897 3.50767 0.0216183
2.24620084223 3.51181 0.0227296
2.2524810722 3.51959 0.0264128
2.25875993301 3.53012 0.0239769
2.26503776668 3.5392 0.02464
2.27130391144 3.5512 0.0266415
2.27758972822 3.55713 0.0272765
2.28389830542 3.57042 0.0262236
2.29017001225 3.57863 0.0262197
2.29645357402 3.58344 0.029041
2.30275372852 3.59612 0.0286687
2.30903325986 3.60769 0.0269106
2.31530674049 3.61166 0.0282134
2.32158490306 3.62052 0.0277504
2.3278758488 3.62693 0.0275709
2.33415543799 3.63774 0.0285633
2.34041936871 3.64207 0.0289559
2.34670710068 3.64847 0.0308994
2.3530032916 3.66034 0.0303361
2.35928989445 3.66877 0.034844
2.36555387699 3.6745 0.0323696
2.37182578571 3.68531 0.0323582
2.3781409032 3.68739 0.0294259
2.38442809259 3.69873 0.0344386
2.39069258243 3.70338 0.0296801
2.39698813839 3.71159 0.0316815
2.40330354843 3.7215 0.038193
2.40957307365 3.71995 0.0353292
2.41583080138 3.73735 0.0376265
2.42214385676 3.74149 0.0343432
2.42843005755 3.74689 0.0383213
2.43467776878 3.75573 0.0422133
2.44097021258 3.76101 0.0345863
2.44729898127 3.7709 0.0425352
2.45356911846 3.77523 0.041172
2.45980003814 3.78404 0.0385076
2.4661092349 3.78879 0.0391831
2.47241430729 3.79892 0.0380957
2.47866355169 3.80266 0.0438972
2.48493431628 3.81862 0.0400032
2.49124283111 3.8165 0.0404121
2.49755537626 3.82679 0.0490263
2.50380379021 3.83066 0.0483555
2.51005045336 3.83376 0.0483578
2.51638815336 3.84072 0.0505548
2.52269694929 3.85247 0.0515883
2.52891211798 3.85359 0.0483797
2.53519495098 3.86331 0.0479323
2.54155301509 3.86684 0.0533513
2.54783359884 3.87365 0.047064
2.55402772623 3.88854 0.0558124
2.56033571996 3.88301 0.052455
2.56672381747 3.88837 0.0597
2.57294751341 3.90183 0.0582467
2.57911252531 3.90587 0.0566537
2.58547549612 3.91539 0.0554601
2.59185019505 3.91642 0.0570665
2.59805932148 3.91183 0.0606263
2.60429715989 3.9221 0.0616339
2.61067449751 3.92436 0.0680895
2.61693283418 3.93071 0.0758624
2.62300854502 3.93772 0.0714549
2.62939753095 3.93872 0.0725805
2.63591057571 3.93426 0.0830043
2.64202978624 3.94762 0.0827408
2.64803951219 3.94803 0.0944521
2.65454096229 3.94871 0.0853878
2.66118028258 3.96297 0.0950309
2.66719514746 3.96129 0.109538
2.67309090101 3.95329 0.117329
2.67973176445 3.96216 0.102035
2.68646693102 3.98533 0.1086
2.69219835647 3.9915 0.139801
2.69796467721 3.98396 0.134227
2.70489193937 3.98898 0.112287
2.71182026315 3.98113 0.155283
2.71709790339 3.96215 0.20588
2.7227864466 3.98958 0.157542
2.72994784687 3.96537 0.197835
2.73706528781 4.02983 0.215298
2.74248820391 3.99555 0.332062
2.74787331837 4.02047 0.297341
2.75504313834 3.99497 0.350884
2.76219934437 3.98301 0.486025
2.76789278819 4.04998 0.866461
2.77283198247 3.85977 0.750936
2.77965581172 3.92862 1.51494
2.78599582346 6.1954 108.214
