0.0088996412247 2.0693 0.147204
0.0150791221651 2.07174 0.071937
0.0214479018646 2.08858 0.0543412
0.0278366077649 2.0947 0.0452514
0.034350997858 2.09772 0.0371593
0.0404788676143 2.1024 0.0431763
0.0467671668358 2.11224 0.0378309
0.0530822510177 2.11314 0.0340791
0.0594536244094 2.11497 0.0284474
0.0657622481459 2.11599 0.0270147
0.071966329067 2.12583 0.0251557
0.0782786091569 2.13474 0.026854
0.0847039894583 2.14049 0.0249505
0.0909685462053 2.1494 0.0298895
0.0972078977683 2.15482 0.0245702
0.103476303896 2.15853 0.023354
0.109757644425 2.16641 0.0274188
0.116054308478 2.17549 0.0213986
0.122366966654 2.17761 0.0231376
0.128681726309 2.17758 0.0214383
0.134950080166 2.18247 0.0256282
0.141194955884 2.19199 0.0196383
0.147513357575 2.20069 0.0186677
0.153786507425 2.21103 0.0234355
0.160065754405 2.20935 0.0227302
0.166399116869 2.21696 0.0221441
0.172719564578 2.22138 0.0193752
0.178976521338 2.22674 0.0209412
0.185235369065 2.22747 0.0202141
0.191480678734 2.23139 0.0190628
0.197788986865 2.24026 0.020399
0.204093773545 2.23958 0.0218876
0.210393930261 2.25248 0.0193355
0.216690970982 2.25234 0.0205924
0.222970028122 2.25471 0.0199413
0.229262002709 2.26073 0.0195708
0.235514150837 2.26206 0.0190094
0.241791058382 2.26718 0.0186247
0.248085653944 2.26596 0.0187878
0.254349225687 2.26799 0.0204347
0.260633425188 2.27247 0.019273
0.26692573709 2.27459 0.0185999
0.273242334314 2.28062 0.0207495
0.279552968008 2.27994 0.0179696
0.285836629231 2.28338 0.0218127
0.292087627139 2.28421 0.0220543
0.298344984444 2.28545 0.0172364
0.304638263941 2.28615 0.0171282
0.3109279127 2.28807 0.0186128
0.317216817162 2.2894 0.0197133
0.323518756794 2.28801 0.0191079
0.329816821755 2.29104 0.0187834
0.336117642946 2.29157 0.0157112
0.342370037571 2.29205 0.0196995
0.348647819267 2.292 0.0178452
0.354941161441 2.29238 0.0195125
0.361191693542 2.29074 0.0194875
0.367476708956 2.29301 0.0176009
0.373764779528 2.29488 0.0178806
0.380065403148 2.29069 0.0178333
0.386353986126 2.29285 0.0184121
0.392614018136 2.29114 0.0169675
0.398926450032 2.29207 0.0173954
0.405207324458 2.29126 0.0183983
0.411491647757 2.29112 0.0183652
0.417781427212 2.2906 0.018848
0.424040064873 2.28904 0.0177852
0.430342569027 2.28777 0.0184952
0.436635856026 2.28992 0.0184404
0.442899618322 2.28536 0.0182438
0.449163441853 2.28587 0.0189656
0.455441414625 2.28574 0.0190716
0.46176344703 2.28438 0.0174685
0.468064424202 2.28185 0.0167848
0.474348524276 2.28158 0.0162912
0.480635613682 2.27882 0.0193563
0.486901925839 2.28062 0.0170101
0.49316970996 2.27786 0.0189492
0.499450674714 2.276 0.018817
0.505715905134 2.27171 0.0165265
0.511992399627 2.27476 0.0182048
0.518312609777 2.2723 0.0190244
0.524608963803 2.269 0.017266
0.530875730848 2.27081 0.0170936
0.537157352795 2.267 0.0179847
0.543457956378 2.2667 0.0168565
0.549743065239 2.26363 0.0146496
0.55599374275 2.2645 0.0170469
0.562285467661 2.26473 0.0173481
0.568601153723 2.25987 0.0174238
0.574880458942 2.25715 0.0181791
0.581155021034 2.25515 0.017932
0.587439449666 2.25506 0.0191437
0.59371762203 2.25158 0.0172053
0.599997195479 2.25303 0.0175667
0.606267911512 2.24912 0.0153502
0.612546957644 2.24703 0.0172667
0.618847773304 2.25014 0.017747
0.625131056744 2.24631 0.0158379
0.631402745038 2.246 0.0171298
0.637700356273 2.24447 0.0169827
0.643985778331 2.24071 0.0154404
0.650268541717 2.24116 0.0158631
0.65655861177 2.24037 0.0165382
0.662836928236 2.23955 0.0184798
0.669118544496 2.2381 0.0161618
0.675407019858 2.23776 0.01563
0.681683551459 2.2335 0.0166901
0.687959253386 2.23458 0.017403
0.694234431704 2.23324 0.0161443
0.700517540243 2.23187 0.0165659
0.706812495661 2.23139 0.0146437
0.713101900967 2.23098 0.0162762
0.719391825117 2.22984 0.0176921
0.72568338076 2.22842 0.0165156
0.731965268271 2.22737 0.0167947
0.738250799048 2.22686 0.0174279
0.744526584212 2.22763 0.0165889
0.750787110194 2.22574 0.0169181
0.757075846532 2.22502 0.0165569
0.76336412336 2.22513 0.0168432
0.769646295986 2.2255 0.0180518
0.775939486518 2.22588 0.0169701
0.782232914199 2.22613 0.0163278
0.788531493652 2.22325 0.0173941
0.794789656698 2.22488 0.0166399
0.801049109659 2.22418 0.0175331
0.807336406173 2.22475 0.0148685
0.813622948837 2.22469 0.015287
0.819915299896 2.22617 0.0158217
0.826195263639 2.22461 0.0172388
0.832489707008 2.2252 0.0159795
0.838795930921 2.2255 0.0164426
0.84506346397 2.22653 0.0159661
0.851328286756 2.22625 0.0155515
0.85761982639 2.22757 0.01721
0.863905847706 2.22832 0.0167916
0.870183874549 2.22977 0.0165178
0.876464109608 2.23026 0.016731
0.88275038734 2.23036 0.0167891
0.889033276839 2.2322 0.0172646
0.895308424711 2.23268 0.015311
0.901595652167 2.23534 0.0143313
0.907883332809 2.23512 0.0173685
0.914174410632 2.23755 0.0153529
0.920463081772 2.24024 0.0141386
0.926743441526 2.2394 0.0153878
0.933032419735 2.24079 0.0159031
0.939326578557 2.243 0.0148921
0.94559748104 2.24478 0.0149338
0.951866001855 2.24681 0.0155588
0.958141325553 2.24716 0.0163764
0.964435094511 2.25208 0.0153537
0.970735563357 2.25451 0.0143802
0.977008076845 2.25582 0.0149769
0.983282332536 2.25812 0.0166285
0.989556969197 2.25952 0.0159179
0.995845630192 2.26319 0.0157647
1.00213621074 2.26562 0.0150295
1.00840482534 2.26828 0.015577
1.01469414984 2.27127 0.0163459
1.02099255544 2.27461 0.0152527
1.02727398044 2.2776 0.0147529
1.0335591819 2.28001 0.0144359
1.03984755739 2.28319 0.0163682
1.04612697494 2.28604 0.0158358
1.05240343681 2.29027 0.0164068
1.05868070465 2.29427 0.014619
1.06496433307 2.29773 0.0148705
1.07125677744 2.30084 0.0146432
1.0775440488 2.30596 0.014104
1.08382482019 2.30919 0.015072
1.09010802394 2.31025 0.0156711
1.09638966596 2.31653 0.0141631
1.10268113206 2.32024 0.0147711
1.10896304759 2.3242 0.0145558
1.11522542846 2.3298 0.0146011
1.12150212761 2.3314 0.0157463
1.12779257382 2.33795 0.0150633
1.13408955267 2.34137 0.0148888
1.14036404965 2.34623 0.0138243
1.14663918032 2.35145 0.0138267
1.15294241299 2.357 0.014439
1.15922890675 2.36012 0.0141806
1.16550872189 2.36597 0.0136166
1.17179307626 2.37276 0.0154322
1.17808743637 2.37812 0.0142614
1.18436765425 2.38144 0.0141375
1.1906346423 2.38772 0.0135988
1.19691220883 2.39201 0.0145004
1.20320157735 2.39619 0.0152899
1.20948684444 2.40427 0.0149221
1.21576390207 2.40828 0.0142518
1.22204975517 2.41531 0.0151718
1.22834061662 2.41984 0.0142637
1.23463298658 2.42655 0.0132842
1.24090224718 2.43084 0.0156901
1.24717483914 2.4373 0.0136546
1.25346545993 2.44437 0.014561
1.25974995189 2.45112 0.0152453
1.26603214313 2.45688 0.0138894
1.27231628847 2.4632 0.0144715
1.27860415506 2.46925 0.0139872
1.28488658893 2.47479 0.014562
1.29117542007 2.48256 0.0137324
1.29746572637 2.48895 0.0139094
1.30374182701 2.49597 0.0146202
1.31001732292 2.50189 0.0131807
1.31630144766 2.50825 0.0143468
1.32258676036 2.51606 0.0135072
1.32886549245 2.52393 0.0142407
1.33514480495 2.52978 0.0134888
1.34144051627 2.53728 0.013294
1.34773086842 2.54448 0.0148992
1.35400158999 2.5515 0.0139584
1.3602826093 2.55815 0.0145577
1.36656568646 2.56517 0.0141515
1.37285149848 2.57264 0.0143829
1.37913537293 2.58038 0.01397
1.38540956715 2.58684 0.0138833
1.39169864122 2.59606 0.0137805
1.39798445144 2.60186 0.0141196
1.40426788341 2.6108 0.0147284
1.41055477948 2.61682 0.0137974
1.41683783355 2.62505 0.0133585
1.42311817719 2.63274 0.0142753
1.42939780116 2.63905 0.0136499
1.43568692182 2.64935 0.0138868
1.44197712177 2.65615 0.014421
1.44825366785 2.66401 0.0140249
1.45453234897 2.67164 0.015346
1.46081931915 2.67958 0.0148004
1.4671103644 2.68711 0.013057
1.47339290895 2.69561 0.0139257
1.47966996524 2.7019 0.0148122
1.4859561446 2.70888 0.0142014
1.49223361076 2.71815 0.0135149
1.49850247038 2.72415 0.0139776
1.50478575205 2.73242 0.0132652
1.51107599189 2.74026 0.0129547
1.51736163499 2.7472 0.0136958
1.52364857097 2.75448 0.0144963
1.52993803572 2.76372 0.0148488
1.53623017691 2.77121 0.0139028
1.54251071878 2.77812 0.0136368
1.54878396308 2.78585 0.0141519
1.55507306978 2.79287 0.0130735
1.56135732493 2.80128 0.0138796
1.56762912105 2.80778 0.0148535
1.5739136974 2.81434 0.0147134
1.58020354523 2.82202 0.0145792
1.58648539343 2.82849 0.0135199
1.59276001426 2.83541 0.0141289
1.59904643639 2.84245 0.0143265
1.60534213664 2.84981 0.0151147
1.61161976836 2.85438 0.0164069
1.61789716835 2.86746 0.0136458
1.62418270854 2.87882 0.0140141
1.63046407995 2.89008 0.0137596
1.63674824683 2.89935 0.0149674
1.64303013827 2.91103 0.0132763
1.64930808063 2.92122 0.0146118
1.65559224863 2.93126 0.014762
1.66187827598 2.9405 0.0146181
1.66816823994 2.95231 0.0147436
1.6744495611 2.96232 0.0147787
1.68072138563 2.97214 0.0145628
1.68701215424 2.98371 0.0150397
1.6933074808 2.99164 0.0156405
1.69958064303 3.00233 0.0148382
1.70586179344 3.01181 0.0147543
1.71215172419 3.02315 0.0139304
1.71843538617 3.03346 0.0148314
1.72471844694 3.04319 0.0141012
1.73099491844 3.05365 0.0152688
1.73728636032 3.06429 0.0161758
1.74356630258 3.07415 0.0151081
1.74983600778 3.08294 0.014286
1.75612327869 3.09323 0.0144972
1.76241061606 3.10508 0.0157439
1.76869357896 3.11337 0.0147548
1.77497674839 3.12502 0.0155999
1.78126362161 3.13478 0.0152409
1.78754574761 3.14478 0.0149642
1.7938272923 3.15597 0.0154719
1.80010772174 3.16735 0.016252
1.80639091391 3.17625 0.0145072
1.81267451427 3.18487 0.0158369
1.81895363524 3.1959 0.0159319
1.82523850291 3.20589 0.0152001
1.8315236862 3.21586 0.0155509
1.83781040898 3.22581 0.0149877
1.84409642612 3.23653 0.0171767
1.8503769215 3.24758 0.0163037
1.85666074594 3.25741 0.0151895
1.86294359809 3.26767 0.0163806
1.86922204917 3.27818 0.0161621
1.87550781357 3.28747 0.016198
1.88179499507 3.29939 0.0158779
1.88807781314 3.30879 0.0180424
1.89435244502 3.31824 0.0165229
1.90063796885 3.32975 0.017221
1.90692833723 3.34149 0.0167487
1.91320221586 3.35008 0.0155792
1.91948223445 3.36043 0.0162682
1.92577010575 3.37152 0.017502
1.93206491035 3.38147 0.0170764
1.93834071151 3.39281 0.0161027
1.94460828613 3.40189 0.0175102
1.9508968614 3.41268 0.0158124
1.95718811973 3.42491 0.0166562
1.96347509207 3.43345 0.0167064
1.9697553281 3.44428 0.0181975
1.9760413775 3.45428 0.0177968
1.98233260336 3.4649 0.0184103
1.98861171931 3.47558 0.0183395
1.99488792869 3.4865 0.0182884
2.00117304134 3.49604 0.0174709
2.00745262249 3.50725 0.0178202
2.01372721862 3.51664 0.0181981
2.02001108039 3.52696 0.0187354
2.02630405283 3.53642 0.017963
2.03258735828 3.5461 0.0177931
2.03886100377 3.55784 0.0188297
2.04514489951 3.56749 0.0161951
2.05143683626 3.57766 0.0204086
2.05772382203 3.58735 0.018511
2.0640044634 3.59656 0.0186394
2.07029278421 3.60701 0.0198473
2.07658471853 3.619 0.0190179
2.08285424307 3.62852 0.0203872
2.08912259138 3.63918 0.019352
2.09541730178 3.64561 0.0210946
2.10170304464 3.6584 0.0222486
2.10797273337 3.66646 0.0226001
2.11425579676 3.67674 0.019532
2.12053788985 3.68591 0.0204511
2.12682075079 3.69429 0.0190934
2.13310670204 3.706 0.0221135
2.13940011923 3.71618 0.0200318
2.14568939859 3.72639 0.0217553
2.15195789682 3.7337 0.0210192
2.15824033347 3.7417 0.0220683
2.16453048092 3.75195 0.0210651
2.17081716829 3.76075 0.0203355
2.17709912993 3.77054 0.0227393
2.18337674027 3.78156 0.0229577
2.18965452646 3.78661 0.018462
2.19593814184 3.79689 0.0218534
2.20221722867 3.80802 0.0216711
2.20849850085 3.8181 0.0214236
2.21479372465 3.82564 0.0227598
2.22107581834 3.83915 0.0239058
2.22733812199 3.84905 0.0241639
2.23362792264 3.85531 0.0225121
2.2399287897 3.86971 0.0227397
2.24620084223 3.87834 0.0240376
2.2524810722 3.88628 0.0240505
2.25875993301 3.90207 0.0234874
2.26503776668 3.91248 0.0238506
2.27130391144 3.92952 0.0241946
2.27758972822 3.93789 0.026367
2.28389830542 3.95379 0.0245423
2.29017001225 3.96619 0.0258908
2.29645357402 3.97622 0.0290803
2.30275372852 3.99014 0.0269757
2.30903325986 4.00529 0.0286627
2.31530674049 4.01174 0.0267995
2.32158490306 4.02734 0.0298165
2.3278758488 4.03659 0.029105
2.33415543799 4.04955 0.029676
2.34041936871 4.0577 0.0312412
2.34670710068 4.06819 0.0274139
2.3530032916 4.08459 0.0300934
2.35928989445 4.09748 0.0348596
2.36555387699 4.10497 0.030965
2.37182578571 4.11638 0.0331562
2.3781409032 4.12703 0.0309336
2.38442809259 4.13833 0.0327848
2.39069258243 4.1486 0.0284585
2.39698813839 4.16331 0.0356712
2.40330354843 4.17537 0.0369336
2.40957307365 4.17713 0.0358435
2.41583080138 4.19849 0.0382067
2.42214385676 4.20273 0.0321195
2.42843005755 4.21781 0.0395351
2.43467776878 4.22982 0.0395863
2.44097021258 4.23946 0.0362985
2.44729898127 4.25129 0.0422932
2.45356911846 4.25601 0.0428123
2.45980003814 4.26794 0.0406125
2.4661092349 4.27893 0.0391589
2.47241430729 4.28834 0.0382817
2.47866355169 4.29483 0.0465981
2.48493431628 4.3135 0.0386619
2.49124283111 4.31887 0.0422516
2.49755537626 4.33711 0.0486398
2.50380379021 4.34373 0.0462608
2.51005045336 4.35247 0.0469877
2.51638815336 4.35941 0.0541941
2.52269694929 4.37258 0.0465679
2.52891211798 4.37734 0.0535261
2.53519495098 4.38647 0.0480409
2.54155301509 4.40704 0.0510416
2.54783359884 4.40731 0.0475767
2.55402772623 4.42074 0.0567644
2.56033571996 4.42966 0.0606042
2.56672381747 4.44297 0.0549558
2.57294751341 4.44616 0.0621761
2.57911252531 4.45425 0.066294
2.58547549612 4.47 0.0575163
2.59185019505 4.47084 0.0675493
2.59805932148 4.47582 0.0660345
2.60429715989 4.4858 0.0763139
2.61067449751 4.48118 0.0729737
2.61693283418 4.49935 0.0744405
2.62300854502 4.49948 0.0722603
2.62939753095 4.52113 0.073707
2.63591057571 4.51424 0.0926306
2.64202978624 4.52192 0.0815882
2.64803951219 4.53611 0.0943074
2.65454096229 4.53984 0.095104
2.66118028258 4.55291 0.0951119
2.66719514746 4.53803 0.114869
2.67309090101 4.53703 0.112575
2.67973176445 4.57614 0.119748
2.68646693102 4.57808 0.112319
2.69219835647 4.56985 0.117608
2.69796467721 4.56604 0.141848
2.70489193937 4.57698 0.139341
2.71182026315 4.58735 0.137035
2.71709790339 4.56719 0.205548
2.7227864466 4.62354 0.161263
2.72994784687 4.60278 0.193842
2.73706528781 4.6079 0.236591
2.74248820391 4.57104 0.358906
2.74787331837 4.64702 0.304171
2.75504313834 4.63617 0.339952
2.76219934437 4.66741 0.488228
2.76789278819 4.60067 0.789778
2.77283198247 4.4539 0.885519
2.77965581172 4.43058 1.78362
2.78599582346 228.996 6082.65
