0.0088996412247 3.58593 0.229449
0.0150791221651 3.59968 0.131044
0.0214479018646 3.57327 0.0872458
0.0278366077649 3.58133 0.0796503
0.034350997858 3.55407 0.0672359
0.0404788676143 3.53144 0.0711562
0.0467671668358 3.50809 0.0667413
0.0530822510177 3.4656 0.0610652
0.0594536244094 3.42881 0.0474201
0.0657622481459 3.38819 0.0458296
0.071966329067 3.34753 0.0458517
0.0782786091569 3.31117 0.0435328
0.0847039894583 3.26069 0.0403076
0.0909685462053 3.224 0.0464709
0.0972078977683 3.18853 0.0395532
0.103476303896 3.13208 0.0347899
0.109757644425 3.08123 0.0379634
0.116054308478 3.02577 0.033054
0.122366966654 2.96576 0.0322886
0.128681726309 2.90661 0.0314418
0.134950080166 2.85161 0.0327344
0.141194955884 2.81006 0.0285662
0.147513357575 2.76968 0.0277135
0.153786507425 2.72963 0.030973
0.160065754405 2.68208 0.0290856
0.166399116869 2.63867 0.028169
0.172719564578 2.59121 0.0244565
0.178976521338 2.54769 0.0236244
0.185235369065 2.50333 0.0238264
0.191480678734 2.46399 0.0259744
0.197788986865 2.4329 0.0241193
0.204093773545 2.3965 0.0251891
0.210393930261 2.37352 0.0205164
0.216690970982 2.34687 0.0213649
0.222970028122 2.32327 0.0199147
0.229262002709 2.29943 0.022604
0.235514150837 2.27608 0.0223684
0.241791058382 2.2575 0.0194566
0.248085653944 2.23814 0.0195687
0.254349225687 2.21841 0.0223061
0.260633425188 2.2041 0.0195143
0.26692573709 2.19203 0.0175833
0.273242334314 2.1825 0.017247
0.279552968008 2.17308 0.0165968
0.285836629231 2.16497 0.0201602
0.292087627139 2.15919 0.0199888
0.298344984444 2.15182 0.0185176
0.304638263941 2.14009 0.0168653
0.3109279127 2.13901 0.017389
0.317216817162 2.13282 0.0177068
0.323518756794 2.12605 0.0202773
0.329816821755 2.12806 0.0167921
0.336117642946 2.12548 0.0175991
0.342370037571 2.12433 0.0183494
0.348647819267 2.11932 0.0171333
0.354941161441 2.11429 0.0189195
0.361191693542 2.11372 0.0167177
0.367476708956 2.11224 0.0162688
0.373764779528 2.11044 0.0172328
0.380065403148 2.10633 0.0178172
0.386353986126 2.10866 0.0164247
0.392614018136 2.10293 0.0175388
0.398926450032 2.1053 0.0164456
0.405207324458 2.10164 0.0172993
0.411491647757 2.10348 0.0153859
0.417781427212 2.09685 0.016451
0.424040064873 2.09637 0.0154185
0.430342569027 2.09606 0.0174411
0.436635856026 2.09457 0.0157813
0.442899618322 2.09022 0.0152856
0.449163441853 2.09046 0.0173006
0.455441414625 2.08743 0.0180437
0.46176344703 2.08788 0.0162191
0.468064424202 2.08414 0.0158919
0.474348524276 2.08348 0.0160303
0.480635613682 2.08061 0.0177589
0.486901925839 2.08262 0.0161052
0.49316970996 2.07753 0.0179896
0.499450674714 2.07744 0.0160063
0.505715905134 2.07473 0.0166138
0.511992399627 2.07626 0.0170488
0.518312609777 2.07404 0.0163895
0.524608963803 2.07149 0.0155163
0.530875730848 2.07336 0.0153035
0.537157352795 2.07022 0.0167083
0.543457956378 2.06908 0.0137871
0.549743065239 2.06796 0.0157833
0.55599374275 2.06869 0.015786
0.562285467661 2.06756 0.0162754
0.568601153723 2.06576 0.0144577
0.574880458942 2.06512 0.0169786
0.581155021034 2.06353 0.0158488
0.587439449666 2.063 0.0161788
0.59371762203 2.06118 0.0153139
0.599997195479 2.06279 0.0173058
0.606267911512 2.06048 0.0150948
0.612546957644 2.0607 0.0166253
0.618847773304 2.06138 0.016714
0.625131056744 2.06131 0.0158672
0.631402745038 2.06011 0.0167197
0.637700356273 2.06153 0.0169111
0.643985778331 2.05956 0.0153272
0.650268541717 2.06121 0.0171472
0.65655861177 2.06028 0.0156242
0.662836928236 2.06139 0.0175167
0.669118544496 2.06182 0.0151857
0.675407019858 2.06358 0.0145129
0.681683551459 2.06192 0.0172864
0.687959253386 2.06233 0.0165602
0.694234431704 2.06344 0.0149215
0.700517540243 2.06381 0.0161645
0.706812495661 2.06614 0.0146026
0.713101900967 2.06536 0.014693
0.719391825117 2.0664 0.0166229
0.72568338076 2.06669 0.0160599
0.731965268271 2.06767 0.0160837
0.738250799048 2.07 0.015639
0.744526584212 2.07118 0.0157217
0.750787110194 2.07177 0.0152085
0.757075846532 2.07141 0.0162573
0.76336412336 2.07439 0.0153147
0.769646295986 2.07556 0.0160884
0.775939486518 2.07827 0.0164227
0.782232914199 2.08083 0.0163237
0.788531493652 2.08065 0.0166184
0.794789656698 2.08145 0.0164832
0.801049109659 2.08369 0.0161541
0.807336406173 2.0864 0.0147623
0.813622948837 2.08851 0.0149507
0.819915299896 2.09023 0.0146918
0.826195263639 2.09198 0.016881
0.832489707008 2.09496 0.0138482
0.838795930921 2.09681 0.0157444
0.84506346397 2.09851 0.0165153
0.851328286756 2.1001 0.0149894
0.85761982639 2.10398 0.0155346
0.863905847706 2.10448 0.0157621
0.870183874549 2.10776 0.0159411
0.876464109608 2.11127 0.0163317
0.88275038734 2.11478 0.0165363
0.889033276839 2.11547 0.0160107
0.895308424711 2.1185 0.0147425
0.901595652167 2.12271 0.0145955
0.907883332809 2.12455 0.0154691
0.914174410632 2.12766 0.0145324
0.920463081772 2.13209 0.0145866
0.926743441526 2.13505 0.0140574
0.933032419735 2.13588 0.0154654
0.939326578557 2.13985 0.0151867
0.94559748104 2.14358 0.0147699
0.951866001855 2.14697 0.0156838
0.958141325553 2.14886 0.0151311
0.964435094511 2.15616 0.015476
0.970735563357 2.15795 0.0152307
0.977008076845 2.16131 0.0147429
0.983282332536 2.16462 0.0163454
0.989556969197 2.16783 0.0151047
0.995845630192 2.17198 0.0160283
1.00213621074 2.17497 0.0139091
1.00840482534 2.17986 0.0153151
1.01469414984 2.18326 0.014344
1.02099255544 2.18833 0.0142862
1.02727398044 2.1934 0.0143303
1.0335591819 2.19651 0.015475
1.03984755739 2.19919 0.0149493
1.04612697494 2.20477 0.0156767
1.05240343681 2.21028 0.0164294
1.05868070465 2.21395 0.0145747
1.06496433307 2.2174 0.0148484
1.07125677744 2.22212 0.0144374
1.0775440488 2.22752 0.015977
1.08382482019 2.23135 0.014114
1.09010802394 2.23566 0.0149367
1.09638966596 2.24073 0.0144939
1.10268113206 2.24516 0.0143064
1.10896304759 2.24993 0.0154554
1.11522542846 2.25529 0.014699
1.12150212761 2.25935 0.0163288
1.12779257382 2.26529 0.0155897
1.13408955267 2.27 0.0156301
1.14036404965 2.27431 0.0137618
1.14663918032 2.28055 0.0142027
1.15294241299 2.28539 0.0147713
1.15922890675 2.28934 0.0155979
1.16550872189 2.29622 0.0140362
1.17179307626 2.30103 0.0148905
1.17808743637 2.30597 0.0139892
1.18436765425 2.31094 0.0143831
1.1906346423 2.31884 0.0143513
1.19691220883 2.32284 0.0147586
1.20320157735 2.32789 0.0152185
1.20948684444 2.33398 0.0153063
1.21576390207 2.33953 0.0148527
1.22204975517 2.3452 0.0155759
1.22834061662 2.34912 0.014436
1.23463298658 2.35644 0.0141568
1.24090224718 2.36158 0.0150307
1.24717483914 2.36683 0.0134833
1.25346545993 2.37331 0.0144346
1.25974995189 2.37905 0.0145809
1.26603214313 2.38416 0.0143635
1.27231628847 2.39093 0.013224
1.27860415506 2.39719 0.0130225
1.28488658893 2.40202 0.0131914
1.29117542007 2.40869 0.0134589
1.29746572637 2.41403 0.0136132
1.30374182701 2.42175 0.0141034
1.31001732292 2.42656 0.0125576
1.31630144766 2.43302 0.0138773
1.32258676036 2.43917 0.0138563
1.32886549245 2.44639 0.0141128
1.33514480495 2.45246 0.0138238
1.34144051627 2.45706 0.0128565
1.34773086842 2.466 0.0145206
1.35400158999 2.47141 0.0132553
1.3602826093 2.47705 0.0147264
1.36656568646 2.48327 0.0139769
1.37285149848 2.48962 0.0140947
1.37913537293 2.49701 0.0140273
1.38540956715 2.50323 0.0129488
1.39169864122 2.5105 0.0147872
1.39798445144 2.51625 0.0144867
1.40426788341 2.52228 0.0151797
1.41055477948 2.52818 0.0135936
1.41683783355 2.53451 0.0132707
1.42311817719 2.54185 0.0137853
1.42939780116 2.54751 0.0142079
1.43568692182 2.55518 0.0143161
1.44197712177 2.56113 0.0145719
1.44825366785 2.56788 0.013431
1.45453234897 2.57324 0.0138548
1.46081931915 2.58198 0.0150467
1.4671103644 2.58772 0.0124977
1.47339290895 2.59422 0.0133744
1.47966996524 2.59965 0.013034
1.4859561446 2.60716 0.0147489
1.49223361076 2.61198 0.0133437
1.49850247038 2.61892 0.013557
1.50478575205 2.62503 0.0138667
1.51107599189 2.63178 0.0136012
1.51736163499 2.63642 0.0135683
1.52364857097 2.64296 0.0146101
1.52993803572 2.6504 0.013973
1.53623017691 2.65688 0.0141145
1.54251071878 2.66136 0.0127428
1.54878396308 2.66903 0.0138761
1.55507306978 2.6745 0.012819
1.56135732493 2.68165 0.0132544
1.56762912105 2.68564 0.0140134
1.5739136974 2.69177 0.0139205
1.58020354523 2.6986 0.014343
1.58648539343 2.70291 0.0133346
1.59276001426 2.70841 0.0147949
1.59904643639 2.71395 0.0139541
1.60534213664 2.71943 0.0146108
1.61161976836 2.72567 0.0154333
1.61789716835 2.73462 0.0143826
1.62418270854 2.74275 0.013879
1.63046407995 2.75238 0.0138276
1.63674824683 2.75939 0.0149746
1.64303013827 2.76854 0.0133221
1.64930808063 2.77802 0.0150446
1.65559224863 2.78646 0.0145153
1.66187827598 2.79373 0.0143038
1.66816823994 2.80194 0.0147289
1.6744495611 2.81013 0.0148229
1.68072138563 2.81844 0.0146337
1.68701215424 2.82809 0.015393
1.6933074808 2.83535 0.015392
1.69958064303 2.84283 0.0145924
1.70586179344 2.85173 0.0149658
1.71215172419 2.86021 0.014727
1.71843538617 2.86731 0.0143527
1.72471844694 2.8751 0.0141831
1.73099491844 2.8829 0.0150339
1.73728636032 2.8904 0.0152774
1.74356630258 2.89897 0.0149924
1.74983600778 2.90656 0.0151452
1.75612327869 2.91414 0.014052
1.76241061606 2.92253 0.0154754
1.76869357896 2.92913 0.0145376
1.77497674839 2.93938 0.0161457
1.78126362161 2.94663 0.0154425
1.78754574761 2.95373 0.016326
1.7938272923 2.96173 0.0159818
1.80010772174 2.97053 0.0160136
1.80639091391 2.97659 0.0153247
1.81267451427 2.98453 0.0156525
1.81895363524 2.99295 0.0155792
1.82523850291 3.00099 0.0155927
1.8315236862 3.00889 0.0154738
1.83781040898 3.01615 0.0156451
1.84409642612 3.02376 0.0161451
1.8503769215 3.03192 0.0157322
1.85666074594 3.0397 0.0160059
1.86294359809 3.04615 0.0168702
1.86922204917 3.05453 0.0175075
1.87550781357 3.06157 0.0159589
1.88179499507 3.07131 0.0163149
1.88807781314 3.07663 0.01686
1.89435244502 3.08485 0.0168655
1.90063796885 3.09282 0.0172331
1.90692833723 3.10272 0.0149113
1.91320221586 3.10817 0.0162893
1.91948223445 3.11634 0.0153693
1.92577010575 3.12335 0.0177165
1.93206491035 3.13154 0.0163338
1.93834071151 3.13864 0.0158703
1.94460828613 3.14785 0.017452
1.9508968614 3.15481 0.0148384
1.95718811973 3.16359 0.0166298
1.96347509207 3.17115 0.0156718
1.9697553281 3.17752 0.0174528
1.9760413775 3.18626 0.0181909
1.98233260336 3.19224 0.0168555
1.98861171931 3.19984 0.0164052
1.99488792869 3.20694 0.0175716
2.00117304134 3.21311 0.0174365
2.00745262249 3.22362 0.0180543
2.01372721862 3.22941 0.0189542
2.02001108039 3.23815 0.0174093
2.02630405283 3.24317 0.0172621
2.03258735828 3.25067 0.0193409
2.03886100377 3.25863 0.0206034
2.04514489951 3.26665 0.0169347
2.05143683626 3.2752 0.0189044
2.05772382203 3.28154 0.0193068
2.0640044634 3.2863 0.0183343
2.07029278421 3.29428 0.0183381
2.07658471853 3.30293 0.0193606
2.08285424307 3.30726 0.0194217
2.08912259138 3.31415 0.0210434
2.09541730178 3.3211 0.0190381
2.10170304464 3.32941 0.0201913
2.10797273337 3.33574 0.0198883
2.11425579676 3.34218 0.0203459
2.12053788985 3.34809 0.0189026
2.12682075079 3.35518 0.0201635
2.13310670204 3.36269 0.01928
2.13940011923 3.3703 0.0205092
2.14568939859 3.37713 0.021689
2.15195789682 3.38284 0.0211012
2.15824033347 3.38755 0.0188505
2.16453048092 3.39434 0.0206246
2.17081716829 3.40154 0.0202619
2.17709912993 3.41052 0.0226794
2.18337674027 3.41638 0.0214159
2.18965452646 3.42102 0.0192122
2.19593814184 3.42607 0.0200057
2.20221722867 3.43302 0.0192469
2.20849850085 3.44137 0.0225587
2.21479372465 3.44657 0.022907
2.22107581834 3.45729 0.0237418
2.22733812199 3.4628 0.0225597
2.23362792264 3.4683 0.0203297
2.2399287897 3.47867 0.0203879
2.24620084223 3.48187 0.0227396
2.2524810722 3.48896 0.0240364
2.25875993301 3.49863 0.0229154
2.26503776668 3.50817 0.0241291
2.27130391144 3.52047 0.0248251
2.27758972822 3.52588 0.0249656
2.28389830542 3.53653 0.0252684
2.29017001225 3.54434 0.0250947
2.29645357402 3.5487 0.0291421
2.30275372852 3.56087 0.0269466
2.30903325986 3.57177 0.0268122
2.31530674049 3.57563 0.025227
2.32158490306 3.58594 0.0296158
2.3278758488 3.5919 0.0256766
2.33415543799 3.59926 0.0278681
2.34041936871 3.60558 0.0297575
2.34670710068 3.61127 0.0266652
2.3530032916 3.62167 0.0309045
2.35928989445 3.63017 0.0348811
2.36555387699 3.63554 0.0320808
2.37182578571 3.64477 0.0301789
2.3781409032 3.64992 0.0295413
2.38442809259 3.66027 0.0319165
2.39069258243 3.66362 0.0299577
2.39698813839 3.67102 0.0343198
2.40330354843 3.68086 0.0333264
2.40957307365 3.68034 0.0371205
2.41583080138 3.69652 0.0332832
2.42214385676 3.69898 0.0344483
2.42843005755 3.70358 0.033573
2.43467776878 3.71042 0.039369
2.44097021258 3.71737 0.0351412
2.44729898127 3.72704 0.0348646
2.45356911846 3.73048 0.0394512
2.45980003814 3.74174 0.0412038
2.4661092349 3.74235 0.0403395
2.47241430729 3.75109 0.0390802
2.47866355169 3.75627 0.0435918
2.48493431628 3.76937 0.0401463
2.49124283111 3.76535 0.042657
2.49755537626 3.77752 0.0482741
2.50380379021 3.78232 0.0437436
2.51005045336 3.78657 0.0490676
2.51638815336 3.79037 0.0530135
2.52269694929 3.79603 0.0496795
2.52891211798 3.80486 0.0513892
2.53519495098 3.81605 0.0490272
2.54155301509 3.81546 0.054341
2.54783359884 3.81736 0.0510097
2.55402772623 3.83327 0.0530085
2.56033571996 3.83232 0.051731
2.56672381747 3.84064 0.0563801
2.57294751341 3.8439 0.0561374
2.57911252531 3.84921 0.061872
2.58547549612 3.86291 0.0523246
2.59185019505 3.86066 0.0660451
2.59805932148 3.85321 0.0641131
2.60429715989 3.86431 0.0689935
2.61067449751 3.86639 0.0707128
2.61693283418 3.87838 0.0736195
2.62300854502 3.88025 0.0735556
2.62939753095 3.88945 0.0756603
2.63591057571 3.88012 0.0805145
2.64202978624 3.8875 0.0868421
2.64803951219 3.89363 0.0915541
2.65454096229 3.89223 0.089292
2.66118028258 3.90007 0.0983271
2.66719514746 3.89628 0.101451
2.67309090101 3.89891 0.102829
2.67973176445 3.9099 0.0960893
2.68646693102 3.92349 0.107533
2.69219835647 3.91793 0.126684
2.69796467721 3.92646 0.133014
2.70489193937 3.9336 0.130792
2.71182026315 3.92015 0.145506
2.71709790339 3.89754 0.188778
2.7227864466 3.95045 0.150616
2.72994784687 3.91576 0.168804
2.73706528781 3.96277 0.234556
2.74248820391 3.96084 0.353093
2.74787331837 3.9742 0.326989
2.75504313834 3.91117 0.345987
2.76219934437 3.9344 0.459228
2.76789278819 3.91992 0.848257
2.77283198247 3.8032 0.767699
2.77965581172 3.86952 1.69064
2.78599582346 12.0253 66.3482
