0.0088996412247 5.54336 0.385988
0.0150791221651 5.51993 0.195493
0.0214479018646 5.34353 0.131549
0.0278366077649 5.20506 0.115484
0.034350997858 4.98986 0.10686
0.0404788676143 4.7651 0.104526
0.0467671668358 4.52225 0.0846687
0.0530822510177 4.25808 0.0816525
0.0594536244094 3.98649 0.0618856
0.0657622481459 3.72324 0.0585535
0.071966329067 3.48237 0.0584105
0.0782786091569 3.25544 0.051647
0.0847039894583 3.03269 0.0454673
0.0909685462053 2.85365 0.0505358
0.0972078977683 2.70834 0.0461536
0.103476303896 2.55258 0.0351587
0.109757644425 2.42954 0.0396517
0.116054308478 2.31929 0.0324271
0.122366966654 2.22471 0.0333404
0.128681726309 2.14699 0.0268821
0.134950080166 2.10035 0.0293679
0.141194955884 2.07237 0.0272842
0.147513357575 2.05812 0.0265439
0.153786507425 2.04953 0.027771
0.160065754405 2.03968 0.0248695
0.166399116869 2.0356 0.0242652
0.172719564578 2.03099 0.0224765
0.178976521338 2.02372 0.0229353
0.185235369065 2.01829 0.0241612
0.191480678734 2.02013 0.0240222
0.197788986865 2.02312 0.0220473
0.204093773545 2.02793 0.0207831
0.210393930261 2.0331 0.0193174
0.216690970982 2.03727 0.0200486
0.222970028122 2.03736 0.0193751
0.229262002709 2.03574 0.0215182
0.235514150837 2.03599 0.0191223
0.241791058382 2.03636 0.018276
0.248085653944 2.03598 0.0188119
0.254349225687 2.03207 0.0189815
0.260633425188 2.02993 0.0192439
0.26692573709 2.03193 0.0188867
0.273242334314 2.03392 0.0173911
0.279552968008 2.0322 0.0173053
0.285836629231 2.0314 0.0198975
0.292087627139 2.03081 0.0182053
0.298344984444 2.03127 0.0182765
0.304638263941 2.02523 0.0185113
0.3109279127 2.02815 0.0180831
0.317216817162 2.0232 0.0184736
0.323518756794 2.02099 0.0184978
0.329816821755 2.02273 0.0170535
0.336117642946 2.02456 0.0177831
0.342370037571 2.02199 0.0178705
0.348647819267 2.0195 0.0172282
0.354941161441 2.01746 0.0182727
0.361191693542 2.01673 0.0159918
0.367476708956 2.01613 0.0171661
0.373764779528 2.0146 0.0163323
0.380065403148 2.01042 0.0180865
0.386353986126 2.01378 0.0165013
0.392614018136 2.00981 0.014818
0.398926450032 2.01242 0.0151913
0.405207324458 2.00862 0.0167754
0.411491647757 2.01154 0.0157121
0.417781427212 2.00836 0.0167349
0.424040064873 2.00872 0.016754
0.430342569027 2.00701 0.0182581
0.436635856026 2.00621 0.0176071
0.442899618322 2.00537 0.0154522
0.449163441853 2.00406 0.0154788
0.455441414625 2.00383 0.0173793
0.46176344703 2.00492 0.0177047
0.468064424202 2.00264 0.0166101
0.474348524276 2.00178 0.0151097
0.480635613682 2.00258 0.0159097
0.486901925839 2.00329 0.0154725
0.49316970996 2.00179 0.0164846
0.499450674714 2.00186 0.0164697
0.505715905134 1.99952 0.0152674
0.511992399627 2.00284 0.0156962
0.518312609777 2.00209 0.0161531
0.524608963803 1.99988 0.0154266
0.530875730848 2.00203 0.0166344
0.537157352795 2.00086 0.0174611
0.543457956378 2.0016 0.014155
0.549743065239 2.00048 0.0140711
0.55599374275 2.00207 0.0138938
0.562285467661 2.0034 0.0144747
0.568601153723 2.00149 0.0147612
0.574880458942 2.00219 0.0165385
0.581155021034 2.00304 0.0148253
0.587439449666 2.00204 0.016758
0.59371762203 2.00265 0.0144371
0.599997195479 2.00467 0.0171923
0.606267911512 2.00298 0.014996
0.612546957644 2.00349 0.0157086
0.618847773304 2.00622 0.0153185
0.625131056744 2.00628 0.0165284
0.631402745038 2.00819 0.0166822
0.637700356273 2.00802 0.0163709
0.643985778331 2.00868 0.0149201
0.650268541717 2.01084 0.0170998
0.65655861177 2.01209 0.0152199
0.662836928236 2.0126 0.017307
0.669118544496 2.01329 0.0165622
0.675407019858 2.01691 0.0155749
0.681683551459 2.0153 0.0172394
0.687959253386 2.01664 0.01495
0.694234431704 2.01975 0.0147918
0.700517540243 2.02121 0.016792
0.706812495661 2.02277 0.0150554
0.713101900967 2.02465 0.0143623
0.719391825117 2.02658 0.0167212
0.72568338076 2.02657 0.0162067
0.731965268271 2.02738 0.0164245
0.738250799048 2.03072 0.0164326
0.744526584212 2.03346 0.0148146
0.750787110194 2.03373 0.0149713
0.757075846532 2.03499 0.0165131
0.76336412336 2.03892 0.0147302
0.769646295986 2.04227 0.0165638
0.775939486518 2.0445 0.0165118
0.782232914199 2.04785 0.0154858
0.788531493652 2.04873 0.0160946
0.794789656698 2.04971 0.0164029
0.801049109659 2.05295 0.0156536
0.807336406173 2.05672 0.0150196
0.813622948837 2.059 0.0163443
0.819915299896 2.06192 0.0149668
0.826195263639 2.06468 0.0164327
0.832489707008 2.06755 0.0141553
0.838795930921 2.06978 0.0158429
0.84506346397 2.0725 0.0155221
0.851328286756 2.07445 0.0146433
0.85761982639 2.07857 0.015149
0.863905847706 2.08165 0.0152686
0.870183874549 2.08438 0.0145555
0.876464109608 2.08833 0.0157987
0.88275038734 2.0918 0.0159375
0.889033276839 2.09398 0.0162308
0.895308424711 2.09675 0.0147146
0.901595652167 2.10139 0.014411
0.907883332809 2.10446 0.0158134
0.914174410632 2.10833 0.0139589
0.920463081772 2.11196 0.0146119
0.926743441526 2.11559 0.0149879
0.933032419735 2.11754 0.0155117
0.939326578557 2.12251 0.0153788
0.94559748104 2.12588 0.014761
0.951866001855 2.13002 0.0157649
0.958141325553 2.13215 0.0157497
0.964435094511 2.13951 0.0155068
0.970735563357 2.14285 0.0148871
0.977008076845 2.14596 0.0142591
0.983282332536 2.15029 0.0157582
0.989556969197 2.15426 0.0144019
0.995845630192 2.15992 0.015955
1.00213621074 2.16294 0.0143438
1.00840482534 2.16784 0.0147788
1.01469414984 2.17103 0.0147563
1.02099255544 2.17659 0.0137395
1.02727398044 2.18156 0.015145
1.0335591819 2.18618 0.0152356
1.03984755739 2.18978 0.0151429
1.04612697494 2.19538 0.0151022
1.05240343681 2.19994 0.0153379
1.05868070465 2.20441 0.0155555
1.06496433307 2.20812 0.0151712
1.07125677744 2.21289 0.0139313
1.0775440488 2.21953 0.0150125
1.08382482019 2.22335 0.0151672
1.09010802394 2.22803 0.0147874
1.09638966596 2.23436 0.0136303
1.10268113206 2.23805 0.0146812
1.10896304759 2.24438 0.0151185
1.11522542846 2.24891 0.0146655
1.12150212761 2.25321 0.0160319
1.12779257382 2.25966 0.015053
1.13408955267 2.26573 0.0147582
1.14036404965 2.27014 0.0132925
1.14663918032 2.27574 0.0142617
1.15294241299 2.2806 0.0148337
1.15922890675 2.28614 0.0154181
1.16550872189 2.29244 0.0145106
1.17179307626 2.29807 0.0156624
1.17808743637 2.30356 0.0133686
1.18436765425 2.30855 0.0152504
1.1906346423 2.31638 0.0138594
1.19691220883 2.32024 0.0150915
1.20320157735 2.32622 0.0148883
1.20948684444 2.33235 0.0160051
1.21576390207 2.33852 0.014882
1.22204975517 2.34407 0.0163423
1.22834061662 2.34848 0.0146448
1.23463298658 2.356 0.0131278
1.24090224718 2.36204 0.0153347
1.24717483914 2.36758 0.0133681
1.25346545993 2.37335 0.0150809
1.25974995189 2.37962 0.0146338
1.26603214313 2.38611 0.0141332
1.27231628847 2.39148 0.0135815
1.27860415506 2.39776 0.0137545
1.28488658893 2.40363 0.0140372
1.29117542007 2.41123 0.0129859
1.29746572637 2.41655 0.0141089
1.30374182701 2.42313 0.014779
1.31001732292 2.42949 0.0126788
1.31630144766 2.43564 0.0140743
1.32258676036 2.44249 0.0141243
1.32886549245 2.44932 0.0140879
1.33514480495 2.45554 0.0134024
1.34144051627 2.46022 0.0140059
1.34773086842 2.4683 0.0142562
1.35400158999 2.47447 0.0124707
1.3602826093 2.48128 0.0149445
1.36656568646 2.48752 0.0142845
1.37285149848 2.49376 0.0141483
1.37913537293 2.50189 0.014112
1.38540956715 2.50752 0.0134438
1.39169864122 2.51489 0.0148437
1.39798445144 2.52078 0.0136054
1.40426788341 2.52735 0.014612
1.41055477948 2.53339 0.014368
1.41683783355 2.54036 0.0141305
1.42311817719 2.54712 0.0148273
1.42939780116 2.55265 0.0138915
1.43568692182 2.56049 0.0145855
1.44197712177 2.56618 0.0140232
1.44825366785 2.57372 0.0143485
1.45453234897 2.57971 0.0147911
1.46081931915 2.58782 0.0151524
1.4671103644 2.59372 0.0134116
1.47339290895 2.60003 0.0134579
1.47966996524 2.60627 0.0135667
1.4859561446 2.6133 0.0149718
1.49223361076 2.61938 0.0129601
1.49850247038 2.62581 0.0151789
1.50478575205 2.63184 0.0145925
1.51107599189 2.63923 0.0128534
1.51736163499 2.64369 0.0134611
1.52364857097 2.65065 0.0147408
1.52993803572 2.65722 0.0155366
1.53623017691 2.66473 0.0134251
1.54251071878 2.66872 0.0132353
1.54878396308 2.67634 0.014351
1.55507306978 2.68156 0.0135993
1.56135732493 2.68895 0.0131397
1.56762912105 2.6935 0.0141299
1.5739136974 2.70015 0.0146273
1.58020354523 2.70566 0.0147772
1.58648539343 2.71116 0.0139366
1.59276001426 2.71694 0.0150773
1.59904643639 2.72277 0.014387
1.60534213664 2.72727 0.0151494
1.61161976836 2.73395 0.0154835
1.61789716835 2.74301 0.0147679
1.62418270854 2.75071 0.0141065
1.63046407995 2.76096 0.015138
1.63674824683 2.7696 0.0151426
1.64303013827 2.77715 0.0146477
1.64930808063 2.78641 0.0156063
1.65559224863 2.79501 0.0147003
1.66187827598 2.80326 0.0146986
1.66816823994 2.81137 0.0148363
1.6744495611 2.8194 0.0150895
1.68072138563 2.8281 0.0144161
1.68701215424 2.83746 0.0157241
1.6933074808 2.84501 0.0150654
1.69958064303 2.85221 0.0155145
1.70586179344 2.86082 0.0152779
1.71215172419 2.86961 0.0146643
1.71843538617 2.87699 0.0147745
1.72471844694 2.88503 0.015531
1.73099491844 2.89309 0.0153222
1.73728636032 2.90152 0.016396
1.74356630258 2.90948 0.0151951
1.74983600778 2.91704 0.0151075
1.75612327869 2.92448 0.0149758
1.76241061606 2.9334 0.0160899
1.76869357896 2.93958 0.0151043
1.77497674839 2.94914 0.0166732
1.78126362161 2.95666 0.0154014
1.78754574761 2.96318 0.0156754
1.7938272923 2.97313 0.0158137
1.80010772174 2.98213 0.0166876
1.80639091391 2.98729 0.0153262
1.81267451427 2.99431 0.0149711
1.81895363524 3.00343 0.0156257
1.82523850291 3.01111 0.0156927
1.8315236862 3.01946 0.0163936
1.83781040898 3.02777 0.0162948
1.84409642612 3.03522 0.0162805
1.8503769215 3.04239 0.0164821
1.85666074594 3.04976 0.0163571
1.86294359809 3.05785 0.0178961
1.86922204917 3.06532 0.0180309
1.87550781357 3.07366 0.0156401
1.88179499507 3.08304 0.0164013
1.88807781314 3.08762 0.0174745
1.89435244502 3.09608 0.0161284
1.90063796885 3.10464 0.0165055
1.90692833723 3.11247 0.0150581
1.91320221586 3.11914 0.0176564
1.91948223445 3.12796 0.0154298
1.92577010575 3.13434 0.0178013
1.93206491035 3.14322 0.0164448
1.93834071151 3.15047 0.0160545
1.94460828613 3.158 0.0181233
1.9508968614 3.16533 0.0148611
1.95718811973 3.17391 0.0161169
1.96347509207 3.1809 0.015403
1.9697553281 3.18869 0.0176594
1.9760413775 3.19642 0.018498
1.98233260336 3.20328 0.0176436
1.98861171931 3.21181 0.0168187
1.99488792869 3.21892 0.0183721
2.00117304134 3.22539 0.0173646
2.00745262249 3.23406 0.0185576
2.01372721862 3.23954 0.0186327
2.02001108039 3.24804 0.0185473
2.02630405283 3.25433 0.0180381
2.03258735828 3.26183 0.0196603
2.03886100377 3.27025 0.0193409
2.04514489951 3.27809 0.0178537
2.05143683626 3.28588 0.0195168
2.05772382203 3.29259 0.0190478
2.0640044634 3.29847 0.0191221
2.07029278421 3.30517 0.0191658
2.07658471853 3.31373 0.0183882
2.08285424307 3.31819 0.020364
2.08912259138 3.32472 0.0202721
2.09541730178 3.33273 0.0200481
2.10170304464 3.34018 0.0212603
2.10797273337 3.34668 0.0202847
2.11425579676 3.35418 0.0211599
2.12053788985 3.3583 0.0195979
2.12682075079 3.36635 0.0194665
2.13310670204 3.37467 0.0200288
2.13940011923 3.381 0.0204361
2.14568939859 3.38861 0.0209815
2.15195789682 3.39457 0.0205307
2.15824033347 3.39881 0.0217576
2.16453048092 3.40347 0.0204103
2.17081716829 3.41266 0.0223083
2.17709912993 3.41976 0.0219466
2.18337674027 3.42781 0.0217663
2.18965452646 3.43092 0.0204035
2.19593814184 3.43758 0.0203509
2.20221722867 3.44561 0.0214816
2.20849850085 3.45295 0.0198891
2.21479372465 3.45659 0.022834
2.22107581834 3.46862 0.0224327
2.22733812199 3.47313 0.0232836
2.23362792264 3.47872 0.0205051
2.2399287897 3.48912 0.0207321
2.24620084223 3.49259 0.0218859
2.2524810722 3.49957 0.0251796
2.25875993301 3.50917 0.0246741
2.26503776668 3.51977 0.0257287
2.27130391144 3.53071 0.0254378
2.27758972822 3.53535 0.0231116
2.28389830542 3.54726 0.026798
2.29017001225 3.55467 0.0274813
2.29645357402 3.56137 0.0287173
2.30275372852 3.57374 0.026769
2.30903325986 3.58125 0.0287397
2.31530674049 3.58562 0.025076
2.32158490306 3.59745 0.0306947
2.3278758488 3.60193 0.0314198
2.33415543799 3.61019 0.0301206
2.34041936871 3.61644 0.0277617
2.34670710068 3.62366 0.0289019
2.3530032916 3.63268 0.0321965
2.35928989445 3.64149 0.0340578
2.36555387699 3.64946 0.0326636
2.37182578571 3.65286 0.031847
2.3781409032 3.65865 0.0309612
2.38442809259 3.67175 0.0333022
2.39069258243 3.67391 0.0320354
2.39698813839 3.68199 0.0340537
2.40330354843 3.6919 0.0365024
2.40957307365 3.69301 0.0385771
2.41583080138 3.70601 0.0356045
2.42214385676 3.70897 0.0376089
2.42843005755 3.7147 0.0360437
2.43467776878 3.72276 0.0438167
2.44097021258 3.73038 0.0380624
2.44729898127 3.73695 0.035855
2.45356911846 3.74167 0.0412171
2.45980003814 3.7515 0.0406572
2.4661092349 3.7524 0.0386292
2.47241430729 3.76187 0.0447646
2.47866355169 3.77004 0.0432527
2.48493431628 3.77585 0.0451336
2.49124283111 3.77721 0.0415373
2.49755537626 3.79187 0.0495708
2.50380379021 3.79546 0.0410227
2.51005045336 3.80213 0.0499576
2.51638815336 3.8033 0.0495774
2.52269694929 3.81109 0.0483971
2.52891211798 3.81438 0.0502846
2.53519495098 3.82145 0.0498973
2.54155301509 3.83 0.0491539
2.54783359884 3.83165 0.0477113
2.55402772623 3.844 0.0499113
2.56033571996 3.84315 0.0559103
2.56672381747 3.85525 0.0573746
2.57294751341 3.85693 0.0581355
2.57911252531 3.86357 0.0561918
2.58547549612 3.87273 0.0545923
2.59185019505 3.86695 0.065343
2.59805932148 3.8709 0.0649344
2.60429715989 3.87701 0.0722847
2.61067449751 3.87707 0.0646958
2.61693283418 3.88893 0.073698
2.62300854502 3.90219 0.0782599
2.62939753095 3.91058 0.0724777
2.63591057571 3.89412 0.074719
2.64202978624 3.90208 0.0890992
2.64803951219 3.90488 0.0877776
2.65454096229 3.90188 0.0837001
2.66118028258 3.91052 0.10094
2.66719514746 3.91397 0.106918
2.67309090101 3.92003 0.111715
2.67973176445 3.91447 0.0984574
2.68646693102 3.93289 0.098491
2.69219835647 3.91884 0.125763
2.69796467721 3.93723 0.138607
2.70489193937 3.93355 0.125243
2.71182026315 3.92494 0.146066
2.71709790339 3.92496 0.178862
2.7227864466 3.94477 0.16063
2.72994784687 3.91983 0.192338
2.73706528781 3.94338 0.234764
2.74248820391 3.94963 0.342746
2.74787331837 3.96228 0.297615
2.75504313834 3.91888 0.331046
2.76219934437 3.92777 0.43449
2.76789278819 4.01155 0.814657
2.77283198247 3.72535 0.743324
2.77965581172 3.82042 1.60802
2.78599582346 13.7954 53.6986
