0.0088996412247 -2.14345 0.314085
0.0150791221651 -2.10787 0.168407
0.0214479018646 -1.92122 0.108493
0.0278366077649 -1.76927 0.0965366
0.034350997858 -1.54709 0.0903787
0.0404788676143 -1.31924 0.0842236
0.0467671668358 -1.06668 0.0654172
0.0530822510177 -0.794806 0.0690422
0.0594536244094 -0.520211 0.0531942
0.0657622481459 -0.253706 0.0486926
0.071966329067 0.000835315 0.0501175
0.0782786091569 0.238183 0.0405326
0.0847039894583 0.461938 0.0392978
0.0909685462053 0.650218 0.0415766
0.0972078977683 0.802716 0.0400775
0.103476303896 0.961913 0.0338825
0.109757644425 1.09415 0.0326464
0.116054308478 1.21034 0.032643
0.122366966654 1.31195 0.0292634
0.128681726309 1.39254 0.0276715
0.134950080166 1.44555 0.027439
0.141194955884 1.47722 0.0258789
0.147513357575 1.50041 0.0257642
0.153786507425 1.5133 0.0222913
0.160065754405 1.52519 0.0268481
0.166399116869 1.53458 0.024602
0.172719564578 1.54556 0.0235767
0.178976521338 1.5557 0.0229907
0.185235369065 1.5679 0.0230184
0.191480678734 1.57179 0.0217749
0.197788986865 1.5779 0.0230626
0.204093773545 1.57277 0.0219552
0.210393930261 1.5774 0.0194353
0.216690970982 1.57405 0.0194674
0.222970028122 1.57599 0.01902
0.229262002709 1.5849 0.0230594
0.235514150837 1.58373 0.0190055
0.241791058382 1.59175 0.0185598
0.248085653944 1.59498 0.0205198
0.254349225687 1.60233 0.0185819
0.260633425188 1.60817 0.017754
0.26692573709 1.60989 0.0190222
0.273242334314 1.61339 0.0173907
0.279552968008 1.61821 0.0181063
0.285836629231 1.62053 0.0175065
0.292087627139 1.62523 0.0177637
0.298344984444 1.63002 0.0182214
0.304638263941 1.63283 0.0172444
0.3109279127 1.63764 0.0154852
0.317216817162 1.64549 0.0169953
0.323518756794 1.64799 0.0151609
0.329816821755 1.65424 0.0167348
0.336117642946 1.65796 0.0169313
0.342370037571 1.66168 0.018767
0.348647819267 1.66683 0.0161396
0.354941161441 1.6697 0.0172386
0.361191693542 1.67272 0.0179747
0.367476708956 1.67977 0.0158038
0.373764779528 1.6855 0.0154522
0.380065403148 1.68835 0.0168113
0.386353986126 1.69131 0.0156199
0.392614018136 1.69892 0.0158337
0.398926450032 1.70014 0.0164416
0.405207324458 1.70494 0.0154145
0.411491647757 1.70572 0.0160793
0.417781427212 1.71114 0.0172807
0.424040064873 1.71675 0.0163473
0.430342569027 1.72055 0.0155071
0.436635856026 1.72632 0.0159785
0.442899618322 1.7276 0.0155679
0.449163441853 1.73318 0.017063
0.455441414625 1.73708 0.015005
0.46176344703 1.73992 0.0141101
0.468064424202 1.74387 0.0152286
0.474348524276 1.7493 0.0175301
0.480635613682 1.75336 0.0143157
0.486901925839 1.75788 0.0146695
0.49316970996 1.75959 0.0162944
0.499450674714 1.7665 0.014778
0.505715905134 1.76717 0.0147313
0.511992399627 1.77153 0.01601
0.518312609777 1.77497 0.0143314
0.524608963803 1.77937 0.0131029
0.530875730848 1.78465 0.0145252
0.537157352795 1.78957 0.0138317
0.543457956378 1.7924 0.0150106
0.549743065239 1.79533 0.0143338
0.55599374275 1.79944 0.0159124
0.562285467661 1.80559 0.0149466
0.568601153723 1.81155 0.0145653
0.574880458942 1.81254 0.0159129
0.581155021034 1.81587 0.0172703
0.587439449666 1.82222 0.0157995
0.59371762203 1.82388 0.0148942
0.599997195479 1.83001 0.0157645
0.606267911512 1.83378 0.0150522
0.612546957644 1.83764 0.0155275
0.618847773304 1.84265 0.015914
0.625131056744 1.84677 0.0133968
0.631402745038 1.8493 0.0132774
0.637700356273 1.85508 0.01486
0.643985778331 1.85866 0.0138476
0.650268541717 1.86188 0.013337
0.65655861177 1.86643 0.0146015
0.662836928236 1.87259 0.0146308
0.669118544496 1.8758 0.0138616
0.675407019858 1.88 0.0149865
0.681683551459 1.88367 0.0138679
0.687959253386 1.88975 0.0164191
0.694234431704 1.89206 0.0146029
0.700517540243 1.89806 0.0133664
0.706812495661 1.90107 0.0137422
0.713101900967 1.90549 0.0151763
0.719391825117 1.91065 0.0133759
0.72568338076 1.91448 0.0147652
0.731965268271 1.9211 0.0150535
0.738250799048 1.92431 0.0140048
0.744526584212 1.92777 0.0144135
0.750787110194 1.93404 0.0154134
0.757075846532 1.93696 0.014872
0.76336412336 1.94315 0.0147718
0.769646295986 1.94716 0.0149289
0.775939486518 1.95068 0.0135937
0.782232914199 1.95712 0.0152432
0.788531493652 1.96114 0.0136399
0.794789656698 1.96764 0.0148223
0.801049109659 1.96952 0.0144498
0.807336406173 1.97488 0.0140531
0.813622948837 1.97918 0.0130229
0.819915299896 1.9848 0.0144359
0.826195263639 1.98955 0.0145465
0.832489707008 1.99328 0.0167173
0.838795930921 1.99971 0.013053
0.84506346397 2.00394 0.0140111
0.851328286756 2.00929 0.0132692
0.85761982639 2.01423 0.0152792
0.863905847706 2.01812 0.0147256
0.870183874549 2.02394 0.0143018
0.876464109608 2.02903 0.0146383
0.88275038734 2.03343 0.0147023
0.889033276839 2.03908 0.0149253
0.895308424711 2.04445 0.0139598
0.901595652167 2.0497 0.0129296
0.907883332809 2.0539 0.0145273
0.914174410632 2.05731 0.0142876
0.920463081772 2.06455 0.0136672
0.926743441526 2.07032 0.0135466
0.933032419735 2.07614 0.0134654
0.939326578557 2.07987 0.0138643
0.94559748104 2.08624 0.0142381
0.951866001855 2.09064 0.0145765
0.958141325553 2.09618 0.0131948
0.964435094511 2.10155 0.0146979
0.970735563357 2.10809 0.0137103
0.977008076845 2.11409 0.013704
0.983282332536 2.11816 0.0137939
0.989556969197 2.12298 0.01362
0.995845630192 2.12945 0.0139933
1.00213621074 2.13598 0.0137997
1.00840482534 2.14109 0.0151486
1.01469414984 2.14694 0.0146438
1.02099255544 2.15373 0.0132845
1.02727398044 2.15684 0.0149921
1.0335591819 2.16302 0.0143207
1.03984755739 2.16956 0.014812
1.04612697494 2.17493 0.0135202
1.05240343681 2.18041 0.0146353
1.05868070465 2.18742 0.0119976
1.06496433307 2.1941 0.015038
1.07125677744 2.199 0.0138313
1.0775440488 2.20379 0.0130641
1.08382482019 2.2124 0.0131956
1.09010802394 2.21675 0.0138138
1.09638966596 2.22255 0.0134992
1.10268113206 2.22799 0.0141944
1.10896304759 2.23341 0.0145411
1.11522542846 2.24181 0.0126261
1.12150212761 2.24821 0.0143925
1.12779257382 2.25337 0.0132787
1.13408955267 2.25937 0.0133386
1.14036404965 2.26532 0.0138118
1.14663918032 2.27258 0.0136336
1.15294241299 2.27917 0.0139778
1.15922890675 2.28391 0.0127214
1.16550872189 2.29118 0.0132949
1.17179307626 2.29803 0.0140607
1.17808743637 2.30497 0.0145852
1.18436765425 2.31073 0.0134919
1.1906346423 2.31699 0.0130202
1.19691220883 2.32379 0.0128892
1.20320157735 2.3285 0.0144339
1.20948684444 2.33759 0.0122651
1.21576390207 2.34352 0.0131874
1.22204975517 2.34877 0.0134978
1.22834061662 2.3568 0.0131271
1.23463298658 2.36193 0.0134955
1.24090224718 2.369 0.0129499
1.24717483914 2.37609 0.0131855
1.25346545993 2.38403 0.0126388
1.25974995189 2.38918 0.0138865
1.26603214313 2.3966 0.0131792
1.27231628847 2.40388 0.0136796
1.27860415506 2.41006 0.0143721
1.28488658893 2.41633 0.0136529
1.29117542007 2.42347 0.0138064
1.29746572637 2.43057 0.0132862
1.30374182701 2.43759 0.0131854
1.31001732292 2.44351 0.0143612
1.31630144766 2.45078 0.0130843
1.32258676036 2.45827 0.0139419
1.32886549245 2.46603 0.0136454
1.33514480495 2.47252 0.0134934
1.34144051627 2.47974 0.011941
1.34773086842 2.48749 0.0139836
1.35400158999 2.49425 0.0140133
1.3602826093 2.50091 0.0138228
1.36656568646 2.5068 0.0129066
1.37285149848 2.51402 0.0134607
1.37913537293 2.52091 0.0142107
1.38540956715 2.52813 0.0132004
1.39169864122 2.53545 0.0126288
1.39798445144 2.5423 0.0135077
1.40426788341 2.54965 0.0140232
1.41055477948 2.55719 0.0139554
1.41683783355 2.56407 0.0139227
1.42311817719 2.57147 0.0130296
1.42939780116 2.57809 0.0131483
1.43568692182 2.58645 0.0142623
1.44197712177 2.59325 0.0137124
1.44825366785 2.59893 0.0139608
1.45453234897 2.60672 0.0149251
1.46081931915 2.61343 0.0138242
1.4671103644 2.61989 0.0131898
1.47339290895 2.62741 0.014293
1.47966996524 2.63421 0.0139763
1.4859561446 2.63964 0.0132132
1.49223361076 2.64735 0.0134948
1.49850247038 2.65334 0.0126638
1.50478575205 2.66102 0.0126442
1.51107599189 2.66657 0.0142627
1.51736163499 2.67437 0.0139467
1.52364857097 2.67957 0.0137163
1.52993803572 2.68796 0.0134687
1.53623017691 2.69363 0.0140803
1.54251071878 2.70036 0.013261
1.54878396308 2.70641 0.0137589
1.55507306978 2.71318 0.0125005
1.56135732493 2.7186 0.0134774
1.56762912105 2.72492 0.0141485
1.5739136974 2.73079 0.0132292
1.58020354523 2.73761 0.0133234
1.58648539343 2.74138 0.0136444
1.59276001426 2.74729 0.0123424
1.59904643639 2.75399 0.0137425
1.60534213664 2.75989 0.01411
1.61161976836 2.76706 0.0147037
1.61789716835 2.77562 0.0128271
1.62418270854 2.78526 0.013876
1.63046407995 2.7944 0.0138929
1.63674824683 2.80211 0.0139917
1.64303013827 2.8124 0.013839
1.64930808063 2.8221 0.0136309
1.65559224863 2.82926 0.0139412
1.66187827598 2.83631 0.0146102
1.66816823994 2.84666 0.014353
1.6744495611 2.85498 0.0136187
1.68072138563 2.86309 0.0144771
1.68701215424 2.87174 0.013921
1.6933074808 2.87949 0.0148401
1.69958064303 2.88789 0.0146895
1.70586179344 2.89501 0.0142419
1.71215172419 2.90552 0.0150469
1.71843538617 2.91385 0.0147755
1.72471844694 2.92082 0.0133807
1.73099491844 2.92964 0.0148205
1.73728636032 2.93822 0.0141541
1.74356630258 2.94499 0.0151437
1.74983600778 2.95338 0.0144744
1.75612327869 2.96246 0.0141523
1.76241061606 2.97006 0.0144502
1.76869357896 2.97847 0.01519
1.77497674839 2.98758 0.014682
1.78126362161 2.99414 0.0159758
1.78754574761 3.0043 0.0153882
1.7938272923 3.01048 0.0141396
1.80010772174 3.01887 0.0159572
1.80639091391 3.02788 0.0155834
1.81267451427 3.03455 0.0145457
1.81895363524 3.04105 0.0153727
1.82523850291 3.04972 0.016325
1.8315236862 3.05785 0.0163004
1.83781040898 3.06452 0.0138463
1.84409642612 3.07385 0.0167724
1.8503769215 3.08279 0.0152691
1.85666074594 3.09118 0.0160308
1.86294359809 3.09769 0.0145842
1.86922204917 3.10666 0.0149994
1.87550781357 3.1133 0.0150158
1.88179499507 3.12112 0.0157769
1.88807781314 3.12849 0.0150043
1.89435244502 3.13708 0.0157468
1.90063796885 3.14551 0.0163286
1.90692833723 3.15506 0.0160048
1.91320221586 3.16071 0.015968
1.91948223445 3.16769 0.0166338
1.92577010575 3.17863 0.0155931
1.93206491035 3.18489 0.0175859
1.93834071151 3.19192 0.0160736
1.94460828613 3.20047 0.0153401
1.9508968614 3.20904 0.0176044
1.95718811973 3.21725 0.0179468
1.96347509207 3.22294 0.0173695
1.9697553281 3.2324 0.0177949
1.9760413775 3.24019 0.0161422
1.98233260336 3.24795 0.0179092
1.98861171931 3.25408 0.0172148
1.99488792869 3.26166 0.0165817
2.00117304134 3.26954 0.0167905
2.00745262249 3.27868 0.0164882
2.01372721862 3.28729 0.0169745
2.02001108039 3.2918 0.0167967
2.02630405283 3.30124 0.0176834
2.03258735828 3.30737 0.0171928
2.03886100377 3.315 0.0191694
2.04514489951 3.32136 0.0168226
2.05143683626 3.32971 0.0184327
2.05772382203 3.33666 0.0174946
2.0640044634 3.34286 0.0192025
2.07029278421 3.35041 0.0171782
2.07658471853 3.35919 0.017464
2.08285424307 3.36736 0.0169328
2.08912259138 3.3753 0.0198459
2.09541730178 3.37972 0.0204134
2.10170304464 3.39007 0.0194251
2.10797273337 3.39478 0.0210181
2.11425579676 3.40325 0.0185235
2.12053788985 3.41046 0.0197111
2.12682075079 3.41603 0.0184442
2.13310670204 3.42148 0.0184486
2.13940011923 3.42878 0.0187775
2.14568939859 3.43741 0.0215527
2.15195789682 3.44339 0.0215708
2.15824033347 3.44816 0.0208962
2.16453048092 3.45833 0.0195
2.17081716829 3.46288 0.0190346
2.17709912993 3.47013 0.0198311
2.18337674027 3.47674 0.0228686
2.18965452646 3.48153 0.0199354
2.19593814184 3.48977 0.0213925
2.20221722867 3.49476 0.0210407
2.20849850085 3.50281 0.0223661
2.21479372465 3.51113 0.0221024
2.22107581834 3.51623 0.0229689
2.22733812199 3.52394 0.0214121
2.23362792264 3.52822 0.0208542
2.2399287897 3.53802 0.0232057
2.24620084223 3.54587 0.0213884
2.2524810722 3.5542 0.0238393
2.25875993301 3.56493 0.0235354
2.26503776668 3.56993 0.0250879
2.27130391144 3.5781 0.0249081
2.27758972822 3.59398 0.026156
2.28389830542 3.59971 0.0240011
2.29017001225 3.61068 0.0244266
2.29645357402 3.6203 0.0271425
2.30275372852 3.62515 0.0224837
2.30903325986 3.63591 0.0265146
2.31530674049 3.64271 0.0266672
2.32158490306 3.65079 0.0301323
2.3278758488 3.65878 0.0284654
2.33415543799 3.66517 0.0298642
2.34041936871 3.67478 0.0283416
2.34670710068 3.67934 0.0289858
2.3530032916 3.68894 0.0289654
2.35928989445 3.69761 0.0290794
2.36555387699 3.70251 0.0305508
2.37182578571 3.71648 0.0334794
2.3781409032 3.72244 0.0309382
2.38442809259 3.727 0.0319598
2.39069258243 3.7322 0.0309455
2.39698813839 3.74173 0.0306388
2.40330354843 3.75019 0.0304414
2.40957307365 3.755 0.0316867
2.41583080138 3.7643 0.0335444
2.42214385676 3.77066 0.0315119
2.42843005755 3.78132 0.0317967
2.43467776878 3.7825 0.0306911
2.44097021258 3.7919 0.0370327
2.44729898127 3.7982 0.0412055
2.45356911846 3.80648 0.0364155
2.45980003814 3.80875 0.0357401
2.4661092349 3.81986 0.0363261
2.47241430729 3.82292 0.0379295
2.47866355169 3.82925 0.036421
2.48493431628 3.8356 0.0406115
2.49124283111 3.8437 0.0382138
2.49755537626 3.84926 0.0389027
2.50380379021 3.85742 0.0400225
2.51005045336 3.86716 0.045427
2.51638815336 3.8708 0.0514987
2.52269694929 3.87738 0.0412607
2.52891211798 3.88115 0.0501959
2.53519495098 3.88013 0.0487086
2.54155301509 3.89307 0.0457228
2.54783359884 3.89835 0.047203
2.55402772623 3.90748 0.0562723
2.56033571996 3.90818 0.0580007
2.56672381747 3.91782 0.0536573
2.57294751341 3.91599 0.0553762
2.57911252531 3.92032 0.0526018
2.58547549612 3.93049 0.0586536
2.59185019505 3.94286 0.0570042
2.59805932148 3.93482 0.0649274
2.60429715989 3.95284 0.0664034
2.61067449751 3.95301 0.0647625
2.61693283418 3.95407 0.0739914
2.62300854502 3.94624 0.0743558
2.62939753095 3.94638 0.0738063
2.63591057571 3.9703 0.0729509
2.64202978624 3.97104 0.083639
2.64803951219 3.98339 0.0900379
2.65454096229 3.98227 0.084128
2.66118028258 3.98318 0.0972657
2.66719514746 3.97812 0.116489
2.67309090101 3.97824 0.111258
2.67973176445 4.00596 0.106801
2.68646693102 4.00045 0.102136
2.69219835647 3.99708 0.123342
2.69796467721 3.98351 0.121239
2.70489193937 3.98531 0.106618
2.71182026315 4.0064 0.145684
2.71709790339 3.99081 0.169077
2.7227864466 4.03314 0.162536
2.72994784687 4.02974 0.169486
2.73706528781 4.03803 0.219829
2.74248820391 3.96915 0.334855
2.74787331837 4.0541 0.256714
2.75504313834 4.06513 0.350427
2.76219934437 3.98342 0.4149
2.76789278819 3.93835 0.817267
2.77283198247 4.05843 0.888454
2.77965581172 3.94563 1.75648
2.78599582346 -7.29733 97.3522
