0.0088996412247 0.789623 0.119265
0.0150791221651 0.789943 0.0800054
0.0214479018646 0.793072 0.043693
0.0278366077649 0.794222 0.0461362
0.034350997858 0.80461 0.0396895
0.0404788676143 0.801429 0.0334531
0.0467671668358 0.805237 0.0350288
0.0530822510177 0.81818 0.0298805
0.0594536244094 0.817519 0.0291976
0.0657622481459 0.824382 0.0267381
0.071966329067 0.833068 0.0243688
0.0782786091569 0.835054 0.02187
0.0847039894583 0.83415 0.0233366
0.0909685462053 0.837779 0.025269
0.0972078977683 0.836981 0.0195131
0.103476303896 0.842813 0.0204376
0.109757644425 0.848112 0.0226994
0.116054308478 0.856739 0.0206313
0.122366966654 0.870457 0.019811
0.128681726309 0.878615 0.0210233
0.134950080166 0.88652 0.0186598
0.141194955884 0.887629 0.0180057
0.147513357575 0.894811 0.018052
0.153786507425 0.893893 0.0175124
0.160065754405 0.904368 0.0212771
0.166399116869 0.912039 0.0175009
0.172719564578 0.920331 0.0162506
0.178976521338 0.933564 0.0174309
0.185235369065 0.946669 0.015226
0.191480678734 0.961105 0.0163052
0.197788986865 0.972247 0.0163872
0.204093773545 0.98297 0.016441
0.210393930261 0.992166 0.0156281
0.216690970982 1.00233 0.0143288
0.222970028122 1.01178 0.0171058
0.229262002709 1.02245 0.0164818
0.235514150837 1.03523 0.0154535
0.241791058382 1.05015 0.0135531
0.248085653944 1.06572 0.016604
0.254349225687 1.08054 0.0132182
0.260633425188 1.09551 0.0150909
0.26692573709 1.10675 0.0143491
0.273242334314 1.12056 0.01463
0.279552968008 1.13558 0.0141758
0.285836629231 1.14788 0.0146123
0.292087627139 1.16102 0.0127004
0.298344984444 1.17493 0.0148845
0.304638263941 1.1893 0.015308
0.3109279127 1.20349 0.0144605
0.317216817162 1.21953 0.0146687
0.323518756794 1.23216 0.0142132
0.329816821755 1.24848 0.0142468
0.336117642946 1.26424 0.0147108
0.342370037571 1.27586 0.0139417
0.348647819267 1.29098 0.012211
0.354941161441 1.30362 0.0151864
0.361191693542 1.31843 0.014466
0.367476708956 1.33297 0.0132971
0.373764779528 1.3454 0.0156335
0.380065403148 1.35905 0.0140403
0.386353986126 1.3718 0.0149097
0.392614018136 1.38664 0.0130546
0.398926450032 1.39823 0.014416
0.405207324458 1.40791 0.0132759
0.411491647757 1.42082 0.0130602
0.417781427212 1.43338 0.0147006
0.424040064873 1.44781 0.0150947
0.430342569027 1.458 0.012999
0.436635856026 1.47073 0.0149558
0.442899618322 1.48169 0.0157474
0.449163441853 1.49242 0.0129948
0.455441414625 1.50253 0.0122866
0.46176344703 1.51303 0.0146979
0.468064424202 1.52555 0.0144761
0.474348524276 1.53436 0.0147211
0.480635613682 1.54661 0.0130573
0.486901925839 1.55755 0.0131709
0.49316970996 1.563 0.014288
0.499450674714 1.57774 0.0144026
0.505715905134 1.58256 0.0138183
0.511992399627 1.59298 0.0156404
0.518312609777 1.60194 0.0138879
0.524608963803 1.61023 0.0125985
0.530875730848 1.61933 0.0140295
0.537157352795 1.62958 0.0138782
0.543457956378 1.63651 0.0143003
0.549743065239 1.6441 0.0127211
0.55599374275 1.65058 0.0123642
0.562285467661 1.66179 0.0129685
0.568601153723 1.66971 0.0138599
0.574880458942 1.67692 0.0137008
0.581155021034 1.6829 0.0153191
0.587439449666 1.69002 0.0140575
0.59371762203 1.6972 0.0150633
0.599997195479 1.70591 0.0147303
0.606267911512 1.71123 0.01259
0.612546957644 1.71719 0.0137433
0.618847773304 1.7252 0.0155015
0.625131056744 1.73129 0.013523
0.631402745038 1.73746 0.0129345
0.637700356273 1.74503 0.0137887
0.643985778331 1.75315 0.0117998
0.650268541717 1.75728 0.0131574
0.65655861177 1.76362 0.0133874
0.662836928236 1.77148 0.0148316
0.669118544496 1.77642 0.0145706
0.675407019858 1.78364 0.0161227
0.681683551459 1.78767 0.0141041
0.687959253386 1.79487 0.0158403
0.694234431704 1.80131 0.0143477
0.700517540243 1.80901 0.0132598
0.706812495661 1.81206 0.0141708
0.713101900967 1.81935 0.0151724
0.719391825117 1.82676 0.0137443
0.72568338076 1.82985 0.0157906
0.731965268271 1.83819 0.0144302
0.738250799048 1.84329 0.0140112
0.744526584212 1.84857 0.012783
0.750787110194 1.85539 0.0144753
0.757075846532 1.86099 0.0143582
0.76336412336 1.86805 0.014251
0.769646295986 1.87466 0.0139105
0.775939486518 1.87815 0.0140323
0.782232914199 1.88662 0.0138117
0.788531493652 1.89262 0.013937
0.794789656698 1.89904 0.0143653
0.801049109659 1.90252 0.0139334
0.807336406173 1.91015 0.0146979
0.813622948837 1.9142 0.0133418
0.819915299896 1.92284 0.0139605
0.826195263639 1.9283 0.0145336
0.832489707008 1.93366 0.0153084
0.838795930921 1.93964 0.0126388
0.84506346397 1.94649 0.0129071
0.851328286756 1.95217 0.0129651
0.85761982639 1.95818 0.0142186
0.863905847706 1.96381 0.0135866
0.870183874549 1.97014 0.0130798
0.876464109608 1.97637 0.014101
0.88275038734 1.9835 0.013532
0.889033276839 1.9883 0.0139645
0.895308424711 1.99475 0.0131647
0.901595652167 2.00109 0.0129272
0.907883332809 2.00693 0.0141298
0.914174410632 2.0115 0.0125338
0.920463081772 2.01891 0.0136423
0.926743441526 2.02516 0.0131579
0.933032419735 2.03215 0.0135534
0.939326578557 2.03787 0.0140852
0.94559748104 2.04384 0.0133851
0.951866001855 2.0505 0.0154037
0.958141325553 2.05611 0.0138208
0.964435094511 2.06286 0.0140912
0.970735563357 2.07097 0.0134582
0.977008076845 2.07728 0.0133597
0.983282332536 2.08268 0.013546
0.989556969197 2.08841 0.0130593
0.995845630192 2.09604 0.0129763
1.00213621074 2.10236 0.0132217
1.00840482534 2.10921 0.0145492
1.01469414984 2.11432 0.0141025
1.02099255544 2.12399 0.012219
1.02727398044 2.12813 0.0140544
1.0335591819 2.13458 0.0141963
1.03984755739 2.14202 0.0140867
1.04612697494 2.14862 0.0131812
1.05240343681 2.15439 0.0134981
1.05868070465 2.16198 0.012258
1.06496433307 2.16889 0.014294
1.07125677744 2.17472 0.0130051
1.0775440488 2.18059 0.0128481
1.08382482019 2.18912 0.0131694
1.09010802394 2.19551 0.0137509
1.09638966596 2.20171 0.0130177
1.10268113206 2.2078 0.0142776
1.10896304759 2.2143 0.0135022
1.11522542846 2.22254 0.0127479
1.12150212761 2.22963 0.013722
1.12779257382 2.23546 0.0139512
1.13408955267 2.24353 0.0127838
1.14036404965 2.24908 0.0128809
1.14663918032 2.25619 0.013999
1.15294241299 2.26357 0.014805
1.15922890675 2.27005 0.0121891
1.16550872189 2.27701 0.0139997
1.17179307626 2.28372 0.0143372
1.17808743637 2.29132 0.0135846
1.18436765425 2.29842 0.014248
1.1906346423 2.3048 0.0130884
1.19691220883 2.3118 0.0136037
1.20320157735 2.31799 0.0142255
1.20948684444 2.32575 0.0123167
1.21576390207 2.3335 0.0141028
1.22204975517 2.33975 0.0135052
1.22834061662 2.34716 0.0127185
1.23463298658 2.3534 0.0125426
1.24090224718 2.36175 0.0139519
1.24717483914 2.36933 0.0128498
1.25346545993 2.37677 0.0129005
1.25974995189 2.3815 0.0137933
1.26603214313 2.3916 0.0130684
1.27231628847 2.39706 0.0137409
1.27860415506 2.40352 0.0137652
1.28488658893 2.41063 0.013016
1.29117542007 2.41926 0.0124257
1.29746572637 2.42659 0.01302
1.30374182701 2.43283 0.0122763
1.31001732292 2.43981 0.0134681
1.31630144766 2.44667 0.0125465
1.32258676036 2.45474 0.0135368
1.32886549245 2.46306 0.0134599
1.33514480495 2.47011 0.0133943
1.34144051627 2.47592 0.0125501
1.34773086842 2.48488 0.0134839
1.35400158999 2.49173 0.0125533
1.3602826093 2.49961 0.0138863
1.36656568646 2.50593 0.0125537
1.37285149848 2.51237 0.0128
1.37913537293 2.51994 0.0129166
1.38540956715 2.52773 0.0128818
1.39169864122 2.53402 0.0126922
1.39798445144 2.5424 0.011426
1.40426788341 2.54955 0.0128101
1.41055477948 2.55641 0.0134279
1.41683783355 2.56491 0.0134087
1.42311817719 2.57118 0.0134503
1.42939780116 2.57804 0.0127075
1.43568692182 2.5864 0.0138049
1.44197712177 2.59238 0.0138761
1.44825366785 2.59922 0.0130313
1.45453234897 2.60669 0.0154721
1.46081931915 2.61429 0.013713
1.4671103644 2.62089 0.0135296
1.47339290895 2.628 0.0128185
1.47966996524 2.63528 0.0134973
1.4859561446 2.64137 0.0141746
1.49223361076 2.64884 0.0135335
1.49850247038 2.65521 0.0133481
1.50478575205 2.66225 0.0134835
1.51107599189 2.66876 0.0134059
1.51736163499 2.67535 0.0127607
1.52364857097 2.68093 0.013638
1.52993803572 2.68936 0.0142373
1.53623017691 2.69509 0.0136705
1.54251071878 2.70131 0.0133126
1.54878396308 2.70788 0.0140512
1.55507306978 2.71427 0.0125432
1.56135732493 2.71972 0.0131361
1.56762912105 2.72604 0.0141613
1.5739136974 2.73277 0.0131349
1.58020354523 2.73952 0.0134811
1.58648539343 2.74294 0.0146774
1.59276001426 2.74951 0.0125399
1.59904643639 2.75517 0.0132032
1.60534213664 2.76048 0.0147418
1.61161976836 2.76878 0.0151222
1.61789716835 2.77721 0.0131125
1.62418270854 2.7859 0.0128652
1.63046407995 2.79596 0.0146587
1.63674824683 2.80393 0.0134928
1.64303013827 2.81346 0.0139278
1.64930808063 2.82345 0.0143723
1.65559224863 2.8306 0.0128017
1.66187827598 2.83797 0.0141918
1.66816823994 2.84761 0.0146938
1.6744495611 2.85589 0.0138612
1.68072138563 2.86378 0.0137875
1.68701215424 2.87429 0.013864
1.6933074808 2.88161 0.0139322
1.69958064303 2.88916 0.0145189
1.70586179344 2.89666 0.0146699
1.71215172419 2.90638 0.0150336
1.71843538617 2.91495 0.0149089
1.72471844694 2.92288 0.0143555
1.73099491844 2.9317 0.0145733
1.73728636032 2.94027 0.0154574
1.74356630258 2.94693 0.0146819
1.74983600778 2.95419 0.0143616
1.75612327869 2.96308 0.0140665
1.76241061606 2.9711 0.0132936
1.76869357896 2.97823 0.0151394
1.77497674839 2.98748 0.0159782
1.78126362161 2.99459 0.0154425
1.78754574761 3.00303 0.0140192
1.7938272923 3.01165 0.0147007
1.80010772174 3.01971 0.0165647
1.80639091391 3.02655 0.0155855
1.81267451427 3.03301 0.0145802
1.81895363524 3.04054 0.0156224
1.82523850291 3.04945 0.0157459
1.8315236862 3.05762 0.0164646
1.83781040898 3.06366 0.0152448
1.84409642612 3.07307 0.0161315
1.8503769215 3.08101 0.0166587
1.85666074594 3.08848 0.0178281
1.86294359809 3.09533 0.0156016
1.86922204917 3.10357 0.0159194
1.87550781357 3.11227 0.014706
1.88179499507 3.12058 0.0159901
1.88807781314 3.12571 0.0151739
1.89435244502 3.13459 0.0158333
1.90063796885 3.14212 0.0167271
1.90692833723 3.15075 0.0166053
1.91320221586 3.15667 0.0179306
1.91948223445 3.16392 0.0167624
1.92577010575 3.17489 0.0160207
1.93206491035 3.18064 0.0170385
1.93834071151 3.18699 0.0155037
1.94460828613 3.19621 0.017643
1.9508968614 3.20395 0.0185731
1.95718811973 3.21048 0.0184893
1.96347509207 3.21621 0.0177368
1.9697553281 3.2258 0.0173226
1.9760413775 3.23322 0.0175426
1.98233260336 3.24103 0.018616
1.98861171931 3.2477 0.0171699
1.99488792869 3.25469 0.0184943
2.00117304134 3.26313 0.0187987
2.00745262249 3.27063 0.017978
2.01372721862 3.27915 0.0173512
2.02001108039 3.2836 0.0172791
2.02630405283 3.29061 0.0183348
2.03258735828 3.29867 0.0194488
2.03886100377 3.30587 0.0199216
2.04514489951 3.31355 0.016187
2.05143683626 3.31914 0.0191417
2.05772382203 3.32708 0.0170785
2.0640044634 3.33357 0.0205085
2.07029278421 3.33948 0.0192217
2.07658471853 3.3477 0.0191641
2.08285424307 3.35364 0.0183017
2.08912259138 3.36235 0.0192706
2.09541730178 3.36695 0.019521
2.10170304464 3.37656 0.0196278
2.10797273337 3.38108 0.0222973
2.11425579676 3.39076 0.0185584
2.12053788985 3.39524 0.0206028
2.12682075079 3.40177 0.021139
2.13310670204 3.40749 0.0189901
2.13940011923 3.4131 0.021314
2.14568939859 3.42317 0.0231839
2.15195789682 3.4289 0.0217759
2.15824033347 3.43281 0.0213713
2.16453048092 3.43853 0.0217508
2.17081716829 3.44771 0.0221134
2.17709912993 3.45338 0.0198104
2.18337674027 3.46008 0.0233778
2.18965452646 3.4649 0.0205974
2.19593814184 3.47208 0.0226346
2.20221722867 3.47937 0.0236353
2.20849850085 3.48599 0.0234195
2.21479372465 3.49245 0.0230968
2.22107581834 3.49739 0.0230842
2.22733812199 3.50322 0.0213656
2.23362792264 3.50892 0.0222824
2.2399287897 3.51947 0.0248339
2.24620084223 3.52665 0.0212415
2.2524810722 3.53417 0.0240304
2.25875993301 3.54398 0.0235321
2.26503776668 3.55049 0.0259281
2.27130391144 3.55761 0.0254417
2.27758972822 3.5722 0.0235946
2.28389830542 3.57655 0.0254451
2.29017001225 3.58672 0.0249575
2.29645357402 3.59823 0.0255432
2.30275372852 3.60277 0.0271546
2.30903325986 3.60947 0.0295709
2.31530674049 3.61667 0.0257658
2.32158490306 3.62772 0.0299714
2.3278758488 3.63377 0.0290176
2.33415543799 3.63761 0.0287515
2.34041936871 3.64915 0.0274265
2.34670710068 3.65453 0.0290386
2.3530032916 3.66127 0.0273311
2.35928989445 3.67034 0.0320672
2.36555387699 3.67746 0.031485
2.37182578571 3.68402 0.0319094
2.3781409032 3.6937 0.0319235
2.38442809259 3.70002 0.0326599
2.39069258243 3.70273 0.0294174
2.39698813839 3.71212 0.0304686
2.40330354843 3.72059 0.0282629
2.40957307365 3.72805 0.0306
2.41583080138 3.73295 0.0346475
2.42214385676 3.73814 0.0385769
2.42843005755 3.74912 0.0345045
2.43467776878 3.74952 0.0347325
2.44097021258 3.76126 0.0347714
2.44729898127 3.76424 0.0381031
2.45356911846 3.77292 0.0391166
2.45980003814 3.7762 0.038988
2.4661092349 3.78347 0.0326476
2.47241430729 3.78587 0.0362304
2.47866355169 3.79663 0.038748
2.48493431628 3.79282 0.0416485
2.49124283111 3.80439 0.0446468
2.49755537626 3.81435 0.0427618
2.50380379021 3.82222 0.0402314
2.51005045336 3.83552 0.0421584
2.51638815336 3.83338 0.0504712
2.52269694929 3.836 0.0480231
2.52891211798 3.84193 0.0471773
2.53519495098 3.83827 0.0469206
2.54155301509 3.85622 0.048906
2.54783359884 3.85634 0.0467177
2.55402772623 3.86293 0.0535866
2.56033571996 3.86832 0.05811
2.56672381747 3.88469 0.0457693
2.57294751341 3.87108 0.0578814
2.57911252531 3.87802 0.056934
2.58547549612 3.88782 0.0581045
2.59185019505 3.89339 0.0612747
2.59805932148 3.89389 0.0606657
2.60429715989 3.90774 0.0665791
2.61067449751 3.90571 0.0638131
2.61693283418 3.91228 0.0707177
2.62300854502 3.91071 0.0732717
2.62939753095 3.91823 0.073716
2.63591057571 3.93017 0.0855736
2.64202978624 3.9255 0.071432
2.64803951219 3.94023 0.0892546
2.65454096229 3.93543 0.0719612
2.66118028258 3.93073 0.0924893
2.66719514746 3.9308 0.100915
2.67309090101 3.94498 0.107355
2.67973176445 3.95827 0.106218
2.68646693102 3.94801 0.107915
2.69219835647 3.92441 0.114722
2.69796467721 3.93678 0.12928
2.70489193937 3.92987 0.124653
2.71182026315 3.9502 0.141278
2.71709790339 3.95362 0.17768
2.7227864466 3.98833 0.168266
2.72994784687 3.98419 0.187166
2.73706528781 3.95156 0.210897
2.74248820391 3.92323 0.30528
2.74787331837 3.9959 0.248565
2.75504313834 3.98903 0.313777
2.76219934437 3.92817 0.390698
2.76789278819 3.89991 0.807999
2.77283198247 3.92399 0.795095
2.77965581172 3.83741 1.81379
2.78599582346 0.303537 77.1126
