0.0088996412247 -0.185787 0.180143
0.0150791221651 -0.187395 0.110242
0.0214479018646 -0.150753 0.0651286
0.0278366077649 -0.145354 0.0631841
0.034350997858 -0.111124 0.0536475
0.0404788676143 -0.0854356 0.0501582
0.0467671668358 -0.0524044 0.0494226
0.0530822510177 -0.00223796 0.0458332
0.0594536244094 0.0375312 0.0377972
0.0657622481459 0.0813788 0.036849
0.071966329067 0.135695 0.0352495
0.0782786091569 0.182454 0.0304107
0.0847039894583 0.233914 0.0317862
0.0909685462053 0.279821 0.0329119
0.0972078977683 0.322472 0.0277798
0.103476303896 0.382338 0.0282606
0.109757644425 0.442378 0.0277497
0.116054308478 0.503772 0.0248618
0.122366966654 0.57081 0.0225823
0.128681726309 0.632828 0.0237915
0.134950080166 0.694206 0.0250266
0.141194955884 0.739441 0.0222095
0.147513357575 0.788761 0.0211562
0.153786507425 0.833121 0.0187362
0.160065754405 0.882718 0.0232169
0.166399116869 0.931439 0.0211821
0.172719564578 0.985275 0.0184903
0.178976521338 1.03166 0.0187891
0.185235369065 1.0828 0.01777
0.191480678734 1.12788 0.0201454
0.197788986865 1.16807 0.018502
0.204093773545 1.20415 0.0203009
0.210393930261 1.23694 0.0169813
0.216690970982 1.26441 0.0156879
0.222970028122 1.29005 0.0183652
0.229262002709 1.32118 0.0194147
0.235514150837 1.3436 0.0203306
0.241791058382 1.37059 0.0173735
0.248085653944 1.3928 0.0189322
0.254349225687 1.41596 0.0190424
0.260633425188 1.43398 0.0157298
0.26692573709 1.44977 0.0165449
0.273242334314 1.46479 0.0143882
0.279552968008 1.47731 0.017342
0.285836629231 1.48695 0.0161142
0.292087627139 1.49684 0.0170076
0.298344984444 1.50946 0.0170036
0.304638263941 1.51796 0.0163577
0.3109279127 1.52676 0.0153158
0.317216817162 1.53586 0.0151112
0.323518756794 1.54292 0.0155977
0.329816821755 1.5489 0.0163076
0.336117642946 1.55703 0.0166875
0.342370037571 1.55932 0.0177908
0.348647819267 1.567 0.0145751
0.354941161441 1.57286 0.0183038
0.361191693542 1.57572 0.0162072
0.367476708956 1.58365 0.0146095
0.373764779528 1.58965 0.0153346
0.380065403148 1.59243 0.0145399
0.386353986126 1.59643 0.0143523
0.392614018136 1.6058 0.0152405
0.398926450032 1.60724 0.0152148
0.405207324458 1.61191 0.014921
0.411491647757 1.61377 0.0149057
0.417781427212 1.62264 0.0167165
0.424040064873 1.62908 0.0166183
0.430342569027 1.63149 0.0158745
0.436635856026 1.63794 0.0154871
0.442899618322 1.64275 0.0156342
0.449163441853 1.64677 0.014628
0.455441414625 1.65346 0.0155499
0.46176344703 1.65695 0.0150192
0.468064424202 1.66237 0.0148127
0.474348524276 1.66759 0.0149257
0.480635613682 1.67531 0.0137693
0.486901925839 1.67854 0.0144871
0.49316970996 1.68383 0.0154262
0.499450674714 1.69092 0.0158633
0.505715905134 1.69195 0.0133708
0.511992399627 1.69811 0.0158943
0.518312609777 1.70301 0.0133499
0.524608963803 1.70774 0.0140211
0.530875730848 1.71332 0.0153239
0.537157352795 1.72019 0.0152618
0.543457956378 1.72491 0.0164616
0.549743065239 1.72783 0.0135557
0.55599374275 1.73281 0.0132788
0.562285467661 1.74142 0.0125135
0.568601153723 1.74728 0.0138149
0.574880458942 1.74961 0.0132452
0.581155021034 1.75537 0.0163558
0.587439449666 1.76126 0.0152371
0.59371762203 1.76535 0.0142991
0.599997195479 1.77188 0.0168306
0.606267911512 1.77627 0.0130488
0.612546957644 1.78043 0.0146671
0.618847773304 1.78748 0.0141169
0.625131056744 1.79173 0.0140309
0.631402745038 1.79738 0.0133812
0.637700356273 1.80156 0.0141871
0.643985778331 1.80777 0.0136457
0.650268541717 1.81151 0.0130316
0.65655861177 1.81824 0.0148259
0.662836928236 1.8238 0.014724
0.669118544496 1.82727 0.0147267
0.675407019858 1.83333 0.0159803
0.681683551459 1.83704 0.0137972
0.687959253386 1.84405 0.0163404
0.694234431704 1.84837 0.0145527
0.700517540243 1.85544 0.0134963
0.706812495661 1.8577 0.014115
0.713101900967 1.86477 0.0149415
0.719391825117 1.87083 0.0138788
0.72568338076 1.87436 0.0156673
0.731965268271 1.8808 0.0144687
0.738250799048 1.88502 0.0147337
0.744526584212 1.89004 0.0129668
0.750787110194 1.896 0.0156948
0.757075846532 1.90055 0.0141551
0.76336412336 1.90768 0.0145444
0.769646295986 1.91386 0.0146313
0.775939486518 1.9169 0.0137377
0.782232914199 1.92414 0.0133672
0.788531493652 1.92922 0.0143396
0.794789656698 1.9359 0.0138602
0.801049109659 1.93878 0.0134706
0.807336406173 1.94519 0.01463
0.813622948837 1.94966 0.0130272
0.819915299896 1.95649 0.0145775
0.826195263639 1.96225 0.0148898
0.832489707008 1.96587 0.016434
0.838795930921 1.97268 0.0130849
0.84506346397 1.97792 0.0131271
0.851328286756 1.98364 0.0127421
0.85761982639 1.98882 0.0148698
0.863905847706 1.99529 0.0141252
0.870183874549 2.00056 0.0121782
0.876464109608 2.00608 0.0138797
0.88275038734 2.01044 0.0140728
0.889033276839 2.01759 0.0139738
0.895308424711 2.0227 0.013027
0.901595652167 2.02839 0.0133087
0.907883332809 2.03381 0.0149861
0.914174410632 2.03798 0.0138685
0.920463081772 2.04442 0.0137736
0.926743441526 2.05085 0.0146852
0.933032419735 2.0578 0.0131368
0.939326578557 2.06252 0.0147527
0.94559748104 2.06854 0.0136011
0.951866001855 2.07368 0.0143548
0.958141325553 2.07948 0.0136259
0.964435094511 2.08489 0.0145874
0.970735563357 2.09299 0.0132727
0.977008076845 2.09874 0.0135691
0.983282332536 2.10382 0.0132904
0.989556969197 2.10941 0.0127093
0.995845630192 2.11739 0.0139473
1.00213621074 2.12395 0.0131628
1.00840482534 2.12906 0.0147576
1.01469414984 2.13472 0.0151949
1.02099255544 2.14199 0.0130945
1.02727398044 2.145 0.0151687
1.0335591819 2.15269 0.0145334
1.03984755739 2.16015 0.0146873
1.04612697494 2.16555 0.0137134
1.05240343681 2.17007 0.0139703
1.05868070465 2.17787 0.0123023
1.06496433307 2.18482 0.0144642
1.07125677744 2.18976 0.0138057
1.0775440488 2.19581 0.0121144
1.08382482019 2.20441 0.0141938
1.09010802394 2.20913 0.0141871
1.09638966596 2.21617 0.0131638
1.10268113206 2.22088 0.0140971
1.10896304759 2.22787 0.0137057
1.11522542846 2.23543 0.0133221
1.12150212761 2.24208 0.014042
1.12779257382 2.24774 0.0135133
1.13408955267 2.25509 0.0125278
1.14036404965 2.26115 0.0133943
1.14663918032 2.26776 0.014032
1.15294241299 2.27438 0.0134598
1.15922890675 2.28071 0.0120058
1.16550872189 2.2874 0.0136666
1.17179307626 2.29506 0.0151569
1.17808743637 2.30256 0.0139901
1.18436765425 2.30834 0.0141037
1.1906346423 2.31454 0.0127142
1.19691220883 2.32119 0.0130163
1.20320157735 2.32683 0.0141445
1.20948684444 2.33596 0.0127893
1.21576390207 2.34251 0.0137626
1.22204975517 2.34765 0.0135602
1.22834061662 2.35616 0.0126478
1.23463298658 2.36149 0.0126074
1.24090224718 2.36946 0.0134214
1.24717483914 2.37684 0.0134462
1.25346545993 2.38408 0.0131654
1.25974995189 2.38976 0.0135873
1.26603214313 2.39855 0.0137267
1.27231628847 2.40442 0.0143194
1.27860415506 2.41063 0.0142749
1.28488658893 2.41794 0.0140679
1.29117542007 2.426 0.0134549
1.29746572637 2.43309 0.013629
1.30374182701 2.43896 0.0135892
1.31001732292 2.44644 0.0147572
1.31630144766 2.4534 0.013267
1.32258676036 2.46159 0.0138417
1.32886549245 2.46896 0.0139407
1.33514480495 2.47559 0.0133649
1.34144051627 2.48291 0.0133781
1.34773086842 2.4898 0.0135303
1.35400158999 2.49732 0.0133496
1.3602826093 2.50514 0.0138245
1.36656568646 2.51105 0.0132977
1.37285149848 2.51816 0.0129394
1.37913537293 2.52579 0.0138343
1.38540956715 2.53243 0.0138336
1.39169864122 2.53984 0.0131639
1.39798445144 2.54683 0.0128084
1.40426788341 2.55471 0.0130423
1.41055477948 2.56241 0.0145358
1.41683783355 2.56992 0.014076
1.42311817719 2.57674 0.0132636
1.42939780116 2.58323 0.0131438
1.43568692182 2.59176 0.0140963
1.44197712177 2.5983 0.0135434
1.44825366785 2.60476 0.0151094
1.45453234897 2.61319 0.0151668
1.46081931915 2.61926 0.0142787
1.4671103644 2.6259 0.0136534
1.47339290895 2.63323 0.0144728
1.47966996524 2.64082 0.0142772
1.4859561446 2.64578 0.0133513
1.49223361076 2.65474 0.0134192
1.49850247038 2.66022 0.0142377
1.50478575205 2.66783 0.0137455
1.51107599189 2.67403 0.0142229
1.51736163499 2.68164 0.013404
1.52364857097 2.68726 0.0138693
1.52993803572 2.69478 0.0144689
1.53623017691 2.70148 0.0135215
1.54251071878 2.70772 0.0131785
1.54878396308 2.71371 0.0145546
1.55507306978 2.72024 0.0136889
1.56135732493 2.7259 0.0138962
1.56762912105 2.73279 0.0149421
1.5739136974 2.73917 0.0140448
1.58020354523 2.74468 0.0140781
1.58648539343 2.74963 0.0147096
1.59276001426 2.75583 0.0127091
1.59904643639 2.76282 0.0146336
1.60534213664 2.76773 0.0148827
1.61161976836 2.77534 0.0152666
1.61789716835 2.784 0.0134885
1.62418270854 2.79323 0.0142431
1.63046407995 2.80299 0.015017
1.63674824683 2.81232 0.0145181
1.64303013827 2.82102 0.0140201
1.64930808063 2.83048 0.0151426
1.65559224863 2.83782 0.0144702
1.66187827598 2.84583 0.0155714
1.66816823994 2.85608 0.0148613
1.6744495611 2.86425 0.0146122
1.68072138563 2.87275 0.0138327
1.68701215424 2.88111 0.0147222
1.6933074808 2.88915 0.0143619
1.69958064303 2.89727 0.0160015
1.70586179344 2.9041 0.0152231
1.71215172419 2.91492 0.0152658
1.71843538617 2.92354 0.0151098
1.72471844694 2.93075 0.0145824
1.73099491844 2.93983 0.0151185
1.73728636032 2.94934 0.0155279
1.74356630258 2.9555 0.0152682
1.74983600778 2.96386 0.0144431
1.75612327869 2.97281 0.014451
1.76241061606 2.98093 0.0151672
1.76869357896 2.98892 0.0160352
1.77497674839 2.99734 0.0155479
1.78126362161 3.00417 0.015977
1.78754574761 3.01375 0.0152198
1.7938272923 3.02187 0.0156047
1.80010772174 3.03047 0.0181257
1.80639091391 3.03858 0.0166583
1.81267451427 3.04433 0.0147391
1.81895363524 3.05153 0.0159324
1.82523850291 3.05984 0.0167995
1.8315236862 3.06841 0.0177745
1.83781040898 3.07614 0.0156483
1.84409642612 3.08531 0.01805
1.8503769215 3.09326 0.0167942
1.85666074594 3.10124 0.0168779
1.86294359809 3.10939 0.0162192
1.86922204917 3.11744 0.0174054
1.87550781357 3.1254 0.0156741
1.88179499507 3.13285 0.017304
1.88807781314 3.13949 0.0170295
1.89435244502 3.14831 0.0170842
1.90063796885 3.15733 0.0168922
1.90692833723 3.16482 0.0182611
1.91320221586 3.17169 0.0177403
1.91948223445 3.1793 0.0182025
1.92577010575 3.18962 0.0163142
1.93206491035 3.19656 0.0172881
1.93834071151 3.20375 0.0171613
1.94460828613 3.21062 0.0176709
1.9508968614 3.21956 0.0190359
1.95718811973 3.22757 0.0192619
1.96347509207 3.23269 0.0177381
1.9697553281 3.24357 0.0182705
1.9760413775 3.25035 0.0169339
1.98233260336 3.259 0.0179601
1.98861171931 3.26605 0.0182474
1.99488792869 3.27364 0.0183794
2.00117304134 3.28183 0.0186212
2.00745262249 3.28912 0.0181295
2.01372721862 3.29741 0.0181795
2.02001108039 3.30168 0.0182619
2.02630405283 3.31239 0.0183819
2.03258735828 3.31852 0.0179086
2.03886100377 3.32662 0.0195426
2.04514489951 3.33281 0.0176699
2.05143683626 3.34039 0.0199532
2.05772382203 3.34772 0.0179399
2.0640044634 3.35504 0.021384
2.07029278421 3.36131 0.0190327
2.07658471853 3.36999 0.0188232
2.08285424307 3.37829 0.0181537
2.08912259138 3.38586 0.0199213
2.09541730178 3.39136 0.0213014
2.10170304464 3.40084 0.0213171
2.10797273337 3.40573 0.0221695
2.11425579676 3.41525 0.0200772
2.12053788985 3.42067 0.0201426
2.12682075079 3.4272 0.0202008
2.13310670204 3.43346 0.0212597
2.13940011923 3.43949 0.0203664
2.14568939859 3.44889 0.0225929
2.15195789682 3.45511 0.0221701
2.15824033347 3.45942 0.0237801
2.16453048092 3.46746 0.0207276
2.17081716829 3.474 0.0220018
2.17709912993 3.47937 0.0204847
2.18337674027 3.48817 0.0248355
2.18965452646 3.49143 0.0211707
2.19593814184 3.50129 0.0233768
2.20221722867 3.50735 0.0232936
2.20849850085 3.51439 0.0229452
2.21479372465 3.52115 0.0251502
2.22107581834 3.52756 0.0237847
2.22733812199 3.53427 0.023325
2.23362792264 3.53865 0.0243638
2.2399287897 3.54847 0.0242399
2.24620084223 3.5566 0.0238492
2.2524810722 3.5648 0.0235905
2.25875993301 3.57547 0.0247756
2.26503776668 3.58153 0.026991
2.27130391144 3.58835 0.0264068
2.27758972822 3.60345 0.0259885
2.28389830542 3.61044 0.0249254
2.29017001225 3.62102 0.0282364
2.29645357402 3.63297 0.0265604
2.30275372852 3.63803 0.0247076
2.30903325986 3.64539 0.0268664
2.31530674049 3.6527 0.0284694
2.32158490306 3.6623 0.0299968
2.3278758488 3.66881 0.0306201
2.33415543799 3.67609 0.0291826
2.34041936871 3.68565 0.0290538
2.34670710068 3.69173 0.0269302
2.3530032916 3.69994 0.0294322
2.35928989445 3.70894 0.0312623
2.36555387699 3.71643 0.0315892
2.37182578571 3.72456 0.0331405
2.3781409032 3.73117 0.0276826
2.38442809259 3.73848 0.0312033
2.39069258243 3.7425 0.0282768
2.39698813839 3.7527 0.0260526
2.40330354843 3.76123 0.0322342
2.40957307365 3.76767 0.0293824
2.41583080138 3.77379 0.0370345
2.42214385676 3.78065 0.0357467
2.42843005755 3.79244 0.0342493
2.43467776878 3.79484 0.0349008
2.44097021258 3.8049 0.0373398
2.44729898127 3.8081 0.0405892
2.45356911846 3.81767 0.0394402
2.45980003814 3.81851 0.0363758
2.4661092349 3.82991 0.0360395
2.47241430729 3.83371 0.0384154
2.47866355169 3.84302 0.0384406
2.48493431628 3.84207 0.0372772
2.49124283111 3.85555 0.0401047
2.49755537626 3.86362 0.0382305
2.50380379021 3.87057 0.0420662
2.51005045336 3.88272 0.0451246
2.51638815336 3.88373 0.0517892
2.52269694929 3.89244 0.0465034
2.52891211798 3.89067 0.0508202
2.53519495098 3.88554 0.0442109
2.54155301509 3.90761 0.0423448
2.54783359884 3.91263 0.0478978
2.55402772623 3.91821 0.0576194
2.56033571996 3.91901 0.0533117
2.56672381747 3.93243 0.0495188
2.57294751341 3.92902 0.0603127
2.57911252531 3.93468 0.0572326
2.58547549612 3.94031 0.0586801
2.59185019505 3.94915 0.0603545
2.59805932148 3.95251 0.0621786
2.60429715989 3.96554 0.0641726
2.61067449751 3.96368 0.0690379
2.61693283418 3.96462 0.0712074
2.62300854502 3.96819 0.0705438
2.62939753095 3.9675 0.068756
2.63591057571 3.98431 0.0873616
2.64202978624 3.98562 0.0781851
2.64803951219 3.99464 0.0904522
2.65454096229 3.99192 0.0793996
2.66118028258 3.99363 0.0908749
2.66719514746 3.99582 0.109966
2.67309090101 3.99936 0.0931505
2.67973176445 4.01054 0.107008
2.68646693102 4.00985 0.0996013
2.69219835647 3.99799 0.118952
2.69796467721 3.99429 0.126498
2.70489193937 3.98525 0.114437
2.71182026315 4.01119 0.144658
2.71709790339 4.01824 0.196835
2.7227864466 4.02746 0.160968
2.72994784687 4.0338 0.175393
2.73706528781 4.01864 0.229023
2.74248820391 3.95794 0.315792
2.74787331837 4.04218 0.240685
2.75504313834 4.07284 0.338482
2.76219934437 3.97679 0.408589
2.76789278819 4.02999 0.820124
2.77283198247 3.98057 0.854637
2.77965581172 3.89653 1.95336
2.78599582346 -5.52711 104.092
