0.0088996412247 1.33102 0.108456
0.0150791221651 1.34072 0.0618151
0.0214479018646 1.33411 0.039348
0.0278366077649 1.34145 0.038162
0.034350997858 1.34539 0.0295197
0.0404788676143 1.34377 0.0307124
0.0467671668358 1.3436 0.0260619
0.0530822510177 1.35038 0.0260615
0.0594536244094 1.35153 0.021892
0.0657622481459 1.35374 0.0193663
0.071966329067 1.35753 0.0196422
0.0782786091569 1.35902 0.0213408
0.0847039894583 1.35424 0.0193501
0.0909685462053 1.35455 0.0218044
0.0972078977683 1.3563 0.0168445
0.103476303896 1.35601 0.0197908
0.109757644425 1.35731 0.0190974
0.116054308478 1.35415 0.0187864
0.122366966654 1.35905 0.0175434
0.128681726309 1.36194 0.0181041
0.134950080166 1.36342 0.0167529
0.141194955884 1.35759 0.0190805
0.147513357575 1.35781 0.0161776
0.153786507425 1.35178 0.016298
0.160065754405 1.3555 0.0183197
0.166399116869 1.3532 0.0153995
0.172719564578 1.35515 0.0153611
0.178976521338 1.35265 0.0151613
0.185235369065 1.35869 0.0167529
0.191480678734 1.3605 0.0149439
0.197788986865 1.36073 0.0151064
0.204093773545 1.36109 0.0154882
0.210393930261 1.358 0.0140807
0.216690970982 1.35896 0.0144448
0.222970028122 1.35861 0.0178594
0.229262002709 1.35988 0.0156659
0.235514150837 1.35762 0.0155288
0.241791058382 1.36091 0.0130176
0.248085653944 1.36497 0.0155879
0.254349225687 1.36638 0.0130226
0.260633425188 1.36561 0.0127146
0.26692573709 1.3672 0.0124903
0.273242334314 1.36666 0.013796
0.279552968008 1.37044 0.0142575
0.285836629231 1.36853 0.0167147
0.292087627139 1.3718 0.0128573
0.298344984444 1.37581 0.0137546
0.304638263941 1.37189 0.0126484
0.3109279127 1.37768 0.01305
0.317216817162 1.37926 0.0150383
0.323518756794 1.38094 0.0150616
0.329816821755 1.3859 0.0138541
0.336117642946 1.39092 0.0147416
0.342370037571 1.39158 0.014964
0.348647819267 1.3943 0.013812
0.354941161441 1.39475 0.0134037
0.361191693542 1.39868 0.012243
0.367476708956 1.40286 0.0126785
0.373764779528 1.40518 0.0129875
0.380065403148 1.40805 0.0144359
0.386353986126 1.41221 0.0128193
0.392614018136 1.41756 0.0132755
0.398926450032 1.42046 0.0135141
0.405207324458 1.42227 0.0122764
0.411491647757 1.42611 0.0122653
0.417781427212 1.42887 0.0135304
0.424040064873 1.43639 0.0144872
0.430342569027 1.43975 0.0124776
0.436635856026 1.44258 0.0153771
0.442899618322 1.44759 0.0129806
0.449163441853 1.45134 0.0123945
0.455441414625 1.45514 0.0132722
0.46176344703 1.46043 0.0133183
0.468064424202 1.46463 0.0152787
0.474348524276 1.46947 0.0150016
0.480635613682 1.47709 0.0122547
0.486901925839 1.48051 0.0134425
0.49316970996 1.48348 0.013745
0.499450674714 1.49234 0.0139085
0.505715905134 1.49495 0.0142186
0.511992399627 1.49958 0.01443
0.518312609777 1.50472 0.0119791
0.524608963803 1.51021 0.012712
0.530875730848 1.51584 0.0137272
0.537157352795 1.52339 0.0136754
0.543457956378 1.52726 0.013813
0.549743065239 1.53214 0.0140965
0.55599374275 1.53698 0.0113387
0.562285467661 1.54423 0.0122718
0.568601153723 1.55314 0.0124026
0.574880458942 1.55755 0.0111934
0.581155021034 1.56373 0.0128965
0.587439449666 1.56918 0.0142924
0.59371762203 1.57492 0.0133472
0.599997195479 1.58163 0.0147983
0.606267911512 1.58761 0.0131569
0.612546957644 1.59407 0.0131629
0.618847773304 1.5987 0.013844
0.625131056744 1.6067 0.0137266
0.631402745038 1.61147 0.011925
0.637700356273 1.6186 0.0127896
0.643985778331 1.6266 0.0135056
0.650268541717 1.63154 0.0139213
0.65655861177 1.63813 0.0133968
0.662836928236 1.64562 0.0142236
0.669118544496 1.65096 0.014939
0.675407019858 1.65913 0.0151043
0.681683551459 1.66544 0.0139011
0.687959253386 1.67178 0.0148089
0.694234431704 1.67855 0.0123608
0.700517540243 1.68737 0.0130799
0.706812495661 1.69243 0.014181
0.713101900967 1.69913 0.0130624
0.719391825117 1.70738 0.0131681
0.72568338076 1.71261 0.0152072
0.731965268271 1.72108 0.0141946
0.738250799048 1.72815 0.0133798
0.744526584212 1.73357 0.0122365
0.750787110194 1.742 0.0134278
0.757075846532 1.74691 0.0142073
0.76336412336 1.75692 0.0128172
0.769646295986 1.7639 0.0137023
0.775939486518 1.76928 0.0137876
0.782232914199 1.77881 0.0135982
0.788531493652 1.7866 0.0128309
0.794789656698 1.79245 0.0141033
0.801049109659 1.79828 0.0132253
0.807336406173 1.80683 0.0143056
0.813622948837 1.81347 0.0131942
0.819915299896 1.82053 0.0146546
0.826195263639 1.8296 0.0144413
0.832489707008 1.83561 0.0143664
0.838795930921 1.84398 0.0121233
0.84506346397 1.84988 0.0140634
0.851328286756 1.85747 0.0121445
0.85761982639 1.86521 0.0126511
0.863905847706 1.87143 0.013828
0.870183874549 1.87853 0.0136786
0.876464109608 1.88709 0.0141096
0.88275038734 1.89486 0.0131871
0.889033276839 1.90084 0.0125427
0.895308424711 1.90851 0.013766
0.901595652167 1.91574 0.0127736
0.907883332809 1.92323 0.0125244
0.914174410632 1.92808 0.0127307
0.920463081772 1.93626 0.0133966
0.926743441526 1.94649 0.0132871
0.933032419735 1.95288 0.0142544
0.939326578557 1.95936 0.0138408
0.94559748104 1.96733 0.0127015
0.951866001855 1.97384 0.0152189
0.958141325553 1.98117 0.0136596
0.964435094511 1.98896 0.0140787
0.970735563357 1.99642 0.0132869
0.977008076845 2.00422 0.014019
0.983282332536 2.01031 0.0132308
0.989556969197 2.01771 0.0123151
0.995845630192 2.02617 0.0146662
1.00213621074 2.03328 0.0127897
1.00840482534 2.04064 0.0147119
1.01469414984 2.0467 0.0130414
1.02099255544 2.05571 0.012065
1.02727398044 2.06078 0.0146224
1.0335591819 2.06919 0.0144139
1.03984755739 2.07614 0.0136565
1.04612697494 2.08426 0.0132596
1.05240343681 2.09007 0.014347
1.05868070465 2.09755 0.0126386
1.06496433307 2.10448 0.0147629
1.07125677744 2.11104 0.013483
1.0775440488 2.11736 0.0137501
1.08382482019 2.12656 0.013908
1.09010802394 2.13453 0.0139703
1.09638966596 2.14037 0.0134747
1.10268113206 2.14579 0.0138644
1.10896304759 2.15359 0.0145375
1.11522542846 2.16091 0.0129455
1.12150212761 2.17002 0.0149473
1.12779257382 2.17507 0.0137892
1.13408955267 2.18371 0.0135069
1.14036404965 2.18922 0.0130954
1.14663918032 2.19685 0.0137733
1.15294241299 2.20276 0.0137863
1.15922890675 2.20993 0.0131451
1.16550872189 2.21764 0.0145362
1.17179307626 2.22333 0.0143077
1.17808743637 2.2304 0.0134739
1.18436765425 2.23783 0.0141503
1.1906346423 2.24565 0.0133694
1.19691220883 2.25201 0.0135731
1.20320157735 2.25852 0.0135923
1.20948684444 2.26566 0.0137841
1.21576390207 2.27376 0.0145457
1.22204975517 2.27752 0.0134743
1.22834061662 2.28543 0.0130045
1.23463298658 2.29138 0.0132771
1.24090224718 2.30019 0.0124713
1.24717483914 2.30636 0.0132868
1.25346545993 2.31301 0.0128602
1.25974995189 2.31768 0.0132285
1.26603214313 2.32582 0.0139745
1.27231628847 2.33215 0.0142094
1.27860415506 2.33856 0.0132555
1.28488658893 2.34516 0.0132696
1.29117542007 2.35213 0.0128721
1.29746572637 2.35816 0.0129783
1.30374182701 2.36474 0.0129319
1.31001732292 2.3711 0.0136961
1.31630144766 2.37816 0.0131375
1.32258676036 2.38469 0.0135747
1.32886549245 2.39141 0.0130842
1.33514480495 2.39826 0.0132582
1.34144051627 2.40268 0.012521
1.34773086842 2.41131 0.013382
1.35400158999 2.41722 0.0129181
1.3602826093 2.42403 0.0138612
1.36656568646 2.42914 0.0130897
1.37285149848 2.43513 0.013148
1.37913537293 2.4424 0.0137154
1.38540956715 2.44881 0.012549
1.39169864122 2.45428 0.0136803
1.39798445144 2.46121 0.0123121
1.40426788341 2.46619 0.0136485
1.41055477948 2.47376 0.0141584
1.41683783355 2.47937 0.0138115
1.42311817719 2.48584 0.0126717
1.42939780116 2.49167 0.0132005
1.43568692182 2.49758 0.0150669
1.44197712177 2.50326 0.0137412
1.44825366785 2.50863 0.0142415
1.45453234897 2.51478 0.0143217
1.46081931915 2.52166 0.0135539
1.4671103644 2.52649 0.0132982
1.47339290895 2.53183 0.0129586
1.47966996524 2.53856 0.0122608
1.4859561446 2.54404 0.0142608
1.49223361076 2.54856 0.0136893
1.49850247038 2.55499 0.0136535
1.50478575205 2.56042 0.0141853
1.51107599189 2.56553 0.0138918
1.51736163499 2.57085 0.01262
1.52364857097 2.57574 0.0137312
1.52993803572 2.58145 0.013548
1.53623017691 2.58713 0.0144769
1.54251071878 2.59095 0.0125953
1.54878396308 2.59688 0.0132839
1.55507306978 2.60186 0.0125207
1.56135732493 2.60626 0.012911
1.56762912105 2.61063 0.0145158
1.5739136974 2.61658 0.0138571
1.58020354523 2.62124 0.0140134
1.58648539343 2.62403 0.0138384
1.59276001426 2.62881 0.0133141
1.59904643639 2.6343 0.0134901
1.60534213664 2.63734 0.0148179
1.61161976836 2.64662 0.0170734
1.61789716835 2.65115 0.0142374
1.62418270854 2.65714 0.0130127
1.63046407995 2.66526 0.0146766
1.63674824683 2.67235 0.014164
1.64303013827 2.6785 0.0146552
1.64930808063 2.68727 0.0147272
1.65559224863 2.693 0.0135409
1.66187827598 2.69905 0.0152983
1.66816823994 2.7057 0.0142553
1.6744495611 2.71204 0.0138497
1.68072138563 2.71904 0.0144851
1.68701215424 2.72547 0.0144744
1.6933074808 2.73284 0.0140312
1.69958064303 2.73776 0.0157094
1.70586179344 2.744 0.0146883
1.71215172419 2.75196 0.015983
1.71843538617 2.75737 0.0152027
1.72471844694 2.76264 0.0152
1.73099491844 2.76906 0.0149904
1.73728636032 2.77542 0.0151816
1.74356630258 2.7803 0.0151239
1.74983600778 2.78745 0.0147465
1.75612327869 2.79369 0.0139549
1.76241061606 2.79836 0.0146778
1.76869357896 2.80467 0.0157904
1.77497674839 2.81168 0.0159351
1.78126362161 2.816 0.0162364
1.78754574761 2.82268 0.0166926
1.7938272923 2.82761 0.0149949
1.80010772174 2.83362 0.0165519
1.80639091391 2.8389 0.0159723
1.81267451427 2.84396 0.0148245
1.81895363524 2.84855 0.015547
1.82523850291 2.85491 0.0166873
1.8315236862 2.86142 0.0172904
1.83781040898 2.86646 0.0151449
1.84409642612 2.87252 0.0168079
1.8503769215 2.87758 0.0156874
1.85666074594 2.88351 0.0171003
1.86294359809 2.88785 0.0159371
1.86922204917 2.89377 0.0171342
1.87550781357 2.89947 0.0152549
1.88179499507 2.90475 0.0160041
1.88807781314 2.9073 0.015334
1.89435244502 2.9149 0.0152288
1.90063796885 2.92037 0.0160993
1.90692833723 2.92602 0.0163057
1.91320221586 2.92976 0.0171805
1.91948223445 2.93519 0.0177151
1.92577010575 2.94142 0.0161178
1.93206491035 2.94661 0.0163822
1.93834071151 2.94955 0.0167759
1.94460828613 2.95655 0.0172281
1.9508968614 2.96166 0.0180384
1.95718811973 2.96622 0.0180943
1.96347509207 2.97036 0.016746
1.9697553281 2.97678 0.0174204
1.9760413775 2.98229 0.0178142
1.98233260336 2.98631 0.0163082
1.98861171931 2.99027 0.0165978
1.99488792869 2.99404 0.017475
2.00117304134 2.99887 0.0181348
2.00745262249 3.00545 0.0181553
2.01372721862 3.01016 0.0181409
2.02001108039 3.01283 0.0167159
2.02630405283 3.01911 0.017935
2.03258735828 3.02306 0.0195332
2.03886100377 3.02737 0.0189
2.04514489951 3.03193 0.016548
2.05143683626 3.0379 0.0175844
2.05772382203 3.04186 0.0173525
2.0640044634 3.04474 0.0209436
2.07029278421 3.04854 0.0168191
2.07658471853 3.05388 0.0185992
2.08285424307 3.057 0.0190445
2.08912259138 3.0608 0.0193557
2.09541730178 3.06681 0.0185353
2.10170304464 3.07181 0.0186627
2.10797273337 3.07497 0.020661
2.11425579676 3.08065 0.0176627
2.12053788985 3.08281 0.0200326
2.12682075079 3.08806 0.0186393
2.13310670204 3.09011 0.017901
2.13940011923 3.09357 0.0198462
2.14568939859 3.09959 0.0207996
2.15195789682 3.10422 0.0215814
2.15824033347 3.10523 0.0207878
2.16453048092 3.10982 0.0207517
2.17081716829 3.11475 0.0215572
2.17709912993 3.11931 0.0191577
2.18337674027 3.12295 0.0232283
2.18965452646 3.1258 0.0200009
2.19593814184 3.13042 0.0202429
2.20221722867 3.13231 0.0204797
2.20849850085 3.13762 0.0228375
2.21479372465 3.14203 0.0219193
2.22107581834 3.14566 0.0233533
2.22733812199 3.14797 0.0226162
2.23362792264 3.1516 0.0205063
2.2399287897 3.15739 0.0212428
2.24620084223 3.16007 0.0201505
2.2524810722 3.16744 0.0242488
2.25875993301 3.17199 0.024705
2.26503776668 3.17717 0.0242656
2.27130391144 3.17924 0.0239417
2.27758972822 3.19139 0.0245128
2.28389830542 3.19314 0.0250461
2.29017001225 3.19912 0.0250067
2.29645357402 3.2054 0.0232655
2.30275372852 3.20871 0.0263803
2.30903325986 3.21182 0.0236595
2.31530674049 3.21654 0.0257143
2.32158490306 3.22085 0.0264221
2.3278758488 3.22406 0.0291231
2.33415543799 3.22575 0.0241485
2.34041936871 3.23347 0.0269397
2.34670710068 3.23476 0.0252368
2.3530032916 3.23697 0.0267677
2.35928989445 3.24158 0.0291634
2.36555387699 3.24694 0.0299125
2.37182578571 3.2529 0.0290415
2.3781409032 3.25401 0.0263586
2.38442809259 3.26037 0.0310601
2.39069258243 3.25746 0.0313923
2.39698813839 3.26035 0.030546
2.40330354843 3.26666 0.0271348
2.40957307365 3.27082 0.0269298
2.41583080138 3.27176 0.0298868
2.42214385676 3.27685 0.0346775
2.42843005755 3.27814 0.0314274
2.43467776878 3.27538 0.036091
2.44097021258 3.28275 0.0315715
2.44729898127 3.2838 0.0312352
2.45356911846 3.29208 0.0363557
2.45980003814 3.29225 0.0329072
2.4661092349 3.29327 0.034957
2.47241430729 3.29639 0.0350549
2.47866355169 3.3044 0.0377187
2.48493431628 3.29788 0.0364706
2.49124283111 3.30197 0.0370178
2.49755537626 3.30397 0.0354633
2.50380379021 3.30909 0.0377885
2.51005045336 3.31676 0.0371533
2.51638815336 3.31463 0.0409842
2.52269694929 3.31582 0.045089
2.52891211798 3.31812 0.0401246
2.53519495098 3.31505 0.0387763
2.54155301509 3.31596 0.0433783
2.54783359884 3.32262 0.0440572
2.55402772623 3.33067 0.0467288
2.56033571996 3.3216 0.0473756
2.56672381747 3.33002 0.0448519
2.57294751341 3.32669 0.056283
2.57911252531 3.32958 0.0569188
2.58547549612 3.33314 0.0529219
2.59185019505 3.33891 0.0551898
2.59805932148 3.32983 0.0618761
2.60429715989 3.34398 0.0544641
2.61067449751 3.34883 0.0569914
2.61693283418 3.34358 0.0622648
2.62300854502 3.34889 0.0633468
2.62939753095 3.33575 0.0658867
2.63591057571 3.35011 0.0697723
2.64202978624 3.35113 0.0785156
2.64803951219 3.35209 0.0852169
2.65454096229 3.34424 0.0755192
2.66118028258 3.34072 0.07995
2.66719514746 3.35399 0.0910019
2.67309090101 3.36116 0.0843495
2.67973176445 3.34421 0.0904501
2.68646693102 3.35519 0.0925668
2.69219835647 3.34599 0.112002
2.69796467721 3.35464 0.12376
2.70489193937 3.34181 0.122289
2.71182026315 3.34392 0.12313
2.71709790339 3.34851 0.162175
2.7227864466 3.3543 0.146274
2.72994784687 3.34671 0.152714
2.73706528781 3.37342 0.208822
2.74248820391 3.34767 0.329201
2.74787331837 3.36928 0.286661
2.75504313834 3.34775 0.273247
2.76219934437 3.24369 0.389572
2.76789278819 3.34916 0.743167
2.77283198247 3.3298 0.735021
2.77965581172 3.3354 1.50087
2.78599582346 -222.51 6140.07
