0.0088996412247 2.48774 0.125401
0.0150791221651 2.4838 0.0811242
0.0214479018646 2.49058 0.0494876
0.0278366077649 2.49192 0.0427006
0.034350997858 2.48312 0.0321221
0.0404788676143 2.48292 0.037736
0.0467671668358 2.48018 0.0333143
0.0530822510177 2.46891 0.029492
0.0594536244094 2.46477 0.0246729
0.0657622481459 2.45967 0.0255812
0.071966329067 2.45303 0.0247756
0.0782786091569 2.44879 0.0244158
0.0847039894583 2.43627 0.0211929
0.0909685462053 2.4341 0.0232154
0.0972078977683 2.43272 0.0231066
0.103476303896 2.42034 0.0218519
0.109757644425 2.41092 0.0213372
0.116054308478 2.40085 0.0176324
0.122366966654 2.38872 0.0226479
0.128681726309 2.37367 0.019446
0.134950080166 2.36201 0.0203797
0.141194955884 2.35113 0.0181187
0.147513357575 2.34103 0.01729
0.153786507425 2.32998 0.0198038
0.160065754405 2.31277 0.0182247
0.166399116869 2.30093 0.0200113
0.172719564578 2.28555 0.0160191
0.178976521338 2.27015 0.0171814
0.185235369065 2.25451 0.0179489
0.191480678734 2.23663 0.0165462
0.197788986865 2.21922 0.0170922
0.204093773545 2.20084 0.0169831
0.210393930261 2.18549 0.0153573
0.216690970982 2.16748 0.0182522
0.222970028122 2.14976 0.0167351
0.229262002709 2.13515 0.0168277
0.235514150837 2.11217 0.0162845
0.241791058382 2.09606 0.0158879
0.248085653944 2.07737 0.0171704
0.254349225687 2.05453 0.0188527
0.260633425188 2.03892 0.0158622
0.26692573709 2.02042 0.0160434
0.273242334314 1.99975 0.0153214
0.279552968008 1.98352 0.0152465
0.285836629231 1.96223 0.0156286
0.292087627139 1.94674 0.0161689
0.298344984444 1.92949 0.0158268
0.304638263941 1.90726 0.0152253
0.3109279127 1.89275 0.0158675
0.317216817162 1.87251 0.0155691
0.323518756794 1.85464 0.0161905
0.329816821755 1.84005 0.0143852
0.336117642946 1.82353 0.014986
0.342370037571 1.80682 0.0149609
0.348647819267 1.78721 0.0145994
0.354941161441 1.77268 0.0157959
0.361191693542 1.7582 0.0146411
0.367476708956 1.74322 0.0144106
0.373764779528 1.73087 0.0149553
0.380065403148 1.71377 0.0154639
0.386353986126 1.70114 0.015919
0.392614018136 1.68527 0.0143088
0.398926450032 1.67631 0.0140947
0.405207324458 1.6636 0.0134457
0.411491647757 1.65213 0.0143123
0.417781427212 1.63875 0.0138962
0.424040064873 1.6278 0.0136854
0.430342569027 1.61793 0.0144929
0.436635856026 1.60705 0.0141924
0.442899618322 1.59638 0.014776
0.449163441853 1.58888 0.0124964
0.455441414625 1.57804 0.013933
0.46176344703 1.57119 0.0113384
0.468064424202 1.56043 0.0141648
0.474348524276 1.55401 0.01411
0.480635613682 1.5458 0.0130617
0.486901925839 1.53909 0.0141325
0.49316970996 1.53013 0.0139334
0.499450674714 1.52424 0.0136852
0.505715905134 1.5186 0.014217
0.511992399627 1.51363 0.0133331
0.518312609777 1.50772 0.0124442
0.524608963803 1.50162 0.0127004
0.530875730848 1.49969 0.0130124
0.537157352795 1.49316 0.0135422
0.543457956378 1.49002 0.0132368
0.549743065239 1.48476 0.0136487
0.55599374275 1.48154 0.0126728
0.562285467661 1.47812 0.0129168
0.568601153723 1.47316 0.0115479
0.574880458942 1.47067 0.0131115
0.581155021034 1.46821 0.0116373
0.587439449666 1.46736 0.0129824
0.59371762203 1.46236 0.0123221
0.599997195479 1.46184 0.0124614
0.606267911512 1.46032 0.0127453
0.612546957644 1.45636 0.0116557
0.618847773304 1.45462 0.0132393
0.625131056744 1.45325 0.0120058
0.631402745038 1.45188 0.012946
0.637700356273 1.45046 0.0122884
0.643985778331 1.44969 0.0112613
0.650268541717 1.44795 0.0121106
0.65655861177 1.44747 0.0123178
0.662836928236 1.44567 0.0111475
0.669118544496 1.44463 0.0118537
0.675407019858 1.44496 0.011833
0.681683551459 1.44443 0.0121978
0.687959253386 1.44491 0.0121824
0.694234431704 1.44223 0.0112955
0.700517540243 1.44217 0.010947
0.706812495661 1.44253 0.0119519
0.713101900967 1.44209 0.0112329
0.719391825117 1.44178 0.012207
0.72568338076 1.44182 0.0126026
0.731965268271 1.44254 0.0127773
0.738250799048 1.44244 0.0118036
0.744526584212 1.44074 0.0112027
0.750787110194 1.44304 0.0114854
0.757075846532 1.4416 0.0123616
0.76336412336 1.44383 0.0116528
0.769646295986 1.44419 0.0122363
0.775939486518 1.44485 0.0135464
0.782232914199 1.44584 0.0122175
0.788531493652 1.44505 0.0117328
0.794789656698 1.44531 0.0120142
0.801049109659 1.44678 0.0110757
0.807336406173 1.44671 0.011351
0.813622948837 1.4487 0.0107235
0.819915299896 1.44859 0.0106145
0.826195263639 1.4506 0.0121279
0.832489707008 1.45112 0.0113847
0.838795930921 1.45336 0.0110342
0.84506346397 1.45378 0.0127307
0.851328286756 1.45378 0.0104076
0.85761982639 1.45559 0.0112469
0.863905847706 1.45559 0.0117411
0.870183874549 1.45859 0.0109008
0.876464109608 1.45967 0.0118149
0.88275038734 1.46206 0.011271
0.889033276839 1.46292 0.0121941
0.895308424711 1.46463 0.0113844
0.901595652167 1.46621 0.01079
0.907883332809 1.46878 0.0109546
0.914174410632 1.47022 0.0112579
0.920463081772 1.4712 0.010896
0.926743441526 1.4746 0.0113286
0.933032419735 1.47605 0.0107425
0.939326578557 1.4778 0.0112364
0.94559748104 1.48007 0.0112981
0.951866001855 1.48335 0.0101339
0.958141325553 1.48317 0.0105786
0.964435094511 1.4877 0.011216
0.970735563357 1.48873 0.0107274
0.977008076845 1.49223 0.010705
0.983282332536 1.4947 0.0104477
0.989556969197 1.4981 0.0113729
0.995845630192 1.5004 0.0118397
1.00213621074 1.50282 0.0107944
1.00840482534 1.50546 0.0110992
1.01469414984 1.50873 0.0113555
1.02099255544 1.51179 0.0109565
1.02727398044 1.51534 0.0115177
1.0335591819 1.51776 0.0101652
1.03984755739 1.52124 0.0113772
1.04612697494 1.52402 0.0109222
1.05240343681 1.52689 0.0106259
1.05868070465 1.52989 0.0106979
1.06496433307 1.53317 0.0103754
1.07125677744 1.53722 0.00956765
1.0775440488 1.54027 0.0107856
1.08382482019 1.54425 0.0108845
1.09010802394 1.54761 0.0110283
1.09638966596 1.55191 0.0104586
1.10268113206 1.55488 0.0105068
1.10896304759 1.55915 0.0107648
1.11522542846 1.56269 0.00992619
1.12150212761 1.56678 0.0108833
1.12779257382 1.57035 0.0108876
1.13408955267 1.57529 0.0109588
1.14036404965 1.57902 0.0106829
1.14663918032 1.58254 0.00985666
1.15294241299 1.58688 0.0103849
1.15922890675 1.591 0.0108429
1.16550872189 1.5948 0.00950865
1.17179307626 1.60034 0.0102611
1.17808743637 1.60367 0.0102534
1.18436765425 1.6073 0.00957948
1.1906346423 1.61328 0.0103033
1.19691220883 1.61719 0.00976613
1.20320157735 1.62225 0.0108457
1.20948684444 1.62638 0.0104637
1.21576390207 1.63178 0.0100462
1.22204975517 1.63612 0.00991519
1.22834061662 1.64006 0.010377
1.23463298658 1.6451 0.0104618
1.24090224718 1.6501 0.00994046
1.24717483914 1.65541 0.00998489
1.25346545993 1.65923 0.0100832
1.25974995189 1.6651 0.0107068
1.26603214313 1.66851 0.00972647
1.27231628847 1.67434 0.00979556
1.27860415506 1.67916 0.0105545
1.28488658893 1.68496 0.00985401
1.29117542007 1.68943 0.0108947
1.29746572637 1.69461 0.00949697
1.30374182701 1.69939 0.0108732
1.31001732292 1.70487 0.00935042
1.31630144766 1.71027 0.0108779
1.32258676036 1.71547 0.0102152
1.32886549245 1.721 0.00968036
1.33514480495 1.72648 0.0104288
1.34144051627 1.73081 0.010436
1.34773086842 1.73744 0.0101117
1.35400158999 1.74219 0.0098798
1.3602826093 1.74802 0.00966018
1.36656568646 1.75337 0.0104868
1.37285149848 1.75969 0.0101652
1.37913537293 1.76496 0.0105015
1.38540956715 1.77037 0.00991523
1.39169864122 1.7759 0.0105733
1.39798445144 1.78141 0.0104002
1.40426788341 1.78639 0.00938615
1.41055477948 1.79242 0.00984617
1.41683783355 1.79732 0.00918365
1.42311817719 1.80347 0.00992236
1.42939780116 1.80915 0.0100131
1.43568692182 1.81624 0.0100577
1.44197712177 1.82062 0.0099622
1.44825366785 1.82565 0.009489
1.45453234897 1.83202 0.0106637
1.46081931915 1.83737 0.00988558
1.4671103644 1.84344 0.0102212
1.47339290895 1.84889 0.0105257
1.47966996524 1.85548 0.00931159
1.4859561446 1.85993 0.00953084
1.49223361076 1.86604 0.0100483
1.49850247038 1.87156 0.0096651
1.50478575205 1.87676 0.0106031
1.51107599189 1.88223 0.00942444
1.51736163499 1.88736 0.00926202
1.52364857097 1.89364 0.00925372
1.52993803572 1.89778 0.0104718
1.53623017691 1.90482 0.00982823
1.54251071878 1.91032 0.0101962
1.54878396308 1.91444 0.00960027
1.55507306978 1.92047 0.00998756
1.56135732493 1.92516 0.00953894
1.56762912105 1.93067 0.00906467
1.5739136974 1.93609 0.0100182
1.58020354523 1.94091 0.0109355
1.58648539343 1.94547 0.00952923
1.59276001426 1.95066 0.0101069
1.59904643639 1.95606 0.0105433
1.60534213664 1.96115 0.0102846
1.61161976836 1.96593 0.0101005
1.61789716835 1.97171 0.00980243
1.62418270854 1.97807 0.00984262
1.63046407995 1.98522 0.00936922
1.63674824683 1.98973 0.0104562
1.64303013827 1.99616 0.0108525
1.64930808063 2.00336 0.0103247
1.65559224863 2.01156 0.010882
1.66187827598 2.01657 0.0109246
1.66816823994 2.02151 0.0103402
1.6744495611 2.02842 0.0100505
1.68072138563 2.03544 0.0111702
1.68701215424 2.04214 0.0107586
1.6933074808 2.04637 0.010622
1.69958064303 2.05381 0.010657
1.70586179344 2.0607 0.0100516
1.71215172419 2.06655 0.0104883
1.71843538617 2.07286 0.0108017
1.72471844694 2.07832 0.010444
1.73099491844 2.08495 0.0104735
1.73728636032 2.09185 0.0108819
1.74356630258 2.09683 0.0109353
1.74983600778 2.10468 0.0111326
1.75612327869 2.11096 0.0102844
1.76241061606 2.11771 0.0105727
1.76869357896 2.12361 0.010409
1.77497674839 2.1301 0.0104475
1.78126362161 2.13617 0.0108655
1.78754574761 2.14206 0.0114095
1.7938272923 2.1486 0.0115775
1.80010772174 2.15489 0.0110583
1.80639091391 2.16236 0.0113755
1.81267451427 2.16815 0.0107737
1.81895363524 2.17416 0.0116919
1.82523850291 2.1819 0.0104923
1.8315236862 2.18767 0.0111846
1.83781040898 2.19445 0.0103877
1.84409642612 2.19947 0.0100958
1.8503769215 2.20728 0.0121151
1.85666074594 2.21437 0.011328
1.86294359809 2.21962 0.0111031
1.86922204917 2.22594 0.011524
1.87550781357 2.2321 0.0121149
1.88179499507 2.23867 0.0118217
1.88807781314 2.24536 0.011726
1.89435244502 2.25216 0.0119064
1.90063796885 2.25929 0.0123924
1.90692833723 2.26526 0.0120023
1.91320221586 2.27163 0.0121562
1.91948223445 2.2788 0.0123562
1.92577010575 2.28628 0.0123998
1.93206491035 2.29183 0.0129164
1.93834071151 2.29892 0.0109887
1.94460828613 2.30435 0.0124253
1.9508968614 2.31094 0.0126979
1.95718811973 2.31718 0.0126042
1.96347509207 2.32342 0.0116536
1.9697553281 2.33127 0.0125585
1.9760413775 2.33815 0.0134417
1.98233260336 2.34312 0.0133401
1.98861171931 2.34842 0.0131099
1.99488792869 2.35667 0.0124794
2.00117304134 2.36201 0.0133188
2.00745262249 2.36796 0.0142016
2.01372721862 2.3755 0.0140512
2.02001108039 2.38223 0.0137418
2.02630405283 2.38857 0.0138952
2.03258735828 2.39596 0.0136708
2.03886100377 2.40009 0.01335
2.04514489951 2.40635 0.0155176
2.05143683626 2.41407 0.0151541
2.05772382203 2.4196 0.013527
2.0640044634 2.42573 0.0151506
2.07029278421 2.43113 0.0155025
2.07658471853 2.43717 0.0148843
2.08285424307 2.4442 0.0149313
2.08912259138 2.45022 0.014764
2.09541730178 2.45544 0.0164573
2.10170304464 2.46114 0.0143101
2.10797273337 2.46869 0.0147204
2.11425579676 2.47389 0.0150395
2.12053788985 2.47896 0.0158663
2.12682075079 2.48467 0.0153036
2.13310670204 2.49011 0.0155625
2.13940011923 2.497 0.0156159
2.14568939859 2.50326 0.0154417
2.15195789682 2.50823 0.0161779
2.15824033347 2.51293 0.0153056
2.16453048092 2.5188 0.0183092
2.17081716829 2.5255 0.0174573
2.17709912993 2.52985 0.0158281
2.18337674027 2.53528 0.0163678
2.18965452646 2.54097 0.0163285
2.19593814184 2.54622 0.0174139
2.20221722867 2.55105 0.0165419
2.20849850085 2.55853 0.0190694
2.21479372465 2.56513 0.0180522
2.22107581834 2.56946 0.0179211
2.22733812199 2.5742 0.0194861
2.23362792264 2.57975 0.017734
2.2399287897 2.58625 0.0180851
2.24620084223 2.59105 0.0180375
2.2524810722 2.60045 0.0183287
2.25875993301 2.60422 0.0191624
2.26503776668 2.61224 0.0191153
2.27130391144 2.61833 0.017883
2.27758972822 2.62559 0.0193357
2.28389830542 2.63389 0.0177191
2.29017001225 2.64029 0.0201501
2.29645357402 2.64601 0.0206781
2.30275372852 2.65457 0.0210342
2.30903325986 2.66444 0.0205387
2.31530674049 2.66722 0.0227043
2.32158490306 2.67603 0.0193698
2.3278758488 2.68118 0.0209173
2.33415543799 2.68492 0.0210043
2.34041936871 2.69352 0.0200532
2.34670710068 2.69607 0.0206186
2.3530032916 2.70535 0.0205608
2.35928989445 2.71147 0.022144
2.36555387699 2.7161 0.0247664
2.37182578571 2.72428 0.0237771
2.3781409032 2.7307 0.0255495
2.38442809259 2.73805 0.0240494
2.39069258243 2.73987 0.0264513
2.39698813839 2.74796 0.0254081
2.40330354843 2.75656 0.0275463
2.40957307365 2.75985 0.0228544
2.41583080138 2.76982 0.0284496
2.42214385676 2.77214 0.0260926
2.42843005755 2.77888 0.0249744
2.43467776878 2.78374 0.0230548
2.44097021258 2.79143 0.0273563
2.44729898127 2.79833 0.024902
2.45356911846 2.79955 0.0315575
2.45980003814 2.81242 0.0285109
2.4661092349 2.81376 0.0293713
2.47241430729 2.81967 0.029811
2.47866355169 2.82619 0.0295458
2.48493431628 2.82928 0.0338779
2.49124283111 2.84362 0.0300064
2.49755537626 2.84174 0.0339926
2.50380379021 2.84724 0.0345727
2.51005045336 2.85902 0.0371636
2.51638815336 2.85787 0.0391975
2.52269694929 2.86222 0.040115
2.52891211798 2.86421 0.0338616
2.53519495098 2.87909 0.0373672
2.54155301509 2.87781 0.0405838
2.54783359884 2.88289 0.0414662
2.55402772623 2.89074 0.0440368
2.56033571996 2.8975 0.0489823
2.56672381747 2.89943 0.0450653
2.57294751341 2.90415 0.0455425
2.57911252531 2.90998 0.0500285
2.58547549612 2.91404 0.0461762
2.59185019505 2.92089 0.0488079
2.59805932148 2.92444 0.047549
2.60429715989 2.91796 0.0465503
2.61067449751 2.93048 0.0507737
2.61693283418 2.94621 0.0568319
2.62300854502 2.94004 0.0564161
2.62939753095 2.93706 0.0598121
2.63591057571 2.94353 0.0635344
2.64202978624 2.9474 0.0664391
2.64803951219 2.94456 0.0735342
2.65454096229 2.95652 0.0677508
2.66118028258 2.96467 0.0702283
2.66719514746 2.95707 0.076418
2.67309090101 2.97046 0.0732027
2.67973176445 2.97348 0.0732811
2.68646693102 2.96496 0.0939507
2.69219835647 2.96788 0.0968391
2.69796467721 2.95412 0.109582
2.70489193937 2.97896 0.106265
2.71182026315 2.97696 0.111903
2.71709790339 2.97953 0.164047
2.7227864466 3.00564 0.13206
2.72994784687 2.97878 0.126597
2.73706528781 2.98134 0.166782
2.74248820391 3.02283 0.297452
2.74787331837 3.00107 0.201473
2.75504313834 3.02496 0.240465
2.76219934437 2.99543 0.308089
2.76789278819 3.07946 0.647495
2.77283198247 2.99926 0.610084
2.77965581172 2.79533 1.40245
2.78599582346 9.73069 131.429
