0.0088996412247 3.33238 0.165865
0.0150791221651 3.31811 0.10713
0.0214479018646 3.29316 0.0619144
0.0278366077649 3.28332 0.054722
0.034350997858 3.25182 0.0455039
0.0404788676143 3.21582 0.0479655
0.0467671668358 3.18521 0.0412994
0.0530822510177 3.13748 0.0404004
0.0594536244094 3.09157 0.0303464
0.0657622481459 3.04317 0.0298734
0.071966329067 2.99415 0.0297698
0.0782786091569 2.94157 0.0283099
0.0847039894583 2.87908 0.0249691
0.0909685462053 2.83289 0.0296169
0.0972078977683 2.78334 0.0304777
0.103476303896 2.72264 0.0249466
0.109757644425 2.66293 0.0250115
0.116054308478 2.59684 0.0229746
0.122366966654 2.53574 0.0269552
0.128681726309 2.47202 0.0230966
0.134950080166 2.40905 0.0236862
0.141194955884 2.35715 0.0196203
0.147513357575 2.30734 0.0210731
0.153786507425 2.2578 0.0220484
0.160065754405 2.20251 0.020377
0.166399116869 2.15447 0.0214352
0.172719564578 2.10406 0.0168744
0.178976521338 2.05726 0.0166298
0.185235369065 2.01096 0.0194552
0.191480678734 1.96874 0.0189684
0.197788986865 1.93129 0.0175968
0.204093773545 1.8929 0.017657
0.210393930261 1.86117 0.0159109
0.216690970982 1.83169 0.0175675
0.222970028122 1.80537 0.0161705
0.229262002709 1.77975 0.0162886
0.235514150837 1.75358 0.0164827
0.241791058382 1.73432 0.0154859
0.248085653944 1.71373 0.0171833
0.254349225687 1.69225 0.017484
0.260633425188 1.67719 0.0153036
0.26692573709 1.66398 0.0146775
0.273242334314 1.6484 0.0144217
0.279552968008 1.64008 0.0152742
0.285836629231 1.62756 0.0155643
0.292087627139 1.62149 0.0145401
0.298344984444 1.61319 0.0155491
0.304638263941 1.60223 0.0139168
0.3109279127 1.59652 0.013973
0.317216817162 1.58866 0.0147109
0.323518756794 1.5835 0.0155729
0.329816821755 1.58083 0.0132052
0.336117642946 1.57623 0.0141879
0.342370037571 1.5718 0.0144961
0.348647819267 1.56409 0.0132005
0.354941161441 1.55936 0.0149498
0.361191693542 1.55652 0.0128408
0.367476708956 1.55347 0.014092
0.373764779528 1.54901 0.0130048
0.380065403148 1.54378 0.0138312
0.386353986126 1.5412 0.0139698
0.392614018136 1.53425 0.0124031
0.398926450032 1.53457 0.0142692
0.405207324458 1.5301 0.0124489
0.411491647757 1.52704 0.0139337
0.417781427212 1.51968 0.0134679
0.424040064873 1.51706 0.0132925
0.430342569027 1.51411 0.0134591
0.436635856026 1.50836 0.0132579
0.442899618322 1.50337 0.0128391
0.449163441853 1.50125 0.0130589
0.455441414625 1.49607 0.0134714
0.46176344703 1.49359 0.0117113
0.468064424202 1.48892 0.0132548
0.474348524276 1.48511 0.0133923
0.480635613682 1.48034 0.0134611
0.486901925839 1.47755 0.0128125
0.49316970996 1.47251 0.014298
0.499450674714 1.47048 0.0128034
0.505715905134 1.46526 0.0130705
0.511992399627 1.465 0.0134816
0.518312609777 1.46077 0.0124661
0.524608963803 1.45718 0.0120479
0.530875730848 1.45663 0.0126752
0.537157352795 1.45165 0.0132709
0.543457956378 1.44987 0.0123824
0.549743065239 1.44706 0.0125355
0.55599374275 1.44475 0.0120086
0.562285467661 1.44181 0.0126412
0.568601153723 1.43808 0.0109924
0.574880458942 1.43591 0.0130248
0.581155021034 1.43365 0.0114502
0.587439449666 1.4331 0.0124102
0.59371762203 1.42986 0.0125969
0.599997195479 1.42875 0.0127829
0.606267911512 1.42778 0.0131251
0.612546957644 1.42566 0.0120801
0.618847773304 1.42334 0.0128356
0.625131056744 1.42166 0.0119975
0.631402745038 1.42096 0.0126402
0.637700356273 1.41958 0.0120404
0.643985778331 1.41862 0.0123783
0.650268541717 1.4172 0.0125465
0.65655861177 1.4172 0.0120498
0.662836928236 1.41489 0.0116537
0.669118544496 1.41483 0.0118206
0.675407019858 1.41403 0.0110899
0.681683551459 1.41405 0.0120273
0.687959253386 1.41338 0.0124325
0.694234431704 1.41265 0.0114235
0.700517540243 1.41157 0.0107702
0.706812495661 1.41275 0.0120589
0.713101900967 1.41157 0.0115497
0.719391825117 1.41133 0.0121785
0.72568338076 1.41231 0.0120022
0.731965268271 1.41199 0.0121413
0.738250799048 1.41271 0.0114873
0.744526584212 1.4116 0.0108305
0.750787110194 1.41334 0.0115356
0.757075846532 1.41292 0.0107967
0.76336412336 1.41475 0.0113993
0.769646295986 1.41512 0.0119758
0.775939486518 1.41619 0.0127715
0.782232914199 1.41737 0.0125244
0.788531493652 1.41767 0.0113057
0.794789656698 1.41765 0.0113743
0.801049109659 1.41865 0.0105641
0.807336406173 1.4207 0.0119016
0.813622948837 1.42216 0.0109491
0.819915299896 1.4221 0.0105804
0.826195263639 1.42447 0.0120201
0.832489707008 1.42598 0.0109375
0.838795930921 1.4283 0.0107189
0.84506346397 1.42845 0.0121863
0.851328286756 1.42943 0.0107596
0.85761982639 1.43231 0.0106758
0.863905847706 1.43232 0.0112588
0.870183874549 1.43492 0.0108581
0.876464109608 1.4367 0.0122974
0.88275038734 1.44003 0.0110736
0.889033276839 1.44082 0.011659
0.895308424711 1.4428 0.0104458
0.901595652167 1.44472 0.0111162
0.907883332809 1.44796 0.0106483
0.914174410632 1.44963 0.0108446
0.920463081772 1.45106 0.0108074
0.926743441526 1.45477 0.0105329
0.933032419735 1.45648 0.00979695
0.939326578557 1.46008 0.0105031
0.94559748104 1.46175 0.01139
0.951866001855 1.4652 0.0102294
0.958141325553 1.46607 0.0110025
0.964435094511 1.47096 0.0108235
0.970735563357 1.4721 0.0106072
0.977008076845 1.4756 0.0111375
0.983282332536 1.47909 0.0107105
0.989556969197 1.48089 0.01111
0.995845630192 1.48558 0.011277
1.00213621074 1.48818 0.0105724
1.00840482534 1.4909 0.0105372
1.01469414984 1.49352 0.011088
1.02099255544 1.49677 0.010902
1.02727398044 1.50164 0.0104593
1.0335591819 1.50375 0.0108536
1.03984755739 1.50835 0.0110557
1.04612697494 1.51211 0.0109012
1.05240343681 1.51424 0.0103277
1.05868070465 1.51801 0.0104207
1.06496433307 1.52165 0.0103651
1.07125677744 1.52456 0.0102019
1.0775440488 1.52887 0.0109271
1.08382482019 1.53252 0.0104433
1.09010802394 1.53724 0.0111756
1.09638966596 1.54114 0.0103047
1.10268113206 1.54436 0.010089
1.10896304759 1.54885 0.0106991
1.11522542846 1.5523 0.00984783
1.12150212761 1.55731 0.0107102
1.12779257382 1.56118 0.0107467
1.13408955267 1.5658 0.0113767
1.14036404965 1.56981 0.0101857
1.14663918032 1.57331 0.00958716
1.15294241299 1.57777 0.0105443
1.15922890675 1.58221 0.0104654
1.16550872189 1.58615 0.00914975
1.17179307626 1.59158 0.0103614
1.17808743637 1.59563 0.0101824
1.18436765425 1.59974 0.0100382
1.1906346423 1.60497 0.0103975
1.19691220883 1.60931 0.00952753
1.20320157735 1.61469 0.0109187
1.20948684444 1.61907 0.0100807
1.21576390207 1.62445 0.00964904
1.22204975517 1.62857 0.00987816
1.22834061662 1.6334 0.00992638
1.23463298658 1.63818 0.0106364
1.24090224718 1.64366 0.00971068
1.24717483914 1.64826 0.00964723
1.25346545993 1.65261 0.0104362
1.25974995189 1.65878 0.0111945
1.26603214313 1.6622 0.0102029
1.27231628847 1.66782 0.0101497
1.27860415506 1.67267 0.0100669
1.28488658893 1.67833 0.0100438
1.29117542007 1.68347 0.0107841
1.29746572637 1.68811 0.00944502
1.30374182701 1.69357 0.0102615
1.31001732292 1.699 0.00969
1.31630144766 1.70444 0.00970561
1.32258676036 1.70924 0.0098705
1.32886549245 1.71562 0.00955665
1.33514480495 1.72126 0.0103554
1.34144051627 1.72582 0.0101581
1.34773086842 1.73191 0.0106352
1.35400158999 1.73704 0.00971051
1.3602826093 1.74305 0.00958885
1.36656568646 1.74812 0.0102775
1.37285149848 1.75449 0.010289
1.37913537293 1.75945 0.0107193
1.38540956715 1.76509 0.00980685
1.39169864122 1.77052 0.010014
1.39798445144 1.77659 0.0106254
1.40426788341 1.78155 0.00996473
1.41055477948 1.78726 0.00969419
1.41683783355 1.79234 0.00922022
1.42311817719 1.79815 0.0100587
1.42939780116 1.80422 0.00979601
1.43568692182 1.81083 0.00984024
1.44197712177 1.81561 0.00975662
1.44825366785 1.82104 0.00922795
1.45453234897 1.8269 0.0102621
1.46081931915 1.83166 0.00958768
1.4671103644 1.83763 0.00982496
1.47339290895 1.84359 0.0104983
1.47966996524 1.84976 0.0100248
1.4859561446 1.85552 0.00983054
1.49223361076 1.86146 0.0103508
1.49850247038 1.86635 0.00993998
1.50478575205 1.87213 0.0109416
1.51107599189 1.87687 0.00955562
1.51736163499 1.8823 0.00901692
1.52364857097 1.88861 0.00985755
1.52993803572 1.89287 0.0110424
1.53623017691 1.89915 0.00958046
1.54251071878 1.90544 0.00991363
1.54878396308 1.90889 0.00998794
1.55507306978 1.91516 0.0101644
1.56135732493 1.9206 0.00970567
1.56762912105 1.9258 0.00905283
1.5739136974 1.93044 0.0098058
1.58020354523 1.93506 0.0106769
1.58648539343 1.94019 0.00968357
1.59276001426 1.94491 0.0106657
1.59904643639 1.95027 0.0105836
1.60534213664 1.95518 0.0109606
1.61161976836 1.96052 0.00960974
1.61789716835 1.96581 0.00971523
1.62418270854 1.97281 0.00971753
1.63046407995 1.97926 0.0100219
1.63674824683 1.98406 0.0104628
1.64303013827 1.99035 0.0105976
1.64930808063 1.99797 0.0102131
1.65559224863 2.00563 0.0111793
1.66187827598 2.01067 0.0103799
1.66816823994 2.01582 0.00994608
1.6744495611 2.02253 0.0105305
1.68072138563 2.0288 0.0104258
1.68701215424 2.03576 0.0106464
1.6933074808 2.03968 0.0102197
1.69958064303 2.04741 0.0101452
1.70586179344 2.05449 0.00981371
1.71215172419 2.05984 0.0105935
1.71843538617 2.0671 0.010714
1.72471844694 2.07205 0.0102491
1.73099491844 2.07841 0.00961374
1.73728636032 2.08543 0.0101851
1.74356630258 2.09064 0.0111829
1.74983600778 2.09745 0.0107289
1.75612327869 2.10383 0.0106051
1.76241061606 2.1106 0.0105409
1.76869357896 2.11639 0.00997323
1.77497674839 2.1223 0.010679
1.78126362161 2.12967 0.010691
1.78754574761 2.13483 0.0111466
1.7938272923 2.14094 0.0115499
1.80010772174 2.1483 0.0113893
1.80639091391 2.15486 0.0110717
1.81267451427 2.16041 0.010748
1.81895363524 2.16682 0.011811
1.82523850291 2.17472 0.0109253
1.8315236862 2.17994 0.0115784
1.83781040898 2.18657 0.0103307
1.84409642612 2.19121 0.0111477
1.8503769215 2.19932 0.0121526
1.85666074594 2.20562 0.0113001
1.86294359809 2.21103 0.0111374
1.86922204917 2.21747 0.0115515
1.87550781357 2.22399 0.0111541
1.88179499507 2.2302 0.0114745
1.88807781314 2.23619 0.0108007
1.89435244502 2.24262 0.0114938
1.90063796885 2.25031 0.011931
1.90692833723 2.25581 0.0124148
1.91320221586 2.26191 0.0119408
1.91948223445 2.26848 0.0119153
1.92577010575 2.276 0.0122822
1.93206491035 2.28167 0.0122646
1.93834071151 2.28913 0.0117262
1.94460828613 2.29382 0.0127746
1.9508968614 2.30023 0.0127735
1.95718811973 2.30671 0.0118658
1.96347509207 2.31286 0.0120691
1.9697553281 2.31985 0.012571
1.9760413775 2.32621 0.0129016
1.98233260336 2.33228 0.0120108
1.98861171931 2.33757 0.0127028
1.99488792869 2.34538 0.0133909
2.00117304134 2.35061 0.0130233
2.00745262249 2.35571 0.0137169
2.01372721862 2.36329 0.0133538
2.02001108039 2.37074 0.0134504
2.02630405283 2.37689 0.0129479
2.03258735828 2.38292 0.0141825
2.03886100377 2.38771 0.0140182
2.04514489951 2.39424 0.014736
2.05143683626 2.40129 0.0149584
2.05772382203 2.40713 0.0135523
2.0640044634 2.41185 0.0148644
2.07029278421 2.41736 0.015207
2.07658471853 2.42298 0.0149083
2.08285424307 2.43027 0.0151991
2.08912259138 2.43568 0.0148077
2.09541730178 2.44122 0.0153103
2.10170304464 2.44761 0.0155798
2.10797273337 2.45498 0.0145856
2.11425579676 2.45914 0.0156126
2.12053788985 2.46456 0.0159973
2.12682075079 2.46992 0.0154151
2.13310670204 2.4758 0.0161732
2.13940011923 2.48205 0.0156928
2.14568939859 2.48724 0.0151076
2.15195789682 2.494 0.0161478
2.15824033347 2.49732 0.0162082
2.16453048092 2.50395 0.0184221
2.17081716829 2.50947 0.0168353
2.17709912993 2.51369 0.0159385
2.18337674027 2.51905 0.0172211
2.18965452646 2.52475 0.0165752
2.19593814184 2.53078 0.017884
2.20221722867 2.53637 0.0166666
2.20849850085 2.54224 0.0194753
2.21479372465 2.54854 0.0191709
2.22107581834 2.55247 0.0187847
2.22733812199 2.55581 0.0183284
2.23362792264 2.56216 0.0168671
2.2399287897 2.56817 0.0177307
2.24620084223 2.57345 0.0182022
2.2524810722 2.58134 0.0182389
2.25875993301 2.58545 0.0200422
2.26503776668 2.59337 0.0203812
2.27130391144 2.60139 0.0188648
2.27758972822 2.60752 0.0199863
2.28389830542 2.61385 0.0175432
2.29017001225 2.62044 0.0195898
2.29645357402 2.62675 0.0209062
2.30275372852 2.63413 0.0206924
2.30903325986 2.64315 0.0209698
2.31530674049 2.64794 0.0216032
2.32158490306 2.65551 0.0225185
2.3278758488 2.66109 0.0197382
2.33415543799 2.66466 0.0230886
2.34041936871 2.67059 0.0216309
2.34670710068 2.67715 0.021372
2.3530032916 2.68425 0.0236986
2.35928989445 2.69141 0.0221315
2.36555387699 2.69641 0.0234046
2.37182578571 2.70306 0.0234669
2.3781409032 2.70766 0.0260651
2.38442809259 2.71368 0.0227085
2.39069258243 2.7181 0.026541
2.39698813839 2.72514 0.0254732
2.40330354843 2.73266 0.0275975
2.40957307365 2.73559 0.0244775
2.41583080138 2.74383 0.0286726
2.42214385676 2.7489 0.0271716
2.42843005755 2.75412 0.0265094
2.43467776878 2.75722 0.028001
2.44097021258 2.76848 0.0275526
2.44729898127 2.77297 0.0263372
2.45356911846 2.77629 0.0301454
2.45980003814 2.78662 0.0298681
2.4661092349 2.78911 0.0314395
2.47241430729 2.79118 0.0273827
2.47866355169 2.79972 0.0302135
2.48493431628 2.80483 0.0321706
2.49124283111 2.8174 0.033758
2.49755537626 2.81633 0.0350603
2.50380379021 2.81988 0.0351904
2.51005045336 2.82943 0.037979
2.51638815336 2.82963 0.0384417
2.52269694929 2.83538 0.0361635
2.52891211798 2.83571 0.0365215
2.53519495098 2.85172 0.0379506
2.54155301509 2.8488 0.0370057
2.54783359884 2.85579 0.0425027
2.55402772623 2.86349 0.0447618
2.56033571996 2.86579 0.0507919
2.56672381747 2.87668 0.0463848
2.57294751341 2.87348 0.0489308
2.57911252531 2.88572 0.0492209
2.58547549612 2.88203 0.0483112
2.59185019505 2.88791 0.0425768
2.59805932148 2.89124 0.0515846
2.60429715989 2.88618 0.0520706
2.61067449751 2.89821 0.0521952
2.61693283418 2.91034 0.0561323
2.62300854502 2.90428 0.061973
2.62939753095 2.9078 0.0547409
2.63591057571 2.91555 0.0639174
2.64202978624 2.91662 0.0685671
2.64803951219 2.91433 0.0710712
2.65454096229 2.9274 0.0719051
2.66118028258 2.92144 0.0690903
2.66719514746 2.91933 0.0795164
2.67309090101 2.94008 0.0676965
2.67973176445 2.93307 0.083505
2.68646693102 2.9321 0.0897436
2.69219835647 2.93289 0.0967531
2.69796467721 2.92013 0.11197
2.70489193937 2.9357 0.109777
2.71182026315 2.95229 0.105839
2.71709790339 2.9311 0.155568
2.7227864466 2.9618 0.134264
2.72994784687 2.949 0.128689
2.73706528781 2.9416 0.172632
2.74248820391 2.97978 0.29293
2.74787331837 2.93141 0.196963
2.75504313834 2.96497 0.265806
2.76219934437 2.9264 0.353923
2.76789278819 3.01423 0.592274
2.77283198247 2.8931 0.637498
2.77965581172 2.86723 1.48249
2.78599582346 -1.8152 115.924
