0.0088996412247 2.00885 0.115945
0.0150791221651 2.01465 0.0638116
0.0214479018646 2.0206 0.0426686
0.0278366077649 2.01692 0.0346834
0.034350997858 2.01745 0.0263918
0.0404788676143 2.01434 0.0317817
0.0467671668358 2.01999 0.02628
0.0530822510177 2.0136 0.0228568
0.0594536244094 2.01364 0.0212728
0.0657622481459 2.01123 0.0225943
0.071966329067 2.01567 0.0212231
0.0782786091569 2.0159 0.0183813
0.0847039894583 2.01313 0.0189837
0.0909685462053 2.01488 0.0196296
0.0972078977683 2.01843 0.0205962
0.103476303896 2.01512 0.0189963
0.109757644425 2.01645 0.0183312
0.116054308478 2.01646 0.0161822
0.122366966654 2.01555 0.0180517
0.128681726309 2.01093 0.0186339
0.134950080166 2.00975 0.0184798
0.141194955884 2.00746 0.0160468
0.147513357575 2.00984 0.015596
0.153786507425 2.00803 0.0167662
0.160065754405 2.00374 0.0149021
0.166399116869 2.00305 0.0162195
0.172719564578 2.00025 0.0134862
0.178976521338 1.99954 0.0157396
0.185235369065 1.99543 0.0152977
0.191480678734 1.99173 0.0161527
0.197788986865 1.98888 0.0155402
0.204093773545 1.9842 0.0156807
0.210393930261 1.98141 0.0135467
0.216690970982 1.97745 0.0183733
0.222970028122 1.9728 0.0160851
0.229262002709 1.96999 0.015721
0.235514150837 1.96287 0.0137132
0.241791058382 1.96181 0.0144753
0.248085653944 1.9545 0.0155422
0.254349225687 1.94725 0.0172134
0.260633425188 1.94433 0.0152638
0.26692573709 1.93955 0.0151087
0.273242334314 1.93315 0.0147257
0.279552968008 1.92777 0.0143827
0.285836629231 1.92048 0.0152454
0.292087627139 1.91577 0.0163791
0.298344984444 1.91018 0.0148332
0.304638263941 1.90029 0.0147399
0.3109279127 1.89706 0.0148204
0.317216817162 1.8889 0.0150129
0.323518756794 1.88182 0.0144949
0.329816821755 1.8765 0.01566
0.336117642946 1.87012 0.0147774
0.342370037571 1.86335 0.016596
0.348647819267 1.85362 0.0134972
0.354941161441 1.84762 0.0159343
0.361191693542 1.84025 0.0151033
0.367476708956 1.8349 0.0139303
0.373764779528 1.82935 0.0150809
0.380065403148 1.81959 0.0157491
0.386353986126 1.81372 0.0154375
0.392614018136 1.80429 0.0141747
0.398926450032 1.80078 0.0157043
0.405207324458 1.79228 0.0140563
0.411491647757 1.78615 0.0147689
0.417781427212 1.77769 0.014954
0.424040064873 1.77169 0.014059
0.430342569027 1.76484 0.0160324
0.436635856026 1.75733 0.0144442
0.442899618322 1.74929 0.0145149
0.449163441853 1.7445 0.0144594
0.455441414625 1.73548 0.0140667
0.46176344703 1.72994 0.0132638
0.468064424202 1.72167 0.0141868
0.474348524276 1.71574 0.0135547
0.480635613682 1.70841 0.0142488
0.486901925839 1.70231 0.0145753
0.49316970996 1.69366 0.015535
0.499450674714 1.68858 0.0154084
0.505715905134 1.681 0.0156874
0.511992399627 1.67622 0.0147488
0.518312609777 1.66905 0.0133452
0.524608963803 1.66279 0.0126054
0.530875730848 1.65955 0.0139524
0.537157352795 1.65158 0.0141215
0.543457956378 1.64663 0.0144954
0.549743065239 1.6398 0.0140383
0.55599374275 1.63411 0.01393
0.562285467661 1.62859 0.0143211
0.568601153723 1.622 0.0128341
0.574880458942 1.61637 0.0137211
0.581155021034 1.61223 0.0129822
0.587439449666 1.60762 0.0139828
0.59371762203 1.60116 0.0131321
0.599997195479 1.59777 0.0129966
0.606267911512 1.59319 0.0136389
0.612546957644 1.58691 0.0127545
0.618847773304 1.5824 0.0137453
0.625131056744 1.57672 0.0130125
0.631402745038 1.57436 0.013072
0.637700356273 1.5694 0.0132366
0.643985778331 1.56643 0.0124029
0.650268541717 1.56039 0.0123893
0.65655861177 1.55839 0.013201
0.662836928236 1.55298 0.0112777
0.669118544496 1.54905 0.0123195
0.675407019858 1.547 0.0122734
0.681683551459 1.54261 0.0124517
0.687959253386 1.53921 0.0128292
0.694234431704 1.53447 0.0118841
0.700517540243 1.5314 0.0122633
0.706812495661 1.52934 0.0115954
0.713101900967 1.52727 0.0129142
0.719391825117 1.52378 0.0128894
0.72568338076 1.52159 0.0120512
0.731965268271 1.51917 0.0132548
0.738250799048 1.51736 0.0127125
0.744526584212 1.51374 0.0115468
0.750787110194 1.51326 0.0114719
0.757075846532 1.51026 0.0125784
0.76336412336 1.50934 0.0114802
0.769646295986 1.50878 0.0127338
0.775939486518 1.50718 0.0135191
0.782232914199 1.50566 0.0124622
0.788531493652 1.50345 0.0122492
0.794789656698 1.5022 0.0124178
0.801049109659 1.50222 0.0113109
0.807336406173 1.50186 0.0113976
0.813622948837 1.50038 0.0104597
0.819915299896 1.50018 0.0119825
0.826195263639 1.49974 0.0118326
0.832489707008 1.49827 0.0125114
0.838795930921 1.49911 0.0112357
0.84506346397 1.49857 0.0121606
0.851328286756 1.49856 0.0113933
0.85761982639 1.49877 0.0112996
0.863905847706 1.49803 0.0125666
0.870183874549 1.49961 0.0109778
0.876464109608 1.50012 0.0119839
0.88275038734 1.50038 0.0111752
0.889033276839 1.50123 0.0117621
0.895308424711 1.50233 0.0107678
0.901595652167 1.50308 0.0108864
0.907883332809 1.50471 0.0109933
0.914174410632 1.50602 0.0114967
0.920463081772 1.50642 0.011705
0.926743441526 1.50832 0.011671
0.933032419735 1.50889 0.010942
0.939326578557 1.51129 0.0107763
0.94559748104 1.51273 0.0108985
0.951866001855 1.51515 0.0102198
0.958141325553 1.51513 0.0107066
0.964435094511 1.51929 0.0114539
0.970735563357 1.52042 0.0110424
0.977008076845 1.52293 0.0109821
0.983282332536 1.52549 0.0105901
0.989556969197 1.52805 0.0115241
0.995845630192 1.53091 0.0118253
1.00213621074 1.53348 0.0111858
1.00840482534 1.53564 0.0106509
1.01469414984 1.53838 0.011025
1.02099255544 1.54168 0.0112069
1.02727398044 1.54502 0.0106513
1.0335591819 1.54695 0.01068
1.03984755739 1.55058 0.0116763
1.04612697494 1.5539 0.0111463
1.05240343681 1.55721 0.0109827
1.05868070465 1.56098 0.0110181
1.06496433307 1.56392 0.0107138
1.07125677744 1.56756 0.0100954
1.0775440488 1.57043 0.0107875
1.08382482019 1.5748 0.0102885
1.09010802394 1.57814 0.0106968
1.09638966596 1.5836 0.0102013
1.10268113206 1.58648 0.0113155
1.10896304759 1.59118 0.0113567
1.11522542846 1.59416 0.0105851
1.12150212761 1.59952 0.0116962
1.12779257382 1.60387 0.0107084
1.13408955267 1.60794 0.0115082
1.14036404965 1.61232 0.0107163
1.14663918032 1.61624 0.0103144
1.15294241299 1.62126 0.0103262
1.15922890675 1.62549 0.0106281
1.16550872189 1.62979 0.00950151
1.17179307626 1.63554 0.0102573
1.17808743637 1.63935 0.0100639
1.18436765425 1.64445 0.00943335
1.1906346423 1.64913 0.0106949
1.19691220883 1.6551 0.00987594
1.20320157735 1.65996 0.0107923
1.20948684444 1.66507 0.0104209
1.21576390207 1.67057 0.00984019
1.22204975517 1.67614 0.0106288
1.22834061662 1.68063 0.0104238
1.23463298658 1.68631 0.0111539
1.24090224718 1.69168 0.00995559
1.24717483914 1.69794 0.00986272
1.25346545993 1.70216 0.0102018
1.25974995189 1.70908 0.0103957
1.26603214313 1.71307 0.00968183
1.27231628847 1.71937 0.00934597
1.27860415506 1.72424 0.0102728
1.28488658893 1.73128 0.0103593
1.29117542007 1.736 0.0106879
1.29746572637 1.74211 0.00960974
1.30374182701 1.74783 0.0107488
1.31001732292 1.75433 0.0098798
1.31630144766 1.76015 0.010874
1.32258676036 1.76568 0.0100836
1.32886549245 1.77246 0.00989702
1.33514480495 1.7779 0.0100081
1.34144051627 1.78344 0.010291
1.34773086842 1.79103 0.0108257
1.35400158999 1.79646 0.010157
1.3602826093 1.80335 0.00935525
1.36656568646 1.80877 0.0106875
1.37285149848 1.81596 0.0103983
1.37913537293 1.82232 0.0103398
1.38540956715 1.82791 0.0098197
1.39169864122 1.8343 0.00960767
1.39798445144 1.84021 0.0110653
1.40426788341 1.84666 0.00975658
1.41055477948 1.85363 0.00990422
1.41683783355 1.85882 0.00949491
1.42311817719 1.86528 0.0102175
1.42939780116 1.8722 0.00996354
1.43568692182 1.87989 0.00931898
1.44197712177 1.8856 0.00980084
1.44825366785 1.89133 0.0100554
1.45453234897 1.89837 0.0105415
1.46081931915 1.90429 0.00981933
1.4671103644 1.91059 0.00971961
1.47339290895 1.91696 0.0106698
1.47966996524 1.92457 0.00993645
1.4859561446 1.93042 0.0101028
1.49223361076 1.93708 0.00992822
1.49850247038 1.94362 0.0102597
1.50478575205 1.94942 0.0103584
1.51107599189 1.95536 0.00967214
1.51736163499 1.9615 0.0094668
1.52364857097 1.96836 0.00942698
1.52993803572 1.97387 0.0113716
1.53623017691 1.98161 0.00992143
1.54251071878 1.98726 0.00980375
1.54878396308 1.99294 0.0103312
1.55507306978 1.99937 0.0100337
1.56135732493 2.00418 0.00984772
1.56762912105 2.01033 0.00967744
1.5739136974 2.01743 0.010121
1.58020354523 2.02267 0.0109179
1.58648539343 2.02792 0.0102611
1.59276001426 2.03355 0.0102452
1.59904643639 2.03959 0.0104742
1.60534213664 2.04568 0.0107761
1.61161976836 2.04819 0.0114193
1.61789716835 2.05764 0.0100254
1.62418270854 2.06562 0.00977834
1.63046407995 2.07252 0.0097087
1.63674824683 2.0786 0.0109831
1.64303013827 2.08533 0.0109809
1.64930808063 2.09362 0.010747
1.65559224863 2.10208 0.0103542
1.66187827598 2.10806 0.0105759
1.66816823994 2.11498 0.0112769
1.6744495611 2.12136 0.0105701
1.68072138563 2.12916 0.0110802
1.68701215424 2.13693 0.0112539
1.6933074808 2.14237 0.0107192
1.69958064303 2.15055 0.0109754
1.70586179344 2.15742 0.0107583
1.71215172419 2.16469 0.0109187
1.71843538617 2.17131 0.0107463
1.72471844694 2.17887 0.0111216
1.73099491844 2.18578 0.0105085
1.73728636032 2.19402 0.0105802
1.74356630258 2.19983 0.0119106
1.74983600778 2.2082 0.011362
1.75612327869 2.21571 0.0118321
1.76241061606 2.22317 0.010848
1.76869357896 2.22946 0.0108488
1.77497674839 2.23686 0.0112511
1.78126362161 2.24392 0.0110784
1.78754574761 2.25145 0.0122116
1.7938272923 2.25869 0.0121415
1.80010772174 2.26572 0.011932
1.80639091391 2.27457 0.0112009
1.81267451427 2.28085 0.0107397
1.81895363524 2.28845 0.0116075
1.82523850291 2.29632 0.0112602
1.8315236862 2.3036 0.0123766
1.83781040898 2.31139 0.0109298
1.84409642612 2.31795 0.0113878
1.8503769215 2.32574 0.0124721
1.85666074594 2.33414 0.0117329
1.86294359809 2.34176 0.0115406
1.86922204917 2.34854 0.0123701
1.87550781357 2.35521 0.0123867
1.88179499507 2.36326 0.0122291
1.88807781314 2.3703 0.0130258
1.89435244502 2.37859 0.0136775
1.90063796885 2.38713 0.0128744
1.90692833723 2.3936 0.0116442
1.91320221586 2.40163 0.0114743
1.91948223445 2.40874 0.0122375
1.92577010575 2.41844 0.0135601
1.93206491035 2.42525 0.0134452
1.93834071151 2.43371 0.0125803
1.94460828613 2.44023 0.0125058
1.9508968614 2.44813 0.0127783
1.95718811973 2.45509 0.0124825
1.96347509207 2.46231 0.0121251
1.9697553281 2.47165 0.0130286
1.9760413775 2.47901 0.013484
1.98233260336 2.48543 0.0139182
1.98861171931 2.49319 0.0141835
1.99488792869 2.50064 0.0129303
2.00117304134 2.50777 0.0136062
2.00745262249 2.51556 0.0143734
2.01372721862 2.52361 0.0152471
2.02001108039 2.53265 0.0135726
2.02630405283 2.53986 0.0140487
2.03258735828 2.54714 0.0145093
2.03886100377 2.55324 0.0139264
2.04514489951 2.56051 0.0149796
2.05143683626 2.56914 0.0155607
2.05772382203 2.57699 0.0144532
2.0640044634 2.58399 0.0141028
2.07029278421 2.58994 0.0173808
2.07658471853 2.59777 0.016137
2.08285424307 2.60507 0.0159625
2.08912259138 2.61342 0.0150231
2.09541730178 2.61997 0.0159139
2.10170304464 2.62715 0.0157115
2.10797273337 2.63573 0.0169742
2.11425579676 2.64298 0.016512
2.12053788985 2.64824 0.0179916
2.12682075079 2.65641 0.0158899
2.13310670204 2.66218 0.0165867
2.13940011923 2.67107 0.0173923
2.14568939859 2.67715 0.0164583
2.15195789682 2.68363 0.016925
2.15824033347 2.69003 0.0164033
2.16453048092 2.69756 0.0190556
2.17081716829 2.70589 0.0183218
2.17709912993 2.70993 0.0183883
2.18337674027 2.71704 0.0174907
2.18965452646 2.72252 0.0175209
2.19593814184 2.73019 0.0186787
2.20221722867 2.73665 0.0171227
2.20849850085 2.74279 0.0184665
2.21479372465 2.7513 0.0181006
2.22107581834 2.75752 0.0173575
2.22733812199 2.76558 0.0192848
2.23362792264 2.77037 0.0186836
2.2399287897 2.77855 0.0190886
2.24620084223 2.78464 0.0183972
2.2524810722 2.79657 0.020778
2.25875993301 2.8004 0.0202569
2.26503776668 2.80959 0.0196286
2.27130391144 2.81761 0.0199589
2.27758972822 2.82474 0.0196143
2.28389830542 2.83542 0.019838
2.29017001225 2.8448 0.0208802
2.29645357402 2.8527 0.0229444
2.30275372852 2.86316 0.0230304
2.30903325986 2.87218 0.0213013
2.31530674049 2.87803 0.0225718
2.32158490306 2.88853 0.0197394
2.3278758488 2.89377 0.0223434
2.33415543799 2.90234 0.0240107
2.34041936871 2.91178 0.023016
2.34670710068 2.91826 0.0224083
2.3530032916 2.92692 0.0242105
2.35928989445 2.93495 0.0230067
2.36555387699 2.94309 0.0238945
2.37182578571 2.95032 0.023788
2.3781409032 2.95553 0.0276057
2.38442809259 2.96372 0.0273478
2.39069258243 2.97304 0.0282502
2.39698813839 2.98003 0.0282362
2.40330354843 2.9881 0.0268927
2.40957307365 2.99525 0.0267347
2.41583080138 3.00681 0.0298926
2.42214385676 3.01058 0.0289069
2.42843005755 3.01846 0.0299158
2.43467776878 3.02436 0.0282951
2.44097021258 3.03618 0.0285349
2.44729898127 3.04365 0.0254119
2.45356911846 3.04903 0.0331274
2.45980003814 3.05915 0.031247
2.4661092349 3.06246 0.0316872
2.47241430729 3.07236 0.0323097
2.47866355169 3.07877 0.0322729
2.48493431628 3.08302 0.0328467
2.49124283111 3.09911 0.0344731
2.49755537626 3.10232 0.0328896
2.50380379021 3.10783 0.0364997
2.51005045336 3.11684 0.0372316
2.51638815336 3.12184 0.0377703
2.52269694929 3.13031 0.0411772
2.52891211798 3.13205 0.0365033
2.53519495098 3.14616 0.038476
2.54155301509 3.14904 0.0380599
2.54783359884 3.15236 0.0420285
2.55402772623 3.1626 0.0468569
2.56033571996 3.17088 0.0484679
2.56672381747 3.18012 0.0470205
2.57294751341 3.17972 0.0467543
2.57911252531 3.1894 0.0518513
2.58547549612 3.18843 0.0473631
2.59185019505 3.20456 0.0465883
2.59805932148 3.20044 0.0487041
2.60429715989 3.19965 0.0489061
2.61067449751 3.2155 0.0511615
2.61693283418 3.23337 0.0601588
2.62300854502 3.21633 0.0559744
2.62939753095 3.22695 0.0621625
2.63591057571 3.23403 0.0648577
2.64202978624 3.24157 0.0613409
2.64803951219 3.23904 0.0708084
2.65454096229 3.24602 0.0717921
2.66118028258 3.26036 0.074795
2.66719514746 3.25365 0.081816
2.67309090101 3.27097 0.0818972
2.67973176445 3.27393 0.0825113
2.68646693102 3.25705 0.0902759
2.69219835647 3.26904 0.0871247
2.69796467721 3.25116 0.0993619
2.70489193937 3.26825 0.106668
2.71182026315 3.26937 0.106948
2.71709790339 3.26814 0.149916
2.7227864466 3.30142 0.134074
2.72994784687 3.28179 0.158157
2.73706528781 3.28041 0.163203
2.74248820391 3.32362 0.268203
2.74787331837 3.28099 0.202312
2.75504313834 3.33064 0.245317
2.76219934437 3.259 0.364646
2.76789278819 3.34728 0.613385
2.77283198247 3.2429 0.622561
2.77965581172 3.23024 1.45713
2.78599582346 -78.3476 1804.65
