0.0088996412247 0.764641 0.121202
0.0150791221651 0.767105 0.066016
0.0214479018646 0.770541 0.0438155
0.0278366077649 0.778033 0.039794
0.034350997858 0.782531 0.032761
0.0404788676143 0.784263 0.0287017
0.0467671668358 0.78451 0.02691
0.0530822510177 0.788682 0.0248254
0.0594536244094 0.789662 0.0254957
0.0657622481459 0.792147 0.0204685
0.071966329067 0.793139 0.0201754
0.0782786091569 0.795389 0.0179008
0.0847039894583 0.791636 0.0175717
0.0909685462053 0.792977 0.0178193
0.0972078977683 0.788468 0.0188601
0.103476303896 0.784184 0.0158495
0.109757644425 0.787768 0.0183229
0.116054308478 0.785499 0.0156523
0.122366966654 0.787762 0.0160251
0.128681726309 0.789373 0.0165391
0.134950080166 0.788738 0.0154062
0.141194955884 0.785347 0.0147365
0.147513357575 0.782219 0.0159456
0.153786507425 0.777989 0.0142531
0.160065754405 0.778272 0.0155795
0.166399116869 0.774274 0.0149905
0.172719564578 0.773555 0.0135127
0.178976521338 0.772336 0.0136737
0.185235369065 0.776611 0.0146719
0.191480678734 0.777418 0.0128926
0.197788986865 0.778085 0.0132214
0.204093773545 0.776643 0.0125768
0.210393930261 0.776172 0.0120377
0.216690970982 0.775085 0.0135265
0.222970028122 0.775438 0.0120862
0.229262002709 0.775051 0.0128803
0.235514150837 0.775144 0.0134773
0.241791058382 0.774487 0.0121376
0.248085653944 0.780364 0.0139543
0.254349225687 0.781994 0.0111389
0.260633425188 0.783491 0.0114833
0.26692573709 0.783095 0.0129253
0.273242334314 0.785554 0.0107842
0.279552968008 0.78833 0.0125808
0.285836629231 0.790562 0.0112646
0.292087627139 0.791832 0.011682
0.298344984444 0.795177 0.0123628
0.304638263941 0.797822 0.0109865
0.3109279127 0.798851 0.0113543
0.317216817162 0.804352 0.0121757
0.323518756794 0.806985 0.0118399
0.329816821755 0.812658 0.0110053
0.336117642946 0.816509 0.0108464
0.342370037571 0.819544 0.0101577
0.348647819267 0.823953 0.0101896
0.354941161441 0.826929 0.00991056
0.361191693542 0.830898 0.0107107
0.367476708956 0.835842 0.0105365
0.373764779528 0.841378 0.0110604
0.380065403148 0.844875 0.00963017
0.386353986126 0.850418 0.0103317
0.392614018136 0.855159 0.00923867
0.398926450032 0.860575 0.009821
0.405207324458 0.8648 0.00942102
0.411491647757 0.869874 0.00965984
0.417781427212 0.875539 0.0112433
0.424040064873 0.879916 0.0112496
0.430342569027 0.886429 0.00923927
0.436635856026 0.89211 0.0109781
0.442899618322 0.897603 0.00918451
0.449163441853 0.901618 0.0107018
0.455441414625 0.908534 0.0117181
0.46176344703 0.91387 0.0110307
0.468064424202 0.920585 0.0105465
0.474348524276 0.926009 0.0106876
0.480635613682 0.93345 0.00954445
0.486901925839 0.939595 0.0095103
0.49316970996 0.944471 0.00996851
0.499450674714 0.952092 0.0101987
0.505715905134 0.957076 0.0101894
0.511992399627 0.962415 0.00996006
0.518312609777 0.97015 0.00956922
0.524608963803 0.975202 0.00990962
0.530875730848 0.982108 0.00951746
0.537157352795 0.989228 0.0099144
0.543457956378 0.994023 0.0105661
0.549743065239 1.00095 0.0104898
0.55599374275 1.00736 0.0097647
0.562285467661 1.01469 0.0100443
0.568601153723 1.02274 0.00984027
0.574880458942 1.02741 0.00981877
0.581155021034 1.03308 0.00971169
0.587439449666 1.04002 0.010296
0.59371762203 1.04545 0.00969608
0.599997195479 1.05283 0.0107082
0.606267911512 1.05747 0.00973042
0.612546957644 1.06519 0.00877776
0.618847773304 1.07179 0.0108225
0.625131056744 1.07873 0.00943159
0.631402745038 1.0844 0.00986803
0.637700356273 1.09128 0.0102724
0.643985778331 1.09749 0.00990059
0.650268541717 1.10421 0.0105371
0.65655861177 1.11032 0.00995142
0.662836928236 1.11612 0.0104693
0.669118544496 1.12251 0.00936128
0.675407019858 1.1292 0.0107666
0.681683551459 1.13615 0.0104062
0.687959253386 1.14325 0.0110393
0.694234431704 1.14943 0.00967084
0.700517540243 1.15548 0.00922524
0.706812495661 1.16049 0.0099045
0.713101900967 1.16719 0.0088384
0.719391825117 1.17478 0.0102441
0.72568338076 1.18001 0.0102454
0.731965268271 1.18597 0.0102475
0.738250799048 1.19199 0.00987957
0.744526584212 1.19738 0.00904487
0.750787110194 1.20413 0.00969938
0.757075846532 1.20936 0.01091
0.76336412336 1.2175 0.0103926
0.769646295986 1.22205 0.00998441
0.775939486518 1.22801 0.00886473
0.782232914199 1.23399 0.0104508
0.788531493652 1.24078 0.00923232
0.794789656698 1.24601 0.00974947
0.801049109659 1.24989 0.0101067
0.807336406173 1.25764 0.0109283
0.813622948837 1.26337 0.00964898
0.819915299896 1.26836 0.0105377
0.826195263639 1.27449 0.0102057
0.832489707008 1.28128 0.00972714
0.838795930921 1.28527 0.0104573
0.84506346397 1.292 0.0105328
0.851328286756 1.29639 0.00907196
0.85761982639 1.30205 0.0102928
0.863905847706 1.30763 0.00958759
0.870183874549 1.31241 0.00993498
0.876464109608 1.3186 0.00941793
0.88275038734 1.32535 0.00955831
0.889033276839 1.32959 0.00971188
0.895308424711 1.33423 0.0098554
0.901595652167 1.34022 0.0102082
0.907883332809 1.34536 0.0107911
0.914174410632 1.34894 0.00959678
0.920463081772 1.35551 0.00996028
0.926743441526 1.36151 0.010492
0.933032419735 1.36762 0.00991474
0.939326578557 1.37225 0.0093108
0.94559748104 1.37639 0.0100628
0.951866001855 1.38216 0.0110354
0.958141325553 1.38626 0.00966631
0.964435094511 1.39156 0.00969494
0.970735563357 1.39756 0.00982877
0.977008076845 1.40395 0.0108694
0.983282332536 1.40749 0.0105118
0.989556969197 1.41237 0.0100819
0.995845630192 1.41793 0.00933742
1.00213621074 1.42236 0.00961401
1.00840482534 1.42898 0.0107458
1.01469414984 1.43249 0.00985874
1.02099255544 1.43823 0.00979701
1.02727398044 1.4433 0.0101411
1.0335591819 1.44928 0.0104287
1.03984755739 1.45379 0.0103448
1.04612697494 1.45879 0.0107922
1.05240343681 1.46239 0.00957459
1.05868070465 1.46759 0.00933225
1.06496433307 1.47334 0.0102962
1.07125677744 1.47782 0.0101402
1.0775440488 1.48183 0.0100462
1.08382482019 1.48846 0.0113187
1.09010802394 1.49395 0.00996301
1.09638966596 1.49765 0.00887307
1.10268113206 1.50297 0.00899672
1.10896304759 1.50787 0.00982952
1.11522542846 1.51344 0.00955349
1.12150212761 1.51842 0.0107221
1.12779257382 1.5217 0.00936954
1.13408955267 1.52871 0.0101634
1.14036404965 1.53329 0.010362
1.14663918032 1.53767 0.0097801
1.15294241299 1.5428 0.00955377
1.15922890675 1.54786 0.0101197
1.16550872189 1.55209 0.0107056
1.17179307626 1.55682 0.00947461
1.17808743637 1.56395 0.010169
1.18436765425 1.56739 0.0101229
1.1906346423 1.57331 0.0102599
1.19691220883 1.57712 0.00949074
1.20320157735 1.58284 0.0101604
1.20948684444 1.58815 0.0100438
1.21576390207 1.59345 0.0107152
1.22204975517 1.5973 0.0095009
1.22834061662 1.60345 0.00971874
1.23463298658 1.60822 0.0097267
1.24090224718 1.61375 0.0102015
1.24717483914 1.6185 0.00961145
1.25346545993 1.62446 0.0103699
1.25974995189 1.62842 0.00968389
1.26603214313 1.63386 0.0102759
1.27231628847 1.63902 0.0097037
1.27860415506 1.64462 0.00945885
1.28488658893 1.64923 0.00998609
1.29117542007 1.65466 0.00950023
1.29746572637 1.65997 0.00922715
1.30374182701 1.6651 0.00978539
1.31001732292 1.66993 0.0102657
1.31630144766 1.67522 0.00953388
1.32258676036 1.68074 0.00943754
1.32886549245 1.68597 0.00936252
1.33514480495 1.69189 0.00984899
1.34144051627 1.69644 0.00983745
1.34773086842 1.70207 0.0101881
1.35400158999 1.70687 0.0100699
1.3602826093 1.71235 0.0102153
1.36656568646 1.71812 0.0102244
1.37285149848 1.72195 0.00974222
1.37913537293 1.72788 0.0103743
1.38540956715 1.73396 0.0101925
1.39169864122 1.73814 0.0104415
1.39798445144 1.74518 0.00820647
1.40426788341 1.74949 0.00984119
1.41055477948 1.75505 0.00996199
1.41683783355 1.76048 0.0101064
1.42311817719 1.76539 0.0104959
1.42939780116 1.77092 0.00971157
1.43568692182 1.7757 0.0113449
1.44197712177 1.78194 0.0102317
1.44825366785 1.78667 0.00946865
1.45453234897 1.79171 0.00943016
1.46081931915 1.79626 0.0102334
1.4671103644 1.80241 0.0105744
1.47339290895 1.80765 0.0101207
1.47966996524 1.81243 0.0101567
1.4859561446 1.81812 0.00986214
1.49223361076 1.82314 0.00989386
1.49850247038 1.82853 0.009593
1.50478575205 1.83312 0.00971949
1.51107599189 1.83804 0.0100377
1.51736163499 1.84253 0.00963505
1.52364857097 1.84803 0.010348
1.52993803572 1.85271 0.0105632
1.53623017691 1.85658 0.00984814
1.54251071878 1.86233 0.0108586
1.54878396308 1.86689 0.00964508
1.55507306978 1.87125 0.0100866
1.56135732493 1.87686 0.0103977
1.56762912105 1.88158 0.0104736
1.5739136974 1.88452 0.00991231
1.58020354523 1.89028 0.0102677
1.58648539343 1.89418 0.00994577
1.59276001426 1.89885 0.0102639
1.59904643639 1.90294 0.0099781
1.60534213664 1.90701 0.0101479
1.61161976836 1.91529 0.0105724
1.61789716835 1.91713 0.010211
1.62418270854 1.92281 0.0103037
1.63046407995 1.92883 0.0105023
1.63674824683 1.93378 0.0104597
1.64303013827 1.93937 0.0106052
1.64930808063 1.94538 0.00892106
1.65559224863 1.95115 0.0113564
1.66187827598 1.95583 0.0112229
1.66816823994 1.96127 0.00988074
1.6744495611 1.96745 0.0104049
1.68072138563 1.97189 0.0111202
1.68701215424 1.97809 0.0104001
1.6933074808 1.98374 0.0104632
1.69958064303 1.98967 0.0103917
1.70586179344 1.9941 0.0114077
1.71215172419 2.00048 0.0109403
1.71843538617 2.00634 0.0109475
1.72471844694 2.01056 0.0106838
1.73099491844 2.01601 0.0104922
1.73728636032 2.02192 0.011212
1.74356630258 2.02724 0.0108459
1.74983600778 2.03261 0.00997613
1.75612327869 2.03836 0.00927757
1.76241061606 2.04372 0.0112384
1.76869357896 2.04913 0.0108109
1.77497674839 2.05554 0.010883
1.78126362161 2.05998 0.011407
1.78754574761 2.06426 0.010861
1.7938272923 2.07103 0.0114024
1.80010772174 2.07637 0.0112218
1.80639091391 2.08192 0.0121739
1.81267451427 2.08752 0.0116839
1.81895363524 2.09209 0.0119637
1.82523850291 2.09842 0.011683
1.8315236862 2.10413 0.0113138
1.83781040898 2.10984 0.0103275
1.84409642612 2.11453 0.0120329
1.8503769215 2.12011 0.0125924
1.85666074594 2.126 0.0116905
1.86294359809 2.12967 0.0124361
1.86922204917 2.13581 0.0112009
1.87550781357 2.14151 0.012377
1.88179499507 2.14741 0.0120205
1.88807781314 2.15256 0.0114544
1.89435244502 2.15652 0.0108702
1.90063796885 2.16346 0.011989
1.90692833723 2.16829 0.0119854
1.91320221586 2.1732 0.012966
1.91948223445 2.17876 0.0128581
1.92577010575 2.18471 0.0116248
1.93206491035 2.18912 0.012754
1.93834071151 2.19383 0.0121475
1.94460828613 2.19835 0.0124818
1.9508968614 2.20484 0.0126194
1.95718811973 2.2107 0.0127415
1.96347509207 2.21518 0.0127735
1.9697553281 2.21984 0.0131201
1.9760413775 2.22614 0.0130451
1.98233260336 2.23106 0.0123124
1.98861171931 2.23562 0.0125766
1.99488792869 2.24138 0.0138982
2.00117304134 2.24557 0.0133565
2.00745262249 2.25124 0.0123331
2.01372721862 2.2568 0.0124879
2.02001108039 2.26208 0.0129839
2.02630405283 2.26631 0.0125348
2.03258735828 2.27188 0.0149083
2.03886100377 2.27594 0.0144368
2.04514489951 2.28157 0.0156653
2.05143683626 2.28605 0.0143594
2.05772382203 2.29122 0.0127951
2.0640044634 2.29584 0.0137675
2.07029278421 2.30073 0.012792
2.07658471853 2.30574 0.0139338
2.08285424307 2.31185 0.0148566
2.08912259138 2.31293 0.0131727
2.09541730178 2.3202 0.0146536
2.10170304464 2.32372 0.0151505
2.10797273337 2.32842 0.0128087
2.11425579676 2.3328 0.0150938
2.12053788985 2.33912 0.0153137
2.12682075079 2.3414 0.0154275
2.13310670204 2.34663 0.015514
2.13940011923 2.34968 0.0145757
2.14568939859 2.35689 0.0144852
2.15195789682 2.35993 0.0153546
2.15824033347 2.3643 0.0154138
2.16453048092 2.36738 0.0147981
2.17081716829 2.37093 0.0151668
2.17709912993 2.3767 0.0155273
2.18337674027 2.38179 0.0156233
2.18965452646 2.3855 0.0140448
2.19593814184 2.38953 0.0149384
2.20221722867 2.39283 0.0168725
2.20849850085 2.40031 0.0161798
2.21479372465 2.40233 0.0160145
2.22107581834 2.40719 0.0165792
2.22733812199 2.41031 0.0155648
2.23362792264 2.41624 0.0157084
2.2399287897 2.41948 0.0174051
2.24620084223 2.42474 0.0170842
2.2524810722 2.42748 0.0190387
2.25875993301 2.43563 0.0198598
2.26503776668 2.44134 0.0168711
2.27130391144 2.44435 0.0178005
2.27758972822 2.45161 0.01749
2.28389830542 2.45653 0.0213401
2.29017001225 2.46264 0.0204543
2.29645357402 2.46574 0.0179497
2.30275372852 2.47086 0.0213928
2.30903325986 2.47531 0.0194109
2.31530674049 2.4812 0.0200977
2.32158490306 2.48496 0.0184172
2.3278758488 2.48926 0.0195389
2.33415543799 2.49502 0.0199305
2.34041936871 2.49731 0.0195091
2.34670710068 2.50302 0.0200337
2.3530032916 2.51035 0.0232109
2.35928989445 2.51442 0.0205153
2.36555387699 2.5181 0.0237616
2.37182578571 2.52027 0.022502
2.3781409032 2.52766 0.0232199
2.38442809259 2.53271 0.0220449
2.39069258243 2.53544 0.0239816
2.39698813839 2.54134 0.0215576
2.40330354843 2.54515 0.0233671
2.40957307365 2.55022 0.0245551
2.41583080138 2.55299 0.0271103
2.42214385676 2.55965 0.0259651
2.42843005755 2.56128 0.021626
2.43467776878 2.56771 0.026022
2.44097021258 2.57081 0.0240405
2.44729898127 2.57833 0.0289919
2.45356911846 2.57885 0.0282403
2.45980003814 2.58276 0.027514
2.4661092349 2.58838 0.030648
2.47241430729 2.58709 0.0316925
2.47866355169 2.59776 0.0344371
2.48493431628 2.60239 0.0261065
2.49124283111 2.60499 0.0325647
2.49755537626 2.60788 0.027075
2.50380379021 2.61024 0.0302926
2.51005045336 2.61473 0.0366616
2.51638815336 2.61403 0.0344963
2.52269694929 2.62295 0.0336782
2.52891211798 2.62557 0.0329815
2.53519495098 2.6267 0.0318312
2.54155301509 2.6297 0.0353608
2.54783359884 2.63268 0.0367135
2.55402772623 2.64358 0.0362924
2.56033571996 2.64433 0.0379345
2.56672381747 2.64322 0.0455731
2.57294751341 2.64878 0.0402302
2.57911252531 2.65395 0.0441489
2.58547549612 2.65724 0.0432035
2.59185019505 2.65489 0.0437279
2.59805932148 2.65618 0.0481788
2.60429715989 2.6674 0.0443896
2.61067449751 2.6755 0.047183
2.61693283418 2.66235 0.0520657
2.62300854502 2.67842 0.0606901
2.62939753095 2.67501 0.054
2.63591057571 2.67728 0.0608413
2.64202978624 2.67865 0.0653843
2.64803951219 2.68355 0.0618911
2.65454096229 2.68285 0.0649623
2.66118028258 2.67846 0.0710908
2.66719514746 2.68347 0.0691057
2.67309090101 2.68139 0.0719835
2.67973176445 2.68834 0.0714763
2.68646693102 2.71148 0.0879369
2.69219835647 2.67248 0.0820146
2.69796467721 2.68442 0.0779367
2.70489193937 2.69438 0.0989126
2.71182026315 2.69706 0.109067
2.71709790339 2.70523 0.147508
2.7227864466 2.69054 0.113658
2.72994784687 2.6859 0.142084
2.73706528781 2.73048 0.159489
2.74248820391 2.70916 0.258722
2.74787331837 2.68931 0.22427
2.75504313834 2.71413 0.233246
2.76219934437 2.73104 0.332867
2.76789278819 2.66968 0.502491
2.77283198247 2.65498 0.547608
2.77965581172 2.59026 1.27879
2.78599582346 61.9453 1647.85
