0.0088996412247 -2.31971 0.281769
0.0150791221651 -2.25344 0.171226
0.0214479018646 -2.07899 0.0999207
0.0278366077649 -1.92707 0.0873037
0.034350997858 -1.70765 0.0795441
0.0404788676143 -1.48158 0.0670429
0.0467671668358 -1.2394 0.0548632
0.0530822510177 -0.98457 0.0614556
0.0594536244094 -0.717338 0.053459
0.0657622481459 -0.461847 0.0431226
0.071966329067 -0.222194 0.0398077
0.0782786091569 0.00413405 0.0355733
0.0847039894583 0.213941 0.0319795
0.0909685462053 0.388507 0.0349841
0.0972078977683 0.536631 0.0325218
0.103476303896 0.674342 0.028494
0.109757644425 0.798206 0.0277563
0.116054308478 0.898498 0.0251512
0.122366966654 0.987416 0.0257991
0.128681726309 1.05292 0.0254327
0.134950080166 1.09996 0.0241517
0.141194955884 1.12621 0.0245329
0.147513357575 1.14126 0.0221379
0.153786507425 1.15036 0.0167226
0.160065754405 1.15736 0.0256292
0.166399116869 1.15711 0.0214081
0.172719564578 1.16187 0.0167995
0.178976521338 1.16622 0.0187499
0.185235369065 1.17185 0.0195808
0.191480678734 1.17159 0.0188748
0.197788986865 1.17106 0.0185154
0.204093773545 1.16416 0.0184172
0.210393930261 1.16626 0.0175251
0.216690970982 1.15891 0.0171503
0.222970028122 1.15753 0.0165972
0.229262002709 1.16063 0.0179374
0.235514150837 1.15876 0.0162267
0.241791058382 1.15986 0.0154968
0.248085653944 1.16017 0.0163462
0.254349225687 1.16455 0.016049
0.260633425188 1.1668 0.0148029
0.26692573709 1.16745 0.016114
0.273242334314 1.16828 0.0133908
0.279552968008 1.16806 0.0147451
0.285836629231 1.1691 0.0136375
0.292087627139 1.17066 0.0155605
0.298344984444 1.17322 0.0145037
0.304638263941 1.17293 0.0140661
0.3109279127 1.17376 0.0124276
0.317216817162 1.17941 0.0138409
0.323518756794 1.17877 0.011507
0.329816821755 1.18122 0.0133144
0.336117642946 1.18433 0.0142578
0.342370037571 1.18482 0.0155744
0.348647819267 1.18668 0.012222
0.354941161441 1.18642 0.0133518
0.361191693542 1.1877 0.0134924
0.367476708956 1.19122 0.0126387
0.373764779528 1.19532 0.0122563
0.380065403148 1.19435 0.0125087
0.386353986126 1.19649 0.0126897
0.392614018136 1.19695 0.012348
0.398926450032 1.19979 0.0131965
0.405207324458 1.20122 0.0120259
0.411491647757 1.2012 0.0122305
0.417781427212 1.20436 0.0130904
0.424040064873 1.20532 0.0127552
0.430342569027 1.20847 0.0126879
0.436635856026 1.2103 0.0134378
0.442899618322 1.21135 0.0116908
0.449163441853 1.21294 0.0135671
0.455441414625 1.2149 0.0121793
0.46176344703 1.21599 0.0128045
0.468064424202 1.21714 0.0112462
0.474348524276 1.2204 0.0118909
0.480635613682 1.22313 0.0109555
0.486901925839 1.22502 0.0120804
0.49316970996 1.22399 0.0121307
0.499450674714 1.22826 0.012078
0.505715905134 1.22928 0.0119455
0.511992399627 1.2295 0.0137432
0.518312609777 1.23298 0.0105729
0.524608963803 1.23468 0.0102001
0.530875730848 1.23818 0.0122868
0.537157352795 1.24025 0.0103336
0.543457956378 1.24027 0.0129365
0.549743065239 1.24375 0.0122462
0.55599374275 1.24523 0.0119459
0.562285467661 1.24816 0.0128649
0.568601153723 1.25194 0.0120193
0.574880458942 1.25207 0.0122911
0.581155021034 1.25429 0.0123577
0.587439449666 1.2577 0.0129006
0.59371762203 1.25843 0.0118157
0.599997195479 1.26171 0.0132875
0.606267911512 1.26341 0.012438
0.612546957644 1.26551 0.0112378
0.618847773304 1.26852 0.012248
0.625131056744 1.27055 0.0112419
0.631402745038 1.27395 0.0106897
0.637700356273 1.27589 0.0114835
0.643985778331 1.27917 0.0111232
0.650268541717 1.28117 0.0107601
0.65655861177 1.28479 0.0113305
0.662836928236 1.28571 0.011216
0.669118544496 1.28855 0.0110981
0.675407019858 1.29303 0.0120865
0.681683551459 1.29543 0.0114978
0.687959253386 1.29844 0.0120402
0.694234431704 1.29871 0.0105991
0.700517540243 1.30255 0.0100227
0.706812495661 1.30476 0.0100014
0.713101900967 1.3082 0.0101718
0.719391825117 1.31237 0.0109633
0.72568338076 1.31448 0.0112543
0.731965268271 1.31779 0.0110839
0.738250799048 1.32055 0.010865
0.744526584212 1.32298 0.0109161
0.750787110194 1.32691 0.0108564
0.757075846532 1.32845 0.0111643
0.76336412336 1.33342 0.0118623
0.769646295986 1.33613 0.0119143
0.775939486518 1.33927 0.011176
0.782232914199 1.34266 0.0117286
0.788531493652 1.34619 0.0103495
0.794789656698 1.35016 0.0112229
0.801049109659 1.35113 0.0109891
0.807336406173 1.35634 0.011361
0.813622948837 1.35917 0.00981851
0.819915299896 1.36226 0.011105
0.826195263639 1.36598 0.0106974
0.832489707008 1.36845 0.0112249
0.838795930921 1.37183 0.0100534
0.84506346397 1.37643 0.0113537
0.851328286756 1.37991 0.00920501
0.85761982639 1.38247 0.0100848
0.863905847706 1.38586 0.0112297
0.870183874549 1.39051 0.00950638
0.876464109608 1.39411 0.00997189
0.88275038734 1.39767 0.0108934
0.889033276839 1.40128 0.0100862
0.895308424711 1.40498 0.0104254
0.901595652167 1.40947 0.0104634
0.907883332809 1.41231 0.0114309
0.914174410632 1.41551 0.0110069
0.920463081772 1.41992 0.0105284
0.926743441526 1.42464 0.0114854
0.933032419735 1.42941 0.0107129
0.939326578557 1.43253 0.0102285
0.94559748104 1.43605 0.00998352
0.951866001855 1.44094 0.011444
0.958141325553 1.44354 0.00926671
0.964435094511 1.44762 0.0100781
0.970735563357 1.45262 0.00953658
0.977008076845 1.45742 0.0103448
0.983282332536 1.46097 0.0102147
0.989556969197 1.46518 0.00984936
0.995845630192 1.46931 0.00968049
1.00213621074 1.47411 0.0105024
1.00840482534 1.47856 0.0101541
1.01469414984 1.48199 0.00959473
1.02099255544 1.48733 0.00986846
1.02727398044 1.49146 0.01084
1.0335591819 1.49657 0.0107989
1.03984755739 1.50029 0.00972028
1.04612697494 1.50479 0.0104239
1.05240343681 1.50886 0.00990908
1.05868070465 1.5142 0.00998294
1.06496433307 1.51833 0.0103193
1.07125677744 1.52304 0.0101901
1.0775440488 1.52636 0.0105272
1.08382482019 1.53292 0.0105063
1.09010802394 1.53672 0.00992812
1.09638966596 1.54236 0.0100571
1.10268113206 1.54666 0.0106074
1.10896304759 1.55161 0.0106595
1.11522542846 1.55709 0.0103268
1.12150212761 1.56187 0.0111126
1.12779257382 1.56538 0.00966497
1.13408955267 1.57141 0.0106335
1.14036404965 1.57607 0.0106072
1.14663918032 1.58111 0.0103979
1.15294241299 1.5864 0.0095341
1.15922890675 1.5909 0.0103825
1.16550872189 1.5953 0.0101902
1.17179307626 1.60122 0.00980875
1.17808743637 1.60673 0.0102037
1.18436765425 1.61142 0.00962921
1.1906346423 1.61708 0.0103802
1.19691220883 1.62151 0.0101545
1.20320157735 1.62743 0.00995025
1.20948684444 1.63316 0.0106411
1.21576390207 1.63826 0.0105194
1.22204975517 1.64331 0.0098689
1.22834061662 1.64975 0.00975028
1.23463298658 1.65456 0.0109092
1.24090224718 1.65984 0.010445
1.24717483914 1.6664 0.0103263
1.25346545993 1.67104 0.0104036
1.25974995189 1.6763 0.00953701
1.26603214313 1.68216 0.0094765
1.27231628847 1.68767 0.00925335
1.27860415506 1.69245 0.0102837
1.28488658893 1.69922 0.0107003
1.29117542007 1.70394 0.00926388
1.29746572637 1.71032 0.00923737
1.30374182701 1.71623 0.0100011
1.31001732292 1.72203 0.011199
1.31630144766 1.72706 0.0105162
1.32258676036 1.73329 0.00988555
1.32886549245 1.73974 0.00946994
1.33514480495 1.74519 0.00977056
1.34144051627 1.75034 0.00937661
1.34773086842 1.75708 0.0103004
1.35400158999 1.76252 0.0105886
1.3602826093 1.76839 0.00942184
1.36656568646 1.77475 0.011075
1.37285149848 1.77986 0.00990558
1.37913537293 1.78609 0.0099191
1.38540956715 1.79254 0.00939506
1.39169864122 1.79754 0.0103082
1.39798445144 1.80415 0.00972519
1.40426788341 1.80993 0.0100649
1.41055477948 1.81633 0.00964447
1.41683783355 1.82239 0.0103496
1.42311817719 1.82769 0.00968621
1.42939780116 1.83433 0.0100841
1.43568692182 1.83978 0.0106311
1.44197712177 1.8471 0.0101432
1.44825366785 1.85189 0.00957062
1.45453234897 1.85832 0.00951489
1.46081931915 1.86354 0.0111272
1.4671103644 1.86983 0.0104306
1.47339290895 1.87544 0.0105165
1.47966996524 1.88209 0.00987984
1.4859561446 1.88733 0.0105505
1.49223361076 1.8938 0.010049
1.49850247038 1.89933 0.0093468
1.50478575205 1.90545 0.0101555
1.51107599189 1.9103 0.0100076
1.51736163499 1.91621 0.00941277
1.52364857097 1.92224 0.0101001
1.52993803572 1.92731 0.010011
1.53623017691 1.93337 0.0103061
1.54251071878 1.93859 0.0106246
1.54878396308 1.94429 0.00904692
1.55507306978 1.94989 0.0097287
1.56135732493 1.95494 0.0101673
1.56762912105 1.96052 0.0102952
1.5739136974 1.96593 0.00952632
1.58020354523 1.97189 0.0104191
1.58648539343 1.97591 0.010538
1.59276001426 1.98092 0.00965965
1.59904643639 1.98616 0.00972847
1.60534213664 1.99164 0.010094
1.61161976836 1.99714 0.0103944
1.61789716835 2.00333 0.0100582
1.62418270854 2.00955 0.00974413
1.63046407995 2.01612 0.0102681
1.63674824683 2.02174 0.0106172
1.64303013827 2.02806 0.0103573
1.64930808063 2.03528 0.00986356
1.65559224863 2.0418 0.0104961
1.66187827598 2.04705 0.0108078
1.66816823994 2.05454 0.0101715
1.6744495611 2.05946 0.0110456
1.68072138563 2.06639 0.0116608
1.68701215424 2.0723 0.0102913
1.6933074808 2.07951 0.0106339
1.69958064303 2.08622 0.0104307
1.70586179344 2.09101 0.0109556
1.71215172419 2.09873 0.0106357
1.71843538617 2.10465 0.0109092
1.72471844694 2.11055 0.010945
1.73099491844 2.11685 0.0113083
1.73728636032 2.12446 0.0108857
1.74356630258 2.12964 0.0119715
1.74983600778 2.13675 0.0107555
1.75612327869 2.14363 0.0094997
1.76241061606 2.14949 0.0112181
1.76869357896 2.15555 0.0107641
1.77497674839 2.16378 0.010951
1.78126362161 2.16837 0.0108912
1.78754574761 2.17489 0.011039
1.7938272923 2.18149 0.0113215
1.80010772174 2.18754 0.0123081
1.80639091391 2.19543 0.0117551
1.81267451427 2.20101 0.0118234
1.81895363524 2.20648 0.0117183
1.82523850291 2.21391 0.0121006
1.8315236862 2.22118 0.0118591
1.83781040898 2.22804 0.0110551
1.84409642612 2.2335 0.0111678
1.8503769215 2.23968 0.0119834
1.85666074594 2.2485 0.0118711
1.86294359809 2.25345 0.0118323
1.86922204917 2.26028 0.0120288
1.87550781357 2.26541 0.0125935
1.88179499507 2.27344 0.0118219
1.88807781314 2.27934 0.0118125
1.89435244502 2.28515 0.0116203
1.90063796885 2.29406 0.012849
1.90692833723 2.29996 0.0113399
1.91320221586 2.30569 0.0118128
1.91948223445 2.31242 0.0125075
1.92577010575 2.31981 0.0114137
1.93206491035 2.32611 0.0126309
1.93834071151 2.33186 0.012756
1.94460828613 2.33814 0.0129245
1.9508968614 2.34586 0.012827
1.95718811973 2.35154 0.012544
1.96347509207 2.35786 0.0114263
1.9697553281 2.3646 0.0128161
1.9760413775 2.37146 0.0128749
1.98233260336 2.37715 0.0134447
1.98861171931 2.3843 0.0128832
1.99488792869 2.38905 0.0123243
2.00117304134 2.39566 0.0127324
2.00745262249 2.404 0.0109771
2.01372721862 2.40923 0.0129876
2.02001108039 2.41651 0.0125458
2.02630405283 2.42283 0.01324
2.03258735828 2.4292 0.0141731
2.03886100377 2.43416 0.0133227
2.04514489951 2.44022 0.0136667
2.05143683626 2.44708 0.0142215
2.05772382203 2.45397 0.0119002
2.0640044634 2.46074 0.0134388
2.07029278421 2.46607 0.0133752
2.07658471853 2.4731 0.0138095
2.08285424307 2.47946 0.0144233
2.08912259138 2.48425 0.0138753
2.09541730178 2.49116 0.0150616
2.10170304464 2.49673 0.0151878
2.10797273337 2.50207 0.0139381
2.11425579676 2.50947 0.0150477
2.12053788985 2.5152 0.0142489
2.12682075079 2.52107 0.0148198
2.13310670204 2.52456 0.0157868
2.13940011923 2.53102 0.015731
2.14568939859 2.53904 0.0147827
2.15195789682 2.54347 0.0154966
2.15824033347 2.54917 0.0153319
2.16453048092 2.55346 0.0152727
2.17081716829 2.56176 0.0153984
2.17709912993 2.5643 0.0156734
2.18337674027 2.57162 0.0154402
2.18965452646 2.57595 0.0156844
2.19593814184 2.58262 0.0151772
2.20221722867 2.58587 0.0159747
2.20849850085 2.59273 0.0160232
2.21479372465 2.59842 0.0153574
2.22107581834 2.60431 0.0164575
2.22733812199 2.612 0.0157198
2.23362792264 2.61612 0.0167683
2.2399287897 2.6222 0.0179295
2.24620084223 2.62843 0.0174731
2.2524810722 2.63533 0.0186754
2.25875993301 2.64281 0.0174686
2.26503776668 2.65037 0.0175112
2.27130391144 2.65322 0.0180773
2.27758972822 2.66157 0.0186799
2.28389830542 2.67128 0.01852
2.29017001225 2.67957 0.0195064
2.29645357402 2.68305 0.0177087
2.30275372852 2.6928 0.019407
2.30903325986 2.69635 0.021074
2.31530674049 2.70308 0.0197062
2.32158490306 2.71117 0.0191345
2.3278758488 2.71484 0.019702
2.33415543799 2.72533 0.0219413
2.34041936871 2.73077 0.0201571
2.34670710068 2.73525 0.0215564
2.3530032916 2.74505 0.0236984
2.35928989445 2.74949 0.0207107
2.36555387699 2.75726 0.0225294
2.37182578571 2.7593 0.0209787
2.3781409032 2.76807 0.0232801
2.38442809259 2.77454 0.0229198
2.39069258243 2.78183 0.0234275
2.39698813839 2.78768 0.0256869
2.40330354843 2.79232 0.0269886
2.40957307365 2.80133 0.024518
2.41583080138 2.80803 0.0266827
2.42214385676 2.81218 0.0258659
2.42843005755 2.81812 0.0254754
2.43467776878 2.82716 0.0250845
2.44097021258 2.82854 0.0266613
2.44729898127 2.84088 0.0270506
2.45356911846 2.84053 0.0272275
2.45980003814 2.84984 0.0302147
2.4661092349 2.85439 0.0324224
2.47241430729 2.8596 0.0290962
2.47866355169 2.86681 0.029395
2.48493431628 2.8715 0.0286623
2.49124283111 2.8788 0.0319891
2.49755537626 2.88683 0.0348408
2.50380379021 2.89225 0.0324432
2.51005045336 2.89763 0.0360881
2.51638815336 2.9007 0.033784
2.52269694929 2.90654 0.0378804
2.52891211798 2.91121 0.0340101
2.53519495098 2.91614 0.0320064
2.54155301509 2.91725 0.0352894
2.54783359884 2.92 0.0387251
2.55402772623 2.93702 0.0372629
2.56033571996 2.93934 0.0392147
2.56672381747 2.93799 0.0454411
2.57294751341 2.94935 0.0388441
2.57911252531 2.9477 0.0442704
2.58547549612 2.95222 0.0413506
2.59185019505 2.96122 0.0478736
2.59805932148 2.95784 0.0440734
2.60429715989 2.96776 0.0436127
2.61067449751 2.9782 0.0488176
2.61693283418 2.98192 0.048517
2.62300854502 2.98084 0.05771
2.62939753095 2.98845 0.0622292
2.63591057571 2.99122 0.0560171
2.64202978624 2.9946 0.056261
2.64803951219 3.00379 0.0623095
2.65454096229 2.99538 0.0652645
2.66118028258 3.00139 0.0733667
2.66719514746 2.99487 0.0765673
2.67309090101 3.00828 0.077633
2.67973176445 3.02017 0.0741458
2.68646693102 3.02392 0.0831265
2.69219835647 3.00153 0.100442
2.69796467721 2.99814 0.0940213
2.70489193937 3.02761 0.103266
2.71182026315 3.00319 0.112858
2.71709790339 3.02434 0.169682
2.7227864466 3.02234 0.116757
2.72994784687 3.00805 0.142125
2.73706528781 3.05579 0.153686
2.74248820391 3.05248 0.261348
2.74787331837 3.06506 0.230874
2.75504313834 3.09006 0.234239
2.76219934437 3.05431 0.285184
2.76789278819 2.99771 0.617592
2.77283198247 3.00825 0.564422
2.77965581172 2.93776 1.29494
2.78599582346 -15.4907 169.972
