0.0088996412247 2.59862 0.107534
0.0150791221651 2.57394 0.0826619
0.0214479018646 2.56739 0.0485097
0.0278366077649 2.56848 0.0418914
0.034350997858 2.55855 0.0360289
0.0404788676143 2.56296 0.0361634
0.0467671668358 2.56243 0.0359638
0.0530822510177 2.55711 0.0292226
0.0594536244094 2.55473 0.0270838
0.0657622481459 2.55497 0.0261339
0.071966329067 2.5533 0.0267231
0.0782786091569 2.55373 0.0247964
0.0847039894583 2.55068 0.0219791
0.0909685462053 2.5542 0.0242389
0.0972078977683 2.55973 0.0229605
0.103476303896 2.55707 0.0220891
0.109757644425 2.55604 0.022214
0.116054308478 2.55254 0.0199254
0.122366966654 2.5429 0.0215135
0.128681726309 2.53366 0.0164758
0.134950080166 2.52549 0.021968
0.141194955884 2.52038 0.0185314
0.147513357575 2.51588 0.0186373
0.153786507425 2.51332 0.0205824
0.160065754405 2.50416 0.019199
0.166399116869 2.49792 0.0206843
0.172719564578 2.48518 0.0172562
0.178976521338 2.47382 0.0171972
0.185235369065 2.46322 0.0191377
0.191480678734 2.44501 0.0176487
0.197788986865 2.43303 0.0176547
0.204093773545 2.41587 0.016242
0.210393930261 2.40695 0.0163027
0.216690970982 2.38953 0.0185725
0.222970028122 2.3748 0.0163043
0.229262002709 2.36428 0.0172055
0.235514150837 2.34262 0.0171246
0.241791058382 2.32712 0.0157128
0.248085653944 2.31065 0.0161967
0.254349225687 2.28916 0.0176102
0.260633425188 2.2734 0.0160521
0.26692573709 2.25406 0.0159793
0.273242334314 2.23678 0.0146017
0.279552968008 2.21831 0.0152029
0.285836629231 2.19899 0.0164205
0.292087627139 2.1837 0.0162981
0.298344984444 2.16536 0.0136919
0.304638263941 2.1428 0.0166841
0.3109279127 2.12473 0.0162059
0.317216817162 2.10362 0.0150052
0.323518756794 2.08557 0.0149633
0.329816821755 2.06659 0.015554
0.336117642946 2.04581 0.0151747
0.342370037571 2.0303 0.016126
0.348647819267 2.00567 0.016825
0.354941161441 1.9896 0.0149287
0.361191693542 1.97163 0.0152349
0.367476708956 1.95238 0.0137872
0.373764779528 1.93535 0.0143228
0.380065403148 1.91333 0.0153215
0.386353986126 1.89714 0.0154322
0.392614018136 1.87615 0.015782
0.398926450032 1.8628 0.0150276
0.405207324458 1.84345 0.0130563
0.411491647757 1.82694 0.0148131
0.417781427212 1.80802 0.0150109
0.424040064873 1.79131 0.0141703
0.430342569027 1.77519 0.0171816
0.436635856026 1.75917 0.0182241
0.442899618322 1.74347 0.0157688
0.449163441853 1.72858 0.0157711
0.455441414625 1.71003 0.0159591
0.46176344703 1.6952 0.0131841
0.468064424202 1.67875 0.0145441
0.474348524276 1.66514 0.0149991
0.480635613682 1.65128 0.0152107
0.486901925839 1.63641 0.0148439
0.49316970996 1.61902 0.0150776
0.499450674714 1.60489 0.0142549
0.505715905134 1.59132 0.0158523
0.511992399627 1.57986 0.0153396
0.518312609777 1.56484 0.0150507
0.524608963803 1.5502 0.0164799
0.530875730848 1.5386 0.0173726
0.537157352795 1.52556 0.0140757
0.543457956378 1.51275 0.0154801
0.549743065239 1.4985 0.0169338
0.55599374275 1.48684 0.0145177
0.562285467661 1.47545 0.0145944
0.568601153723 1.46063 0.0151043
0.574880458942 1.44993 0.0161586
0.581155021034 1.43739 0.0147061
0.587439449666 1.42741 0.0161635
0.59371762203 1.41326 0.0150762
0.599997195479 1.40416 0.0142551
0.606267911512 1.3931 0.0155187
0.612546957644 1.3804 0.0141001
0.618847773304 1.36816 0.016393
0.625131056744 1.36 0.0153491
0.631402745038 1.35021 0.0170133
0.637700356273 1.33856 0.0165853
0.643985778331 1.32727 0.0144792
0.650268541717 1.31894 0.0170187
0.65655861177 1.30795 0.0160471
0.662836928236 1.29865 0.0157393
0.669118544496 1.28688 0.0140371
0.675407019858 1.27891 0.0139828
0.681683551459 1.26841 0.014805
0.687959253386 1.25729 0.0153117
0.694234431704 1.24726 0.0152505
0.700517540243 1.23994 0.0163769
0.706812495661 1.22904 0.0155865
0.713101900967 1.21778 0.0165388
0.719391825117 1.20933 0.0180595
0.72568338076 1.19883 0.0170144
0.731965268271 1.19211 0.0159251
0.738250799048 1.18325 0.0173287
0.744526584212 1.17199 0.0162129
0.750787110194 1.1645 0.016223
0.757075846532 1.15579 0.018084
0.76336412336 1.14832 0.017513
0.769646295986 1.13992 0.0168317
0.775939486518 1.13232 0.0181893
0.782232914199 1.12088 0.0186667
0.788531493652 1.11202 0.0149351
0.794789656698 1.10367 0.0170917
0.801049109659 1.09691 0.0173906
0.807336406173 1.23654 0.0154949
0.813622948837 1.07961 0.0166586
0.819915299896 1.06959 0.019548
0.826195263639 1.06492 0.0183825
0.832489707008 1.05535 0.0201036
0.838795930921 1.05119 0.017644
0.84506346397 1.04159 0.0209073
0.851328286756 1.03291 0.0170624
0.85761982639 1.02714 0.0167844
0.863905847706 1.01732 0.0184096
0.870183874549 1.01069 0.017262
0.876464109608 1.0037 0.0193493
0.88275038734 0.998631 0.0185151
0.889033276839 0.99321 0.0184959
0.895308424711 0.984722 0.0164765
0.901595652167 0.97739 0.0184252
0.907883332809 0.97259 0.018578
0.914174410632 0.964939 0.0185574
0.920463081772 0.956095 0.0181816
0.926743441526 0.955138 0.0170016
0.933032419735 0.948094 0.0193158
0.939326578557 0.941446 0.0199481
0.94559748104 0.936509 0.0196444
0.951866001855 0.931622 0.0194973
0.958141325553 0.925687 0.018819
0.964435094511 0.92392 0.0187772
0.970735563357 0.917149 0.0195706
0.977008076845 0.911227 0.0197485
0.983282332536 0.906444 0.0185675
0.989556969197 0.903921 0.0206006
0.995845630192 0.899717 0.018984
1.00213621074 0.89652 0.0181153
1.00840482534 0.896139 0.0202726
1.01469414984 0.89459 0.0207921
1.02099255544 0.893936 0.019245
1.02727398044 0.89032 0.0222906
1.0335591819 0.888345 0.0189947
1.03984755739 0.889249 0.0187218
1.04612697494 0.887649 0.0218488
1.05240343681 0.887223 0.02151
1.05868070465 0.885432 0.0225023
1.06496433307 0.883287 0.0207155
1.07125677744 0.883896 0.0200095
1.0775440488 0.886581 0.0192731
1.08382482019 0.885456 0.0196138
1.09010802394 0.891551 0.0217976
1.09638966596 0.893835 0.0205041
1.10268113206 0.893776 0.0203503
1.10896304759 0.896971 0.0197434
1.11522542846 0.901001 0.0213734
1.12150212761 0.90352 0.0201958
1.12779257382 0.907062 0.0203137
1.13408955267 0.915073 0.021277
1.14036404965 0.924177 0.0190167
1.14663918032 0.923346 0.0207768
1.15294241299 0.929818 0.0191768
1.15922890675 0.936829 0.0196103
1.16550872189 0.943626 0.0178472
1.17179307626 0.950429 0.0189567
1.17808743637 0.960113 0.017337
1.18436765425 0.964218 0.0211973
1.1906346423 0.976158 0.0195064
1.19691220883 0.98555 0.0169924
1.20320157735 0.996287 0.0192087
1.20948684444 1.00594 0.0183744
1.21576390207 1.016 0.0167019
1.22204975517 1.02687 0.018555
1.22834061662 1.03644 0.0164973
1.23463298658 1.04876 0.0183386
1.24090224718 1.06022 0.0172752
1.24717483914 1.07482 0.0184691
1.25346545993 1.09078 0.017244
1.25974995189 1.10042 0.0181157
1.26603214313 1.11543 0.0175386
1.27231628847 1.12734 0.0157475
1.27860415506 1.14291 0.0164897
1.28488658893 1.16198 0.0169581
1.29117542007 1.17482 0.0139904
1.29746572637 1.19363 0.0148734
1.30374182701 1.20806 0.0179377
1.31001732292 1.22594 0.017128
1.31630144766 1.24108 0.0172083
1.32258676036 1.26027 0.0153027
1.32886549245 1.28 0.0144705
1.33514480495 1.29997 0.0166981
1.34144051627 1.31643 0.0149739
1.34773086842 1.33861 0.0143346
1.35400158999 1.3576 0.0143572
1.3602826093 1.37932 0.0127864
1.36656568646 1.39692 0.0145869
1.37285149848 1.42039 0.0135206
1.37913537293 1.44072 0.0133186
1.38540956715 1.46137 0.0134784
1.39169864122 1.48453 0.0143163
1.39798445144 1.50571 0.0126597
1.40426788341 1.52853 0.0116726
1.41055477948 1.55255 0.0131485
1.41683783355 1.57529 0.0120363
1.42311817719 1.60063 0.0129176
1.42939780116 1.62146 0.0123625
1.43568692182 1.651 0.0131286
1.44197712177 1.67224 0.0135354
1.44825366785 1.69784 0.0117646
1.45453234897 1.72357 0.0112667
1.46081931915 1.7504 0.0121252
1.4671103644 1.7758 0.0125141
1.47339290895 1.80116 0.0131821
1.47966996524 1.83077 0.0115445
1.4859561446 1.85466 0.0120521
1.49223361076 1.88279 0.013476
1.49850247038 1.91061 0.0112455
1.50478575205 1.93439 0.0123125
1.51107599189 1.96343 0.0120013
1.51736163499 1.99416 0.0108524
1.52364857097 2.02197 0.0115474
1.52993803572 2.04968 0.0125342
1.53623017691 2.07961 0.0119831
1.54251071878 2.10893 0.00968013
1.54878396308 2.1371 0.0116293
1.55507306978 2.16701 0.0121615
1.56135732493 2.19706 0.0113273
1.56762912105 2.22567 0.0127968
1.5739136974 2.25567 0.0112007
1.58020354523 2.28384 0.0109513
1.58648539343 2.31688 0.0110633
1.59276001426 2.34631 0.0123752
1.59904643639 2.37743 0.011231
1.60534213664 2.40718 0.0106768
1.61161976836 2.43298 0.0104136
1.61789716835 2.44347 0.0107948
1.62418270854 2.456 0.010452
1.63046407995 2.47143 0.0109548
1.63674824683 2.48482 0.0106801
1.64303013827 2.50047 0.0107778
1.64930808063 2.51443 0.0105674
1.65559224863 2.52882 0.0103606
1.66187827598 2.54567 0.0115352
1.66816823994 2.56005 0.011211
1.6744495611 2.57457 0.010335
1.68072138563 2.59036 0.0123222
1.68701215424 2.60672 0.0118223
1.6933074808 2.62161 0.0119799
1.69958064303 2.63798 0.0121909
1.70586179344 2.65396 0.0119504
1.71215172419 2.67157 0.0116094
1.71843538617 2.68697 0.0124601
1.72471844694 2.70328 0.0107333
1.73099491844 2.72041 0.0111818
1.73728636032 2.73745 0.0131937
1.74356630258 2.75503 0.0122486
1.74983600778 2.77253 0.0116916
1.75612327869 2.79035 0.0117786
1.76241061606 2.80866 0.0125102
1.76869357896 2.82761 0.0114226
1.77497674839 2.84601 0.010821
1.78126362161 2.86401 0.0125501
1.78754574761 2.8829 0.0117992
1.7938272923 2.90184 0.0118399
1.80010772174 2.92289 0.0104674
1.80639091391 2.94097 0.0129742
1.81267451427 2.96024 0.011542
1.81895363524 2.98027 0.0124024
1.82523850291 3.00218 0.0129799
1.8315236862 3.01983 0.0124714
1.83781040898 3.04117 0.0127193
1.84409642612 3.06155 0.0115827
1.8503769215 3.08347 0.014771
1.85666074594 3.10445 0.0119221
1.86294359809 3.12504 0.0139274
1.86922204917 3.14763 0.0119654
1.87550781357 3.16825 0.0135154
1.88179499507 3.18944 0.012808
1.88807781314 3.21266 0.01242
1.89435244502 3.23373 0.012992
1.90063796885 3.25619 0.0132537
1.90692833723 3.279 0.0131139
1.91320221586 3.30232 0.0136293
1.91948223445 3.32796 0.0136567
1.92577010575 3.34834 0.0135824
1.93206491035 3.37393 0.0138679
1.93834071151 3.39468 0.012675
1.94460828613 3.41852 0.0132499
1.9508968614 3.44238 0.0141013
1.95718811973 3.46789 0.0144744
1.96347509207 3.49265 0.0134434
1.9697553281 3.51654 0.0150523
1.9760413775 3.54134 0.0151886
1.98233260336 3.56802 0.0135891
1.98861171931 3.59382 0.0136563
1.99488792869 3.61532 0.0151622
2.00117304134 3.64235 0.0162665
2.00745262249 3.66801 0.0154431
2.01372721862 3.69175 0.0159448
2.02001108039 3.71856 0.0162289
2.02630405283 3.74397 0.016105
2.03258735828 3.77184 0.0175427
2.03886100377 3.796 0.0152887
2.04514489951 3.82094 0.0166439
2.05143683626 3.84986 0.0157698
2.05772382203 3.8764 0.0154564
2.0640044634 3.90155 0.0165389
2.07029278421 3.92708 0.0162961
2.07658471853 3.95189 0.0158392
2.08285424307 3.98164 0.0181425
2.08912259138 4.00497 0.0166432
2.09541730178 4.03303 0.0183134
2.10170304464 4.05911 0.016241
2.10797273337 4.08358 0.0173751
2.11425579676 4.11179 0.0184586
2.12053788985 4.13416 0.019201
2.12682075079 4.16291 0.0171721
2.13310670204 4.18832 0.0185837
2.13940011923 4.21651 0.0169272
2.14568939859 4.24174 0.0172113
2.15195789682 4.26439 0.0178935
2.15824033347 4.29311 0.0183648
2.16453048092 4.31457 0.0177566
2.17081716829 4.34192 0.0172466
2.17709912993 4.3648 0.0175631
2.18337674027 4.38641 0.0190302
2.18965452646 4.41491 0.0183414
2.19593814184 4.43434 0.0211233
2.20221722867 4.46524 0.0197287
2.20849850085 4.47958 0.0190091
2.21479372465 4.50841 0.0202898
2.22107581834 4.52947 0.0201894
2.22733812199 4.5472 0.0204202
2.23362792264 4.57197 0.0206285
2.2399287897 4.58885 0.0198709
2.24620084223 4.61461 0.020994
2.2524810722 4.62895 0.0207855
2.25875993301 4.64718 0.0208723
2.26503776668 4.66286 0.0194406
2.27130391144 4.67902 0.0183141
2.27758972822 4.69293 0.020894
2.28389830542 4.71179 0.0223116
2.29017001225 4.73007 0.0243224
2.29645357402 4.74962 0.0237881
2.30275372852 4.77068 0.0240871
2.30903325986 4.79244 0.0217265
2.31530674049 4.81305 0.025478
2.32158490306 4.83678 0.0234146
2.3278758488 4.85436 0.0240571
2.33415543799 4.87747 0.0247778
2.34041936871 4.89888 0.0258087
2.34670710068 4.92156 0.0246636
2.3530032916 4.9444 0.0272069
2.35928989445 4.97152 0.0265281
2.36555387699 4.99393 0.0285877
2.37182578571 5.01554 0.0271044
2.3781409032 5.03987 0.0253608
2.38442809259 5.06441 0.0267442
2.39069258243 5.0854 0.0292622
2.39698813839 5.11012 0.0304246
2.40330354843 5.13786 0.031459
2.40957307365 5.16564 0.0284252
2.41583080138 5.18734 0.031956
2.42214385676 5.21429 0.0291753
2.42843005755 5.23679 0.0293154
2.43467776878 5.26127 0.0291871
2.44097021258 5.28681 0.0357433
2.44729898127 5.31561 0.0323576
2.45356911846 5.33899 0.036423
2.45980003814 5.36665 0.0334143
2.4661092349 5.38913 0.0314129
2.47241430729 5.41772 0.0365519
2.47866355169 5.44456 0.03163
2.48493431628 5.46989 0.0342606
2.49124283111 5.49417 0.0391762
2.49755537626 5.51972 0.0341761
2.50380379021 5.54396 0.0415762
2.51005045336 5.57213 0.0390284
2.51638815336 5.60485 0.0417234
2.52269694929 5.62042 0.0421116
2.52891211798 5.64672 0.039156
2.53519495098 5.6794 0.0444719
2.54155301509 5.69742 0.0448055
2.54783359884 5.73182 0.0485723
2.55402772623 5.75575 0.0483751
2.56033571996 5.7817 0.0443439
2.56672381747 5.80375 0.0472336
2.57294751341 5.83225 0.0531641
2.57911252531 5.85614 0.0522396
2.58547549612 5.88145 0.0471924
2.59185019505 5.90591 0.0575283
2.59805932148 5.93108 0.053105
2.60429715989 5.94794 0.0558212
2.61067449751 5.985 0.0548092
2.61693283418 6.00761 0.0666368
2.62300854502 6.0264 0.0662915
2.62939753095 6.04463 0.0577115
2.63591057571 6.06481 0.0592226
2.64202978624 6.09548 0.0648537
2.64803951219 6.10909 0.0635873
2.65454096229 6.14212 0.0738405
2.66118028258 6.16388 0.072988
2.66719514746 6.18321 0.0776351
2.67309090101 6.20467 0.0744446
2.67973176445 6.22455 0.0791723
2.68646693102 6.2639 0.0865267
2.69219835647 6.25479 0.101286
2.69796467721 6.27424 0.0946887
2.70489193937 6.31653 0.109641
2.71182026315 6.35058 0.116101
2.71709790339 6.34477 0.145541
2.7227864466 6.35538 0.145292
2.72994784687 6.37497 0.143181
2.73706528781 6.3909 0.183968
2.74248820391 6.4018 0.265442
2.74787331837 6.43444 0.245216
2.75504313834 6.4457 0.271459
2.76219934437 6.47149 0.359461
2.76789278819 6.43984 0.639571
2.77283198247 6.47449 0.603844
2.77965581172 6.53403 1.3352
2.78599582346 nan nan
