0.0088996412247 3.50203 0.158471
0.0150791221651 3.45217 0.108386
0.0214479018646 3.41202 0.0635273
0.0278366077649 3.40279 0.0547234
0.034350997858 3.37246 0.0485859
0.0404788676143 3.34434 0.0483547
0.0467671668358 3.32304 0.0431149
0.0530822510177 3.28425 0.0410541
0.0594536244094 3.24276 0.0326406
0.0657622481459 3.20534 0.0323496
0.071966329067 3.1629 0.03096
0.0782786091569 3.11916 0.0297235
0.0847039894583 3.07095 0.0259492
0.0909685462053 3.03801 0.0297488
0.0972078977683 3.0007 0.0305612
0.103476303896 2.95503 0.0268378
0.109757644425 2.90633 0.0259919
0.116054308478 2.84774 0.0241566
0.122366966654 2.78828 0.0245076
0.128681726309 2.73157 0.0218984
0.134950080166 2.67455 0.0232617
0.141194955884 2.62757 0.0210747
0.147513357575 2.58443 0.0218187
0.153786507425 2.54436 0.0193187
0.160065754405 2.49492 0.0214026
0.166399116869 2.45197 0.0210219
0.172719564578 2.4021 0.0176784
0.178976521338 2.35768 0.0167409
0.185235369065 2.31329 0.0215637
0.191480678734 2.26991 0.0198786
0.197788986865 2.23293 0.0182253
0.204093773545 2.19087 0.0178768
0.210393930261 2.16297 0.0171534
0.216690970982 2.13063 0.0183536
0.222970028122 2.10011 0.0167214
0.229262002709 2.07398 0.0174675
0.235514150837 2.04287 0.018018
0.241791058382 2.01796 0.0161616
0.248085653944 1.99511 0.0184458
0.254349225687 1.96868 0.0176699
0.260633425188 1.94882 0.0170764
0.26692573709 1.92768 0.0163938
0.273242334314 1.9084 0.015954
0.279552968008 1.89397 0.0164158
0.285836629231 1.87573 0.0150958
0.292087627139 1.86649 0.0174995
0.298344984444 1.85093 0.0155933
0.304638263941 1.83155 0.0172251
0.3109279127 1.8195 0.0140743
0.317216817162 1.80649 0.0169946
0.323518756794 1.79563 0.0165002
0.329816821755 1.78666 0.014823
0.336117642946 1.77282 0.0157168
0.342370037571 1.76587 0.0154785
0.348647819267 1.7502 0.0177043
0.354941161441 1.74036 0.0158494
0.361191693542 1.73228 0.0163979
0.367476708956 1.72192 0.0143673
0.373764779528 1.71059 0.0153604
0.380065403148 1.69996 0.0151402
0.386353986126 1.69311 0.0154037
0.392614018136 1.67958 0.0157996
0.398926450032 1.67792 0.0164339
0.405207324458 1.72831 0.0141646
0.411491647757 1.65467 0.0151087
0.417781427212 1.64077 0.0161538
0.424040064873 1.63171 0.015494
0.430342569027 1.62395 0.0178973
0.436635856026 1.6137 0.0175939
0.442899618322 1.60295 0.0148789
0.449163441853 1.59337 0.0168859
0.455441414625 1.58082 0.0152198
0.46176344703 1.57214 0.0144293
0.468064424202 1.56218 0.0153315
0.474348524276 1.55284 0.0148269
0.480635613682 1.54084 0.0161919
0.486901925839 1.53222 0.0158073
0.49316970996 1.51841 0.0165358
0.499450674714 1.51056 0.0151257
0.505715905134 1.49752 0.0154188
0.511992399627 1.49094 0.0158772
0.518312609777 1.47939 0.0139965
0.524608963803 1.46779 0.0169444
0.530875730848 1.45904 0.0145849
0.537157352795 1.45021 0.0146768
0.543457956378 1.43811 0.0135767
0.549743065239 1.42687 0.0147601
0.55599374275 1.41818 0.0168769
0.562285467661 1.40781 0.0168684
0.568601153723 1.39671 0.0151716
0.574880458942 1.38495 0.016829
0.581155021034 1.37353 0.0162229
0.587439449666 1.36465 0.0141124
0.59371762203 1.35319 0.0163858
0.599997195479 1.34375 0.0141724
0.606267911512 1.33178 0.0154197
0.612546957644 1.3226 0.0155306
0.618847773304 1.31053 0.0172762
0.625131056744 1.30163 0.0160475
0.631402745038 1.29231 0.0167875
0.637700356273 1.28114 0.0168362
0.643985778331 1.27264 0.0169246
0.650268541717 1.2634 0.0174533
0.65655861177 1.25327 0.0154967
0.662836928236 1.24185 0.016348
0.669118544496 1.23303 0.0142477
0.675407019858 1.22445 0.0154482
0.681683551459 1.21567 0.0160027
0.687959253386 1.20406 0.0174627
0.694234431704 1.19312 0.0163735
0.700517540243 1.18663 0.019036
0.706812495661 1.1763 0.0153254
0.713101900967 1.16405 0.0171094
0.719391825117 1.15316 0.018232
0.72568338076 1.14462 0.0177147
0.731965268271 1.13599 0.0159983
0.738250799048 1.12692 0.0168356
0.744526584212 1.11492 0.0176348
0.750787110194 1.11033 0.0191747
0.757075846532 1.09969 0.0186914
0.76336412336 1.09362 0.0190092
0.769646295986 1.08356 0.0167701
0.775939486518 1.07589 0.0183232
0.782232914199 1.06805 0.018518
0.788531493652 1.0561 0.0163522
0.794789656698 1.04587 0.0167217
0.801049109659 1.04138 0.0191624
0.807336406173 1.03468 0.0193175
0.813622948837 1.02535 0.018475
0.819915299896 1.01646 0.0201849
0.826195263639 1.01036 0.0195905
0.832489707008 1.0019 0.020536
0.838795930921 0.994469 0.0168865
0.84506346397 0.984967 0.0193107
0.851328286756 0.975701 0.0186136
0.85761982639 0.970955 0.0190293
0.863905847706 0.962408 0.0193307
0.870183874549 0.955381 0.0202264
0.876464109608 0.947868 0.0195253
0.88275038734 0.94467 0.0180788
0.889033276839 0.935474 0.0183641
0.895308424711 0.928815 0.019027
0.901595652167 0.920835 0.0202861
0.907883332809 0.914408 0.0203573
0.914174410632 0.910309 0.0186982
0.920463081772 0.902371 0.0196042
0.926743441526 0.900314 0.0190904
0.933032419735 0.891227 0.0184045
0.939326578557 0.886774 0.0209267
0.94559748104 0.884289 0.0199883
0.951866001855 0.875899 0.0226665
0.958141325553 0.87212 0.0184666
0.964435094511 0.873507 0.0202082
0.970735563357 0.863466 0.0211076
0.977008076845 0.859107 0.0222216
0.983282332536 0.856977 0.0210443
0.989556969197 0.854391 0.0220183
0.995845630192 0.851625 0.0188171
1.00213621074 0.848724 0.0199302
1.00840482534 0.848135 0.0211452
1.01469414984 0.84219 0.0230935
1.02099255544 0.844406 0.0208721
1.02727398044 0.842172 0.0237684
1.0335591819 0.841302 0.0205366
1.03984755739 0.842029 0.0209452
1.04612697494 0.841734 0.0225183
1.05240343681 0.841039 0.0204586
1.05868070465 0.841363 0.0233323
1.06496433307 0.841227 0.021368
1.07125677744 0.840143 0.0227952
1.0775440488 0.84491 0.0205851
1.08382482019 0.844501 0.0189625
1.09010802394 0.851719 0.0212366
1.09638966596 0.851188 0.0211815
1.10268113206 0.854612 0.0199574
1.10896304759 0.856312 0.0203596
1.11522542846 0.862928 0.0214807
1.12150212761 0.86553 0.0215743
1.12779257382 0.873459 0.0189469
1.13408955267 0.880864 0.0195148
1.14036404965 0.886871 0.0206578
1.14663918032 0.889118 0.0215435
1.15294241299 0.896864 0.0189957
1.15922890675 0.90352 0.0218258
1.16550872189 0.912758 0.0188878
1.17179307626 0.921203 0.0196908
1.17808743637 0.930832 0.0189561
1.18436765425 0.937147 0.0206189
1.1906346423 0.947527 0.0196205
1.19691220883 0.957315 0.01891
1.20320157735 0.968332 0.0208111
1.20948684444 0.979568 0.0204537
1.21576390207 0.990635 0.0161125
1.22204975517 1.00176 0.0167119
1.22834061662 1.01307 0.0174803
1.23463298658 1.02549 0.0166128
1.24090224718 1.03663 0.0153743
1.24717483914 1.05105 0.0186438
1.25346545993 1.06919 0.017487
1.25974995189 1.08135 0.0179996
1.26603214313 1.09635 0.0165317
1.27231628847 1.1085 0.0155292
1.27860415506 1.12542 0.0176785
1.28488658893 1.14279 0.0175716
1.29117542007 1.15681 0.015517
1.29746572637 1.17577 0.0169182
1.30374182701 1.19122 0.0166288
1.31001732292 1.20919 0.0167754
1.31630144766 1.22525 0.0164733
1.32258676036 1.24347 0.0154291
1.32886549245 1.26593 0.0153711
1.33514480495 1.28634 0.0162424
1.34144051627 1.30302 0.0149981
1.34773086842 1.32375 0.0154994
1.35400158999 1.34522 0.0148187
1.3602826093 1.36616 0.0155548
1.36656568646 1.38572 0.0150207
1.37285149848 1.40747 0.0145924
1.37913537293 1.42986 0.0139315
1.38540956715 1.44943 0.015125
1.39169864122 1.47283 0.0151412
1.39798445144 1.49577 0.0128339
1.40426788341 1.51716 0.0135554
1.41055477948 1.54062 0.0138165
1.41683783355 1.56421 0.0127879
1.42311817719 1.59042 0.0125271
1.42939780116 1.61353 0.0125678
1.43568692182 1.64079 0.013016
1.44197712177 1.66223 0.0130616
1.44825366785 1.68899 0.0127542
1.45453234897 1.71471 0.0120616
1.46081931915 1.73965 0.0124133
1.4671103644 1.76678 0.0115539
1.47339290895 1.79156 0.013008
1.47966996524 1.82242 0.0132
1.4859561446 1.84601 0.0132435
1.49223361076 1.87542 0.012799
1.49850247038 1.90158 0.0125843
1.50478575205 1.92701 0.0142627
1.51107599189 1.95557 0.0125501
1.51736163499 1.98561 0.0114349
1.52364857097 2.01462 0.0122053
1.52993803572 2.04227 0.0131159
1.53623017691 2.07138 0.0127945
1.54251071878 2.10166 0.0116095
1.54878396308 2.1294 0.0120104
1.55507306978 2.15901 0.0122266
1.56135732493 2.1908 0.011107
1.56762912105 2.21848 0.0114976
1.5739136974 2.24886 0.0112204
1.58020354523 2.27689 0.0113512
1.58648539343 2.30907 0.0107447
1.59276001426 2.33838 0.0129851
1.59904643639 2.36947 0.0109597
1.60534213664 2.40094 0.0111953
1.61161976836 2.42228 0.0106048
1.61789716835 2.43617 0.0112405
1.62418270854 2.44975 0.0104065
1.63046407995 2.4639 0.0108754
1.63674824683 2.47735 0.012342
1.64303013827 2.49343 0.0110108
1.64930808063 2.50749 0.0120778
1.65559224863 2.52148 0.012586
1.66187827598 2.53785 0.0119481
1.66816823994 2.55171 0.0116326
1.6744495611 2.56735 0.0108751
1.68072138563 2.58222 0.0123262
1.68701215424 2.59827 0.0121552
1.6933074808 2.61239 0.01331
1.69958064303 2.62864 0.0128638
1.70586179344 2.64673 0.0123967
1.71215172419 2.66335 0.0125958
1.71843538617 2.67847 0.0121611
1.72471844694 2.69509 0.011564
1.73099491844 2.71166 0.0117295
1.73728636032 2.72919 0.0119877
1.74356630258 2.74686 0.0130171
1.74983600778 2.76298 0.0130005
1.75612327869 2.78118 0.0122837
1.76241061606 2.80039 0.0127051
1.76869357896 2.8183 0.0117107
1.77497674839 2.83605 0.0131369
1.78126362161 2.85521 0.0125245
1.78754574761 2.87417 0.0124711
1.7938272923 2.89172 0.0130515
1.80010772174 2.91319 0.0117843
1.80639091391 2.93143 0.0143334
1.81267451427 2.95018 0.0124511
1.81895363524 2.97033 0.0140376
1.82523850291 2.99227 0.0132964
1.8315236862 3.0095 0.0133153
1.83781040898 3.03055 0.0130322
1.84409642612 3.05132 0.0133312
1.8503769215 3.0731 0.0147071
1.85666074594 3.09279 0.0123012
1.86294359809 3.11404 0.0144955
1.86922204917 3.13636 0.0137823
1.87550781357 3.15584 0.0139555
1.88179499507 3.17883 0.0133574
1.88807781314 3.20062 0.0136024
1.89435244502 3.22268 0.0139911
1.90063796885 3.24414 0.0138275
1.90692833723 3.26701 0.0140059
1.91320221586 3.28982 0.013923
1.91948223445 3.31507 0.0141332
1.92577010575 3.3354 0.0143786
1.93206491035 3.36157 0.0140337
1.93834071151 3.38282 0.0136386
1.94460828613 3.40653 0.0140291
1.9508968614 3.43047 0.0144369
1.95718811973 3.45502 0.0136626
1.96347509207 3.47964 0.0149328
1.9697553281 3.50345 0.0150239
1.9760413775 3.52737 0.0159713
1.98233260336 3.55398 0.0141855
1.98861171931 3.57949 0.0146547
1.99488792869 3.60159 0.0156985
2.00117304134 3.62732 0.0154691
2.00745262249 3.65432 0.0164562
2.01372721862 3.67774 0.0148911
2.02001108039 3.70426 0.0168126
2.02630405283 3.72989 0.0162429
2.03258735828 3.75691 0.0177882
2.03886100377 3.78144 0.0160801
2.04514489951 3.80661 0.0152456
2.05143683626 3.83417 0.0163878
2.05772382203 3.85962 0.015891
2.0640044634 3.88531 0.0168496
2.07029278421 3.91058 0.0174835
2.07658471853 3.93558 0.0170551
2.08285424307 3.96447 0.0190635
2.08912259138 3.98724 0.0196271
2.09541730178 4.01644 0.0168848
2.10170304464 4.04256 0.0178294
2.10797273337 4.0681 0.0172263
2.11425579676 4.09493 0.0185681
2.12053788985 4.11842 0.0190772
2.12682075079 4.14698 0.0182811
2.13310670204 4.17057 0.0179005
2.13940011923 4.19959 0.0199979
2.14568939859 4.22407 0.0175418
2.15195789682 4.24786 0.0194805
2.15824033347 4.27545 0.0183171
2.16453048092 4.29811 0.0187573
2.17081716829 4.32362 0.0186941
2.17709912993 4.34667 0.0190472
2.18337674027 4.3691 0.0193377
2.18965452646 4.39547 0.0177703
2.19593814184 4.41633 0.0214388
2.20221722867 4.44634 0.0198552
2.20849850085 4.46067 0.0204998
2.21479372465 4.49043 0.0205447
2.22107581834 4.50979 0.0221181
2.22733812199 4.52717 0.0208491
2.23362792264 4.55325 0.0210525
2.2399287897 4.56958 0.0198082
2.24620084223 4.59543 0.0221836
2.2524810722 4.60793 0.0208203
2.25875993301 4.62691 0.0226757
2.26503776668 4.64125 0.0223567
2.27130391144 4.65953 0.0209565
2.27758972822 4.67277 0.0225085
2.28389830542 4.68939 0.0250794
2.29017001225 4.71012 0.0255157
2.29645357402 4.72786 0.0252392
2.30275372852 4.74836 0.0241377
2.30903325986 4.77141 0.023205
2.31530674049 4.79137 0.0259926
2.32158490306 4.81423 0.0238133
2.3278758488 4.83189 0.0254714
2.33415543799 4.85655 0.0259695
2.34041936871 4.87589 0.0277541
2.34670710068 4.89851 0.0256238
2.3530032916 4.92038 0.0278904
2.35928989445 4.94764 0.0258369
2.36555387699 4.97119 0.0296639
2.37182578571 4.99121 0.0297691
2.3781409032 5.01349 0.0293591
2.38442809259 5.03961 0.0304456
2.39069258243 5.06157 0.0291014
2.39698813839 5.08452 0.0276402
2.40330354843 5.11161 0.0337642
2.40957307365 5.13591 0.0277611
2.41583080138 5.16028 0.031644
2.42214385676 5.18701 0.0304766
2.42843005755 5.21157 0.0324329
2.43467776878 5.232 0.0328998
2.44097021258 5.25852 0.0346959
2.44729898127 5.28799 0.0346871
2.45356911846 5.30971 0.0376344
2.45980003814 5.33926 0.0363215
2.4661092349 5.36386 0.0364147
2.47241430729 5.3885 0.0379181
2.47866355169 5.41576 0.0397906
2.48493431628 5.44041 0.0343068
2.49124283111 5.46543 0.0381665
2.49755537626 5.49268 0.0388627
2.50380379021 5.51582 0.0429803
2.51005045336 5.5443 0.0408553
2.51638815336 5.57301 0.0374137
2.52269694929 5.59135 0.0441548
2.52891211798 5.61515 0.0416816
2.53519495098 5.65119 0.0445222
2.54155301509 5.67064 0.0466473
2.54783359884 5.70139 0.0440519
2.55402772623 5.7238 0.0486741
2.56033571996 5.74927 0.0465597
2.56672381747 5.77298 0.0471643
2.57294751341 5.80416 0.055146
2.57911252531 5.82389 0.0511652
2.58547549612 5.8483 0.0512917
2.59185019505 5.86721 0.0532436
2.59805932148 5.89844 0.0595989
2.60429715989 5.91594 0.0578144
2.61067449751 5.94077 0.0537483
2.61693283418 5.97004 0.0630314
2.62300854502 5.9968 0.0651008
2.62939753095 6.009 0.0581266
2.63591057571 6.03776 0.0682246
2.64202978624 6.05593 0.0765791
2.64803951219 6.07664 0.0731045
2.65454096229 6.10315 0.0744023
2.66118028258 6.12463 0.079713
2.66719514746 6.14898 0.0783194
2.67309090101 6.17765 0.0725525
2.67973176445 6.18839 0.0716581
2.68646693102 6.23507 0.0925637
2.69219835647 6.21968 0.108926
2.69796467721 6.22982 0.104346
2.70489193937 6.28795 0.1077
2.71182026315 6.3005 0.114591
2.71709790339 6.29874 0.157292
2.7227864466 6.31883 0.138475
2.72994784687 6.34038 0.151417
2.73706528781 6.36397 0.201378
2.74248820391 6.37449 0.289776
2.74787331837 6.38616 0.229831
2.75504313834 6.40582 0.258189
2.76219934437 6.42529 0.343797
2.76789278819 6.37782 0.653258
2.77283198247 6.36992 0.614674
2.77965581172 6.61344 1.47254
2.78599582346 nan nan
