0.0088996412247 1.73135 0.098221
0.0150791221651 1.72573 0.057358
0.0214479018646 1.72346 0.0353629
0.0278366077649 1.72221 0.0290251
0.034350997858 1.716 0.0242471
0.0404788676143 1.71771 0.0263079
0.0467671668358 1.71478 0.0265374
0.0530822510177 1.7127 0.0222446
0.0594536244094 1.70941 0.0212234
0.0657622481459 1.70883 0.0210766
0.071966329067 1.71414 0.0183371
0.0782786091569 1.71438 0.018692
0.0847039894583 1.71105 0.0183895
0.0909685462053 1.71132 0.0189323
0.0972078977683 1.71386 0.0186392
0.103476303896 1.71209 0.0164119
0.109757644425 1.71385 0.0180432
0.116054308478 1.71421 0.0155597
0.122366966654 1.71657 0.0169428
0.128681726309 1.71238 0.0172686
0.134950080166 1.71047 0.0166796
0.141194955884 1.71087 0.0161551
0.147513357575 1.71231 0.0161154
0.153786507425 1.7125 0.0156436
0.160065754405 1.70857 0.0138795
0.166399116869 1.70855 0.014448
0.172719564578 1.7073 0.0178324
0.178976521338 1.70742 0.016477
0.185235369065 1.70787 0.0165639
0.191480678734 1.70422 0.0163408
0.197788986865 1.70657 0.0149288
0.204093773545 1.70251 0.0156842
0.210393930261 1.70357 0.0154147
0.216690970982 1.70093 0.0167453
0.222970028122 1.69806 0.0157598
0.229262002709 1.69582 0.0167478
0.235514150837 1.69357 0.0140149
0.241791058382 1.69256 0.0130992
0.248085653944 1.68992 0.015023
0.254349225687 1.68636 0.0150146
0.260633425188 1.68511 0.0139472
0.26692573709 1.68393 0.0153578
0.273242334314 1.68226 0.0147555
0.279552968008 1.67594 0.0149625
0.285836629231 1.67703 0.0171861
0.292087627139 1.67593 0.0178424
0.298344984444 1.67456 0.0155067
0.304638263941 1.66553 0.0153921
0.3109279127 1.66697 0.014008
0.317216817162 1.66164 0.0160642
0.323518756794 1.66004 0.0153826
0.329816821755 1.65763 0.0137918
0.336117642946 1.65421 0.0156547
0.342370037571 1.65319 0.0147247
0.348647819267 1.64829 0.015046
0.354941161441 1.64445 0.0133509
0.361191693542 1.64217 0.0136351
0.367476708956 1.64088 0.0143614
0.373764779528 1.63754 0.014612
0.380065403148 1.63025 0.01481
0.386353986126 1.63196 0.0167191
0.392614018136 1.62439 0.0135592
0.398926450032 1.6264 0.0147632
0.405207324458 1.61965 0.0131496
0.411491647757 1.6191 0.013517
0.417781427212 1.61272 0.0144949
0.424040064873 1.60926 0.0141005
0.430342569027 1.60658 0.0149955
0.436635856026 1.60525 0.0146437
0.442899618322 1.60409 0.0153905
0.449163441853 1.60211 0.016424
0.455441414625 1.59804 0.014759
0.46176344703 1.59463 0.0138935
0.468064424202 1.59265 0.0143334
0.474348524276 1.58847 0.0139101
0.480635613682 1.58821 0.0144188
0.486901925839 1.5872 0.0145207
0.49316970996 1.58046 0.0147353
0.499450674714 1.57951 0.0149362
0.505715905134 1.57506 0.0149447
0.511992399627 1.57219 0.0170744
0.518312609777 1.57087 0.0142002
0.524608963803 1.56793 0.015858
0.530875730848 1.56583 0.0151355
0.537157352795 1.56337 0.0133351
0.543457956378 1.56243 0.0152132
0.549743065239 1.55971 0.0130596
0.55599374275 1.55445 0.0153477
0.562285467661 1.556 0.0131399
0.568601153723 1.55217 0.0129671
0.574880458942 1.54756 0.0148022
0.581155021034 1.54953 0.0132503
0.587439449666 1.5449 0.013959
0.59371762203 1.54284 0.0154872
0.599997195479 1.54426 0.0129184
0.606267911512 1.54025 0.0122565
0.612546957644 1.5393 0.0134321
0.618847773304 1.53757 0.0145853
0.625131056744 1.53552 0.0144121
0.631402745038 1.53434 0.0147685
0.637700356273 1.53361 0.0146163
0.643985778331 1.53227 0.0148701
0.650268541717 1.53109 0.0148545
0.65655861177 1.53179 0.0135699
0.662836928236 1.53033 0.0125928
0.669118544496 1.52775 0.0142917
0.675407019858 1.52782 0.012012
0.681683551459 1.52883 0.0150293
0.687959253386 1.5266 0.0139517
0.694234431704 1.52587 0.0137473
0.700517540243 1.52854 0.014345
0.706812495661 1.52735 0.0138548
0.713101900967 1.52493 0.013278
0.719391825117 1.5258 0.0126858
0.72568338076 1.52689 0.0146438
0.731965268271 1.52842 0.014706
0.738250799048 1.52676 0.0118121
0.744526584212 1.52657 0.0131719
0.750787110194 1.52982 0.0131707
0.757075846532 1.52876 0.0156031
0.76336412336 1.53189 0.0130952
0.769646295986 1.53151 0.0154461
0.775939486518 1.53578 0.0147522
0.782232914199 1.53557 0.0146874
0.788531493652 1.53839 0.0143051
0.794789656698 1.5395 0.0143289
0.801049109659 1.54313 0.0137037
0.807336406173 1.54647 0.0123691
0.813622948837 1.54742 0.0138063
0.819915299896 1.54772 0.0150837
0.826195263639 1.55303 0.0120922
0.832489707008 1.55251 0.0127433
0.838795930921 1.55592 0.0122513
0.84506346397 1.55923 0.0150219
0.851328286756 1.56303 0.0117791
0.85761982639 1.56731 0.0116147
0.863905847706 1.57151 0.0151236
0.870183874549 1.57466 0.0136406
0.876464109608 1.57818 0.014448
0.88275038734 1.58258 0.0128281
0.889033276839 1.58636 0.0123478
0.895308424711 1.59057 0.0129468
0.901595652167 1.59682 0.0129087
0.907883332809 1.59963 0.0125735
0.914174410632 1.60473 0.0123821
0.920463081772 1.61324 0.0120261
0.926743441526 1.61939 0.012249
0.933032419735 1.6224 0.00972926
0.939326578557 1.62967 0.0130641
0.94559748104 1.63612 0.0123285
0.951866001855 1.64194 0.0140059
0.958141325553 1.64825 0.0121793
0.964435094511 1.65581 0.0123166
0.970735563357 1.66215 0.0135761
0.977008076845 1.67088 0.0119291
0.983282332536 1.67659 0.0122732
0.989556969197 1.68529 0.0110782
0.995845630192 1.69234 0.0123064
1.00213621074 1.70161 0.0130501
1.00840482534 1.71065 0.0111984
1.01469414984 1.71774 0.0111175
1.02099255544 1.72598 0.0111993
1.02727398044 1.73734 0.0117986
1.0335591819 1.74652 0.012905
1.03984755739 1.75627 0.0113069
1.04612697494 1.76754 0.0134596
1.05240343681 1.77607 0.0117933
1.05868070465 1.78652 0.0128818
1.06496433307 1.7978 0.0126092
1.07125677744 1.80645 0.0137682
1.0775440488 1.8176 0.0117158
1.08382482019 1.82901 0.0132638
1.09010802394 1.84314 0.0114984
1.09638966596 1.85744 0.010359
1.10268113206 1.86624 0.0127794
1.10896304759 1.87887 0.0121119
1.11522542846 1.89315 0.0121305
1.12150212761 1.90362 0.011756
1.12779257382 1.91621 0.011763
1.13408955267 1.93257 0.0134966
1.14036404965 1.94585 0.0118364
1.14663918032 1.95901 0.010642
1.15294241299 1.97479 0.0118701
1.15922890675 1.99062 0.0119019
1.16550872189 2.00578 0.0114799
1.17179307626 2.0193 0.0123712
1.17808743637 2.0364 0.0113499
1.18436765425 2.04996 0.0109878
1.1906346423 2.06738 0.0108314
1.19691220883 2.08361 0.0118393
1.20320157735 2.09976 0.0104233
1.20948684444 2.11787 0.0125117
1.21576390207 2.13504 0.0110639
1.22204975517 2.15222 0.0112475
1.22834061662 2.1689 0.0111721
1.23463298658 2.18915 0.0112286
1.24090224718 2.2067 0.00950005
1.24717483914 2.22752 0.0117236
1.25346545993 2.2469 0.0113835
1.25974995189 2.26312 0.0112018
1.26603214313 2.28401 0.0112319
1.27231628847 2.30289 0.0106537
1.27860415506 2.32269 0.0103179
1.28488658893 2.34505 0.0109538
1.29117542007 2.36247 0.0116915
1.29746572637 2.3856 0.0107008
1.30374182701 2.40676 0.0114216
1.31001732292 2.4285 0.01053
1.31630144766 2.44805 0.0110159
1.32258676036 2.47136 0.0111665
1.32886549245 2.4953 0.00975306
1.33514480495 2.51922 0.0112361
1.34144051627 2.54006 0.0099328
1.34773086842 2.56614 0.0107982
1.35400158999 2.58797 0.0109136
1.3602826093 2.61299 0.0109829
1.36656568646 2.63565 0.0121536
1.37285149848 2.66167 0.0106684
1.37913537293 2.68636 0.0108452
1.38540956715 2.70977 0.0110974
1.39169864122 2.73535 0.0117896
1.39798445144 2.76127 0.010609
1.40426788341 2.78737 0.0104336
1.41055477948 2.81261 0.0119365
1.41683783355 2.83899 0.0107404
1.42311817719 2.86581 0.0096597
1.42939780116 2.89052 0.0111712
1.43568692182 2.92002 0.0120122
1.44197712177 2.94607 0.0111765
1.44825366785 2.97286 0.010817
1.45453234897 3.00253 0.0110114
1.46081931915 3.02757 0.0109756
1.4671103644 3.05646 0.0113097
1.47339290895 3.08472 0.0115357
1.47966996524 3.11466 0.010151
1.4859561446 3.14206 0.0120851
1.49223361076 3.17098 0.0110175
1.49850247038 3.20051 0.0105696
1.50478575205 3.22751 0.0114633
1.51107599189 3.25643 0.0121416
1.51736163499 3.2868 0.0102158
1.52364857097 3.31633 0.0111233
1.52993803572 3.34492 0.0120539
1.53623017691 3.37676 0.010342
1.54251071878 3.40618 0.011211
1.54878396308 3.43464 0.0113625
1.55507306978 3.46556 0.0116834
1.56135732493 3.49513 0.0117265
1.56762912105 3.52499 0.0129449
1.5739136974 3.55474 0.0116436
1.58020354523 3.58356 0.0117682
1.58648539343 3.61477 0.0105855
1.59276001426 3.6435 0.0125082
1.59904643639 3.6743 0.0115731
1.60534213664 3.70524 0.0119562
1.61161976836 3.73108 0.0112091
1.61789716835 3.75281 0.0124367
1.62418270854 3.775 0.0117429
1.63046407995 3.79712 0.0114978
1.63674824683 3.81881 0.012246
1.64303013827 3.84182 0.0123702
1.64930808063 3.86425 0.0123262
1.65559224863 3.88806 0.0123529
1.66187827598 3.91055 0.0136102
1.66816823994 3.93394 0.0128512
1.6744495611 3.95753 0.0114076
1.68072138563 3.98048 0.0128323
1.68701215424 4.00551 0.0138516
1.6933074808 4.02691 0.0133587
1.69958064303 4.05267 0.0135128
1.70586179344 4.07733 0.0132256
1.71215172419 4.10286 0.0137804
1.71843538617 4.12645 0.0127751
1.72471844694 4.15135 0.0128562
1.73099491844 4.17726 0.0136234
1.73728636032 4.20284 0.0131257
1.74356630258 4.22786 0.0134219
1.74983600778 4.25457 0.0135377
1.75612327869 4.28093 0.0132603
1.76241061606 4.30702 0.0137642
1.76869357896 4.33303 0.0120073
1.77497674839 4.36041 0.0135874
1.78126362161 4.38651 0.0149045
1.78754574761 4.41435 0.0135129
1.7938272923 4.44155 0.013476
1.80010772174 4.47047 0.0137702
1.80639091391 4.49845 0.0143138
1.81267451427 4.52523 0.0142541
1.81895363524 4.55429 0.0144298
1.82523850291 4.58283 0.0155184
1.8315236862 4.61018 0.0143505
1.83781040898 4.64102 0.0146878
1.84409642612 4.66959 0.0135637
1.8503769215 4.69921 0.0155619
1.85666074594 4.72819 0.0152373
1.86294359809 4.75738 0.0157772
1.86922204917 4.78806 0.0153754
1.87550781357 4.81714 0.0161051
1.88179499507 4.84839 0.0148895
1.88807781314 4.87807 0.0152532
1.89435244502 4.90852 0.0161209
1.90063796885 4.94027 0.0156573
1.90692833723 4.96965 0.0165359
1.91320221586 5.00198 0.0163144
1.91948223445 5.03387 0.0167006
1.92577010575 5.06552 0.0163778
1.93206491035 5.09722 0.0159513
1.93834071151 5.12815 0.0154524
1.94460828613 5.15933 0.0158595
1.9508968614 5.19292 0.015469
1.95718811973 5.22463 0.016239
1.96347509207 5.25593 0.0159295
1.9697553281 5.28966 0.0171398
1.9760413775 5.32243 0.0179933
1.98233260336 5.35398 0.0167061
1.98861171931 5.38979 0.0174997
1.99488792869 5.41978 0.0162826
2.00117304134 5.45281 0.0178495
2.00745262249 5.48692 0.0184613
2.01372721862 5.51975 0.0171818
2.02001108039 5.55427 0.0169835
2.02630405283 5.58607 0.0193167
2.03258735828 5.62086 0.018529
2.03886100377 5.65222 0.0183636
2.04514489951 5.68572 0.019801
2.05143683626 5.72186 0.0181271
2.05772382203 5.75314 0.019777
2.0640044634 5.78656 0.0193202
2.07029278421 5.81803 0.0192259
2.07658471853 5.85234 0.0189414
2.08285424307 5.88918 0.0198558
2.08912259138 5.91783 0.019895
2.09541730178 5.95323 0.0199549
2.10170304464 5.98459 0.0206106
2.10797273337 6.01649 0.0188501
2.11425579676 6.04989 0.0214458
2.12053788985 6.08106 0.0219854
2.12682075079 6.11597 0.0201163
2.13310670204 6.14626 0.0207101
2.13940011923 6.17974 0.0216235
2.14568939859 6.21252 0.0200632
2.15195789682 6.24292 0.0206743
2.15824033347 6.2768 0.0216752
2.16453048092 6.3052 0.0226419
2.17081716829 6.33713 0.0220252
2.17709912993 6.3653 0.0210292
2.18337674027 6.39623 0.0223657
2.18965452646 6.4275 0.0215421
2.19593814184 6.45565 0.0240961
2.20221722867 6.48942 0.0223338
2.20849850085 6.51523 0.0236758
2.21479372465 6.54924 0.0222829
2.22107581834 6.57575 0.0231914
2.22733812199 6.6053 0.0238553
2.23362792264 6.63607 0.0247777
2.2399287897 6.6643 0.0252941
2.24620084223 6.69308 0.02552
2.2524810722 6.71864 0.0252459
2.25875993301 6.75148 0.0258374
2.26503776668 6.77497 0.024968
2.27130391144 6.80536 0.0238837
2.27758972822 6.8334 0.0256225
2.28389830542 6.86512 0.0297198
2.29017001225 6.8968 0.0308821
2.29645357402 6.92488 0.0274524
2.30275372852 6.95678 0.0288347
2.30903325986 6.99056 0.0274877
2.31530674049 7.02249 0.0298957
2.32158490306 7.0526 0.0277447
2.3278758488 7.08043 0.027766
2.33415543799 7.11698 0.0312526
2.34041936871 7.14922 0.0304266
2.34670710068 7.18258 0.0281568
2.3530032916 7.21543 0.0330255
2.35928989445 7.24905 0.0295519
2.36555387699 7.28465 0.0353769
2.37182578571 7.31344 0.0349803
2.3781409032 7.34533 0.0298916
2.38442809259 7.37731 0.0337324
2.39069258243 7.41215 0.0331107
2.39698813839 7.44891 0.0360794
2.40330354843 7.4795 0.0358915
2.40957307365 7.51699 0.0291569
2.41583080138 7.54954 0.0385354
2.42214385676 7.5852 0.0353794
2.42843005755 7.61952 0.0366142
2.43467776878 7.65076 0.0388746
2.44097021258 7.68252 0.0449516
2.44729898127 7.72464 0.0381073
2.45356911846 7.75251 0.039289
2.45980003814 7.78477 0.0440827
2.4661092349 7.82168 0.0426214
2.47241430729 7.85584 0.0437722
2.47866355169 7.88718 0.0443617
2.48493431628 7.92054 0.0433148
2.49124283111 7.95857 0.0463316
2.49755537626 7.99079 0.0410495
2.50380379021 8.01597 0.048772
2.51005045336 8.05755 0.0522548
2.51638815336 8.09534 0.0456338
2.52269694929 8.12222 0.0510848
2.52891211798 8.15162 0.0485468
2.53519495098 8.19241 0.0511609
2.54155301509 8.21593 0.0548485
2.54783359884 8.25056 0.0540917
2.55402772623 8.28582 0.0583298
2.56033571996 8.31303 0.0561998
2.56672381747 8.34805 0.0599193
2.57294751341 8.37419 0.0617248
2.57911252531 8.41045 0.0588395
2.58547549612 8.42914 0.0653794
2.59185019505 8.46244 0.0596902
2.59805932148 8.48385 0.0692866
2.60429715989 8.52017 0.0673253
2.61067449751 8.55602 0.065977
2.61693283418 8.58127 0.071633
2.62300854502 8.60453 0.0769773
2.62939753095 8.62468 0.0728953
2.63591057571 8.65916 0.0859388
2.64202978624 8.67098 0.0855469
2.64803951219 8.69847 0.0823918
2.65454096229 8.73062 0.0894388
2.66118028258 8.76038 0.0970339
2.66719514746 8.77551 0.102589
2.67309090101 8.79651 0.0971498
2.67973176445 8.82061 0.0986413
2.68646693102 8.86869 0.114338
2.69219835647 8.84729 0.112683
2.69796467721 8.85654 0.11525
2.70489193937 8.9284 0.134429
2.71182026315 8.93551 0.148992
2.71709790339 8.94491 0.19021
2.7227864466 8.96281 0.165682
2.72994784687 8.96003 0.162863
2.73706528781 9.00868 0.213981
2.74248820391 9.01426 0.329169
2.74787331837 9.00325 0.292381
2.75504313834 9.06795 0.3296
2.76219934437 9.04345 0.430611
2.76789278819 8.96184 0.815192
2.77283198247 9.10731 0.737566
2.77965581172 8.9241 1.73636
2.78599582346 nan nan
