0.0088996412247 2.08696 0.10146
0.0150791221651 2.07408 0.0651937
0.0214479018646 2.07134 0.0426755
0.0278366077649 2.06719 0.0344875
0.034350997858 2.06434 0.0288022
0.0404788676143 2.06384 0.0334388
0.0467671668358 2.06774 0.0289161
0.0530822510177 2.06542 0.0266072
0.0594536244094 2.06477 0.0215826
0.0657622481459 2.0649 0.0204115
0.071966329067 2.0716 0.0208321
0.0782786091569 2.07487 0.0204197
0.0847039894583 2.07545 0.0203565
0.0909685462053 2.07944 0.020799
0.0972078977683 2.08434 0.0217438
0.103476303896 2.08833 0.0187808
0.109757644425 2.09333 0.0195308
0.116054308478 2.09895 0.0176804
0.122366966654 2.09961 0.0205069
0.128681726309 2.09734 0.0157029
0.134950080166 2.09845 0.0185807
0.141194955884 2.09964 0.0169987
0.147513357575 2.10484 0.0184118
0.153786507425 2.10913 0.0166772
0.160065754405 2.10878 0.0163014
0.166399116869 2.11166 0.0179696
0.172719564578 2.11185 0.0146689
0.178976521338 2.11277 0.0171683
0.185235369065 2.11491 0.0164381
0.191480678734 2.10994 0.017649
0.197788986865 2.11227 0.0163654
0.204093773545 2.10805 0.0164344
0.210393930261 2.1131 0.0139633
0.216690970982 2.10978 0.0196195
0.222970028122 2.10684 0.0176653
0.229262002709 2.10631 0.0160104
0.235514150837 2.10384 0.014034
0.241791058382 2.10398 0.0154515
0.248085653944 2.09754 0.0151014
0.254349225687 2.09499 0.0154659
0.260633425188 2.09195 0.0151005
0.26692573709 2.089 0.0138696
0.273242334314 2.08547 0.0139405
0.279552968008 2.08064 0.0159837
0.285836629231 2.07553 0.0164913
0.292087627139 2.0741 0.0168228
0.298344984444 2.0684 0.0152457
0.304638263941 2.05795 0.0157342
0.3109279127 2.05787 0.0142089
0.317216817162 2.05047 0.0163047
0.323518756794 2.04437 0.0153772
0.329816821755 2.03996 0.0152698
0.336117642946 2.03252 0.0143925
0.342370037571 2.02752 0.0153369
0.348647819267 2.01466 0.0164972
0.354941161441 2.01187 0.0141543
0.361191693542 2.00426 0.0149556
0.367476708956 1.99877 0.0145568
0.373764779528 1.99099 0.0143584
0.380065403148 1.98168 0.0147161
0.386353986126 1.97463 0.0159416
0.392614018136 1.96265 0.0152206
0.398926450032 1.96111 0.0159871
0.405207324458 1.94985 0.0134493
0.411491647757 1.94307 0.0156015
0.417781427212 1.9326 0.0153739
0.424040064873 1.92283 0.0128682
0.430342569027 1.91505 0.017271
0.436635856026 1.90666 0.0139349
0.442899618322 1.89941 0.0145629
0.449163441853 1.89036 0.0152647
0.455441414625 1.88046 0.0153307
0.46176344703 1.87108 0.0129312
0.468064424202 1.85963 0.0138948
0.474348524276 1.85149 0.0136423
0.480635613682 1.84303 0.0149011
0.486901925839 1.83409 0.0145843
0.49316970996 1.82164 0.0136396
0.499450674714 1.81301 0.015348
0.505715905134 1.80069 0.0138631
0.511992399627 1.79464 0.0141331
0.518312609777 1.78252 0.0142882
0.524608963803 1.77133 0.0145427
0.530875730848 1.76302 0.0159336
0.537157352795 1.75376 0.0116963
0.543457956378 1.74332 0.014258
0.549743065239 1.73079 0.0130999
0.55599374275 1.71995 0.0155835
0.562285467661 1.7136 0.0123321
0.568601153723 1.69885 0.0125183
0.574880458942 1.68889 0.0148538
0.581155021034 1.67929 0.0134647
0.587439449666 1.66965 0.0132043
0.59371762203 1.65806 0.0139277
0.599997195479 1.64962 0.0122623
0.606267911512 1.63849 0.0129608
0.612546957644 1.62667 0.0143626
0.618847773304 1.6171 0.0141858
0.625131056744 1.60696 0.0134004
0.631402745038 1.59683 0.0164453
0.637700356273 1.58691 0.0144352
0.643985778331 1.57438 0.0130193
0.650268541717 1.56493 0.0134717
0.65655861177 1.55492 0.0149946
0.662836928236 1.5448 0.0134566
0.669118544496 1.53097 0.0123291
0.675407019858 1.52377 0.0134493
0.681683551459 1.51148 0.0149532
0.687959253386 1.50127 0.0141647
0.694234431704 1.4887 0.0154527
0.700517540243 1.48065 0.0143759
0.706812495661 1.46882 0.0155868
0.713101900967 1.45782 0.0129011
0.719391825117 1.44793 0.0149951
0.72568338076 1.43655 0.0142194
0.731965268271 1.42785 0.014049
0.738250799048 1.41886 0.0133839
0.744526584212 1.4075 0.014212
0.750787110194 1.39792 0.0147791
0.757075846532 1.38748 0.014422
0.76336412336 1.37752 0.0160811
0.769646295986 1.3697 0.0143095
0.775939486518 1.36079 0.0147435
0.782232914199 1.34956 0.0161576
0.788531493652 1.33733 0.014129
0.794789656698 1.32893 0.01578
0.801049109659 1.32279 0.0150133
0.807336406173 1.31086 0.0139324
0.813622948837 1.30319 0.0147035
0.819915299896 1.29261 0.0171823
0.826195263639 1.28323 0.0138179
0.832489707008 1.27496 0.0162352
0.838795930921 1.26477 0.0141109
0.84506346397 1.25799 0.0164497
0.851328286756 1.24866 0.0173839
0.85761982639 1.24003 0.0157044
0.863905847706 1.23195 0.0160378
0.870183874549 1.22524 0.0161669
0.876464109608 1.21573 0.0175332
0.88275038734 1.20555 0.0148119
0.889033276839 1.2011 0.0146493
0.895308424711 1.19252 0.0144148
0.901595652167 1.18392 0.0155995
0.907883332809 1.17835 0.0164525
0.914174410632 1.17033 0.0156872
0.920463081772 1.16324 0.0151643
0.926743441526 1.15772 0.0149371
0.933032419735 1.15038 0.0130392
0.939326578557 1.14372 0.0153561
0.94559748104 1.13782 0.0157158
0.951866001855 1.13194 0.0165592
0.958141325553 1.12463 0.0172908
0.964435094511 1.12093 0.0179713
0.970735563357 1.11439 0.0160213
0.977008076845 1.1101 0.0177062
0.983282332536 1.10292 0.0170466
0.989556969197 1.102 0.0174966
0.995845630192 1.09545 0.0168588
1.00213621074 1.09344 0.0169614
1.00840482534 1.08837 0.017588
1.01469414984 1.08804 0.0174276
1.02099255544 1.08332 0.0162329
1.02727398044 1.08242 0.0173068
1.0335591819 1.08032 0.0175959
1.03984755739 1.07634 0.0172041
1.04612697494 1.07663 0.0185412
1.05240343681 1.07786 0.0184234
1.05868070465 1.07378 0.0167362
1.06496433307 1.07546 0.0169844
1.07125677744 1.07079 0.0159757
1.0775440488 1.07643 0.0164456
1.08382482019 1.07447 0.0162562
1.09010802394 1.07615 0.0181168
1.09638966596 1.079 0.0168487
1.10268113206 1.08012 0.0160261
1.10896304759 1.08259 0.0181937
1.11522542846 1.0852 0.0188043
1.12150212761 1.08771 0.0165452
1.12779257382 1.09164 0.0168528
1.13408955267 1.09436 0.0182774
1.14036404965 1.10123 0.0160036
1.14663918032 1.1056 0.0182608
1.15294241299 1.11243 0.0172827
1.15922890675 1.11706 0.016808
1.16550872189 1.12453 0.0159539
1.17179307626 1.13161 0.0165887
1.17808743637 1.14043 0.0150511
1.18436765425 1.14355 0.017098
1.1906346423 1.15175 0.016045
1.19691220883 1.16339 0.0153422
1.20320157735 1.17022 0.015859
1.20948684444 1.18203 0.0145189
1.21576390207 1.18986 0.0139738
1.22204975517 1.20027 0.015097
1.22834061662 1.21164 0.0160889
1.23463298658 1.22223 0.0156555
1.24090224718 1.2346 0.0130187
1.24717483914 1.24914 0.0164086
1.25346545993 1.26248 0.0144926
1.25974995189 1.27444 0.0155883
1.26603214313 1.28798 0.01431
1.27231628847 1.29859 0.014654
1.27860415506 1.31501 0.0142413
1.28488658893 1.33241 0.0141337
1.29117542007 1.3434 0.0140852
1.29746572637 1.36132 0.0144314
1.30374182701 1.37708 0.0152781
1.31001732292 1.3941 0.0143078
1.31630144766 1.41049 0.0148078
1.32258676036 1.42749 0.0143404
1.32886549245 1.44568 0.0127966
1.33514480495 1.4673 0.014255
1.34144051627 1.48218 0.0125676
1.34773086842 1.50475 0.0131814
1.35400158999 1.5237 0.0139928
1.3602826093 1.54329 0.0119183
1.36656568646 1.56205 0.0142076
1.37285149848 1.58524 0.0108715
1.37913537293 1.60459 0.0127517
1.38540956715 1.62557 0.012975
1.39169864122 1.64671 0.0123558
1.39798445144 1.66874 0.0125422
1.40426788341 1.69148 0.0114165
1.41055477948 1.71554 0.0127984
1.41683783355 1.73837 0.0109017
1.42311817719 1.76346 0.0106363
1.42939780116 1.78441 0.0124631
1.43568692182 1.81303 0.0118439
1.44197712177 1.83475 0.0124891
1.44825366785 1.85865 0.0121687
1.45453234897 1.88476 0.0107739
1.46081931915 1.91007 0.011413
1.4671103644 1.93535 0.0124552
1.47339290895 1.96227 0.0113592
1.47966996524 1.99163 0.0106919
1.4859561446 2.01673 0.0119418
1.49223361076 2.0431 0.0107544
1.49850247038 2.07182 0.0114032
1.50478575205 2.09661 0.0119907
1.51107599189 2.12399 0.0113274
1.51736163499 2.15454 0.0103417
1.52364857097 2.18284 0.0117967
1.52993803572 2.21063 0.0110035
1.53623017691 2.24099 0.0109238
1.54251071878 2.26824 0.00993209
1.54878396308 2.29649 0.0107209
1.55507306978 2.32766 0.0112117
1.56135732493 2.35712 0.0106385
1.56762912105 2.38484 0.0107856
1.5739136974 2.41387 0.00975992
1.58020354523 2.44331 0.0105806
1.58648539343 2.475 0.0100449
1.59276001426 2.5041 0.0110845
1.59904643639 2.53264 0.0106194
1.60534213664 2.56404 0.0102704
1.61161976836 2.9945 0.0109737
1.61789716835 2.59359 0.0114891
1.62418270854 2.60694 0.0103312
1.63046407995 2.62236 0.0105865
1.63674824683 2.63662 0.0116639
1.64303013827 2.65217 0.00959438
1.64930808063 2.66775 0.0107956
1.65559224863 2.68328 0.0103342
1.66187827598 2.69906 0.0116322
1.66816823994 2.71554 0.0109734
1.6744495611 2.73204 0.0105595
1.68072138563 2.74954 0.0114866
1.68701215424 2.76649 0.0112069
1.6933074808 2.78201 0.012173
1.69958064303 2.80054 0.0128076
1.70586179344 2.81646 0.0120962
1.71215172419 2.83588 0.0113528
1.71843538617 2.85283 0.0116353
1.72471844694 2.87151 0.0101667
1.73099491844 2.88891 0.0120779
1.73728636032 2.90818 0.0128825
1.74356630258 2.92665 0.0118428
1.74983600778 2.94617 0.0118391
1.75612327869 2.96655 0.0114626
1.76241061606 2.98342 0.0109484
1.76869357896 3.0041 0.0101318
1.77497674839 3.02348 0.0109618
1.78126362161 3.04251 0.0124414
1.78754574761 3.06428 0.0117999
1.7938272923 3.08249 0.0115029
1.80010772174 3.10515 0.0109029
1.80639091391 3.12522 0.0120802
1.81267451427 3.14459 0.0111345
1.81895363524 3.16592 0.0127394
1.82523850291 3.19107 0.012241
1.8315236862 3.20781 0.012355
1.83781040898 3.23158 0.0118654
1.84409642612 3.25409 0.0115693
1.8503769215 3.27517 0.0134866
1.85666074594 3.29796 0.0124972
1.86294359809 3.32018 0.0114677
1.86922204917 3.34313 0.0126902
1.87550781357 3.36395 0.0128324
1.88179499507 3.38919 0.0120652
1.88807781314 3.41049 0.0129933
1.89435244502 3.43342 0.0142971
1.90063796885 3.4593 0.0124832
1.90692833723 3.48193 0.01391
1.91320221586 3.50668 0.0141692
1.91948223445 3.53104 0.0133332
1.92577010575 3.55394 0.0130059
1.93206491035 3.5806 0.0128088
1.93834071151 3.60298 0.0131028
1.94460828613 3.6286 0.0122895
1.9508968614 3.65426 0.0125194
1.95718811973 3.67921 0.0134704
1.96347509207 3.70537 0.0131879
1.9697553281 3.72967 0.014274
1.9760413775 3.75539 0.014082
1.98233260336 3.7822 0.0134434
1.98861171931 3.8096 0.014499
1.99488792869 3.83199 0.0138014
2.00117304134 3.85833 0.0153143
2.00745262249 3.88559 0.0155867
2.01372721862 3.91104 0.0147878
2.02001108039 3.94114 0.0132272
2.02630405283 3.96724 0.0155837
2.03258735828 3.99356 0.0153742
2.03886100377 4.01934 0.0158082
2.04514489951 4.04556 0.0152018
2.05143683626 4.07281 0.0151833
2.05772382203 4.10035 0.0156744
2.0640044634 4.12849 0.0159558
2.07029278421 4.1541 0.0157794
2.07658471853 4.18081 0.0160845
2.08285424307 4.20988 0.0162836
2.08912259138 4.23542 0.0172491
2.09541730178 4.26375 0.0171107
2.10170304464 4.28998 0.0158185
2.10797273337 4.31688 0.0172191
2.11425579676 4.34344 0.0183103
2.12053788985 4.36816 0.018769
2.12682075079 4.39814 0.0167497
2.13310670204 4.42298 0.0165875
2.13940011923 4.45177 0.0169836
2.14568939859 4.47907 0.0166185
2.15195789682 4.5031 0.0169867
2.15824033347 4.53185 0.0174693
2.16453048092 4.555 0.0184103
2.17081716829 4.58235 0.018041
2.17709912993 4.60466 0.0176568
2.18337674027 4.6281 0.0188145
2.18965452646 4.65615 0.0172865
2.19593814184 4.67742 0.0208234
2.20221722867 4.70815 0.0179019
2.20849850085 4.72437 0.020776
2.21479372465 4.75541 0.0193666
2.22107581834 4.77536 0.018269
2.22733812199 4.79505 0.0202038
2.23362792264 4.82131 0.0200552
2.2399287897 4.83812 0.020374
2.24620084223 4.86523 0.0208086
2.2524810722 4.88073 0.0203244
2.25875993301 4.90135 0.0199643
2.26503776668 4.91822 0.0202925
2.27130391144 4.93687 0.0206968
2.27758972822 5.0001 0.023227
2.28389830542 4.97204 0.0224447
2.29017001225 4.99449 0.0245164
2.29645357402 5.0154 0.0233602
2.30275372852 5.03698 0.0244038
2.30903325986 5.0607 0.0233978
2.31530674049 5.0813 0.0251662
2.32158490306 5.1065 0.0221072
2.3278758488 5.12653 0.0246378
2.33415543799 5.1524 0.0266081
2.34041936871 5.17637 0.0272751
2.34670710068 5.19847 0.0267102
2.3530032916 5.22175 0.02742
2.35928989445 5.25002 0.0283036
2.36555387699 5.27738 0.0298689
2.37182578571 5.29753 0.0285255
2.3781409032 5.32151 0.0291091
2.38442809259 5.34693 0.028638
2.39069258243 5.37216 0.0303116
2.39698813839 5.39693 0.0336863
2.40330354843 5.42468 0.032619
2.40957307365 5.45335 0.0305167
2.41583080138 5.47776 0.0327509
2.42214385676 5.51155 0.0325808
2.42843005755 5.53546 0.0332722
2.43467776878 5.55879 0.0331475
2.44097021258 5.58668 0.0348524
2.44729898127 5.6137 0.033489
2.45356911846 5.63912 0.0361897
2.45980003814 5.66449 0.0342431
2.4661092349 5.69166 0.0368021
2.47241430729 5.72184 0.0369254
2.47866355169 5.74845 0.0347838
2.48493431628 5.77469 0.036245
2.49124283111 5.80375 0.0344152
2.49755537626 5.82593 0.0391789
2.50380379021 5.85285 0.0444029
2.51005045336 5.88555 0.0406201
2.51638815336 5.91495 0.0416771
2.52269694929 5.93929 0.0415716
2.52891211798 5.96573 0.0407122
2.53519495098 5.99626 0.0428669
2.54155301509 6.01504 0.0440817
2.54783359884 6.04606 0.0482307
2.55402772623 6.07304 0.049693
2.56033571996 6.1009 0.0425916
2.56672381747 6.12443 0.0473966
2.57294751341 6.15245 0.0534464
2.57911252531 6.17641 0.0524439
2.58547549612 6.20156 0.0500309
2.59185019505 6.23288 0.0528406
2.59805932148 6.25394 0.0588553
2.60429715989 6.2745 0.058365
2.61067449751 6.31032 0.0565949
2.61693283418 6.33626 0.0606487
2.62300854502 6.35539 0.0658819
2.62939753095 6.3727 0.0614388
2.63591057571 6.40199 0.0627075
2.64202978624 6.42344 0.071638
2.64803951219 6.44476 0.0713347
2.65454096229 6.47613 0.0706736
2.66118028258 6.50556 0.0667226
2.66719514746 6.51831 0.0820656
2.67309090101 6.53977 0.0724278
2.67973176445 6.56054 0.0879454
2.68646693102 6.60266 0.0933891
2.69219835647 6.5857 0.102844
2.69796467721 6.61683 0.101716
2.70489193937 6.6749 0.113325
2.71182026315 6.70315 0.138269
2.71709790339 6.7018 0.149952
2.7227864466 6.72288 0.140442
2.72994784687 6.73195 0.136563
2.73706528781 6.78016 0.185291
2.74248820391 6.78057 0.274829
2.74787331837 6.80733 0.254208
2.75504313834 6.85505 0.270687
2.76219934437 6.85985 0.38058
2.76789278819 6.83667 0.65028
2.77283198247 6.81755 0.638534
2.77965581172 6.7669 1.38098
2.78599582346 644.462 1678.7
