0.0088996412247 1.47321 0.114509
0.0150791221651 1.46453 0.0541428
0.0214479018646 1.46512 0.033945
0.0278366077649 1.46529 0.0334072
0.034350997858 1.46897 0.0289498
0.0404788676143 1.46648 0.0269723
0.0467671668358 1.45965 0.0255133
0.0530822510177 1.4627 0.021704
0.0594536244094 1.4565 0.021081
0.0657622481459 1.45783 0.0210338
0.071966329067 1.45685 0.0194171
0.0782786091569 1.45724 0.017336
0.0847039894583 1.453 0.0186939
0.0909685462053 1.44975 0.0181171
0.0972078977683 1.44876 0.0190315
0.103476303896 1.44208 0.0169444
0.109757644425 1.44185 0.017096
0.116054308478 1.43876 0.0163003
0.122366966654 1.44058 0.0198072
0.128681726309 1.43755 0.0163167
0.134950080166 1.43287 0.0166003
0.141194955884 1.43175 0.0150896
0.147513357575 1.42481 0.0157981
0.153786507425 1.42113 0.0165478
0.160065754405 1.41478 0.0142718
0.166399116869 1.41025 0.0156404
0.172719564578 1.40468 0.0163804
0.178976521338 1.40255 0.016325
0.185235369065 1.40201 0.0172937
0.191480678734 1.39792 0.0154791
0.197788986865 1.39452 0.0155982
0.204093773545 1.38558 0.0158423
0.210393930261 1.38275 0.0149499
0.216690970982 1.3739 0.0175874
0.222970028122 1.37148 0.0186838
0.229262002709 1.36459 0.017383
0.235514150837 1.35994 0.0144332
0.241791058382 1.35688 0.017877
0.248085653944 1.34798 0.0142763
0.254349225687 1.34527 0.0156286
0.260633425188 1.3397 0.0137862
0.26692573709 1.33504 0.0162423
0.273242334314 1.32856 0.0157192
0.279552968008 1.32208 0.0146565
0.285836629231 1.31707 0.0174028
0.292087627139 1.31198 0.0160687
0.298344984444 1.30629 0.015878
0.304638263941 1.29632 0.015075
0.3109279127 1.29392 0.0169114
0.317216817162 1.29043 0.0157608
0.323518756794 1.28335 0.016439
0.329816821755 1.27712 0.0152222
0.336117642946 1.26944 0.0154973
0.342370037571 1.26657 0.0154093
0.348647819267 1.25985 0.0187175
0.354941161441 1.25352 0.0162962
0.361191693542 1.24751 0.0151251
0.367476708956 1.24287 0.0170236
0.373764779528 1.23642 0.0174449
0.380065403148 1.22863 0.0189837
0.386353986126 1.22827 0.0153877
0.392614018136 1.21671 0.0181486
0.398926450032 1.21301 0.0172879
0.405207324458 1.20709 0.0139853
0.411491647757 1.20117 0.0167889
0.417781427212 1.19639 0.0173495
0.424040064873 1.19168 0.0157787
0.430342569027 1.18312 0.0180107
0.436635856026 1.17928 0.0166121
0.442899618322 1.1766 0.0160976
0.449163441853 1.17032 0.0185824
0.455441414625 1.16158 0.0165847
0.46176344703 1.15998 0.0157304
0.468064424202 1.15082 0.0165527
0.474348524276 1.14718 0.0166007
0.480635613682 1.14448 0.0176617
0.486901925839 1.14175 0.0166842
0.49316970996 1.13187 0.0175358
0.499450674714 1.13182 0.0183654
0.505715905134 1.11988 0.0179068
0.511992399627 1.11558 0.0181242
0.518312609777 1.10929 0.0169817
0.524608963803 1.10362 0.0174317
0.530875730848 1.10064 0.0185262
0.537157352795 1.09926 0.018134
0.543457956378 1.09304 0.015726
0.549743065239 1.09033 0.0178364
0.55599374275 1.08108 0.0178658
0.562285467661 1.07972 0.0174026
0.568601153723 1.07853 0.0182936
0.574880458942 1.0677 0.0177446
0.581155021034 1.06427 0.0139554
0.587439449666 1.05999 0.0151172
0.59371762203 1.05671 0.0188159
0.599997195479 1.05471 0.0175084
0.606267911512 1.04821 0.0151952
0.612546957644 1.04667 0.0183969
0.618847773304 1.04175 0.0186323
0.625131056744 1.03709 0.0188366
0.631402745038 1.03716 0.0170526
0.637700356273 1.0328 0.0182102
0.643985778331 1.02524 0.0171972
0.650268541717 1.02461 0.0183349
0.65655861177 1.02195 0.0196747
0.662836928236 1.01963 0.0181893
0.669118544496 1.0122 0.0180845
0.675407019858 1.01257 0.018109
0.681683551459 1.0086 0.017508
0.687959253386 1.00657 0.0192049
0.694234431704 1.00136 0.015867
0.700517540243 1.00333 0.0190892
0.706812495661 0.997338 0.0182063
0.713101900967 0.995397 0.0175632
0.719391825117 0.99397 0.0176048
0.72568338076 0.989912 0.0178445
0.731965268271 0.989854 0.0179993
0.738250799048 0.986915 0.0155829
0.744526584212 0.985842 0.0180696
0.750787110194 0.986573 0.0138856
0.757075846532 0.982669 0.017672
0.76336412336 0.982758 0.019228
0.769646295986 0.97925 0.0189257
0.775939486518 0.982261 0.0188893
0.782232914199 0.98322 0.0190037
0.788531493652 0.982846 0.0155344
0.794789656698 0.978441 0.0182849
0.801049109659 0.981254 0.0172543
0.807336406173 0.980508 0.0190608
0.813622948837 0.978897 0.0178636
0.819915299896 0.976796 0.0194655
0.826195263639 0.981603 0.0169726
0.832489707008 0.979638 0.0172229
0.838795930921 0.980012 0.018194
0.84506346397 0.982966 0.0177587
0.851328286756 0.981687 0.0178064
0.85761982639 0.981037 0.0168135
0.863905847706 0.986468 0.0176514
0.870183874549 0.985644 0.0197236
0.876464109608 0.987903 0.0182068
0.88275038734 0.990358 0.0194147
0.889033276839 0.993592 0.0154681
0.895308424711 0.990356 0.0163244
0.901595652167 0.99754 0.0172859
0.907883332809 0.996361 0.0148244
0.914174410632 0.999088 0.0184355
0.920463081772 1.0041 0.0172782
0.926743441526 1.00768 0.0171153
0.933032419735 1.00864 0.0163013
0.939326578557 1.0126 0.0187901
0.94559748104 1.01672 0.0189953
0.951866001855 1.0234 0.0180669
0.958141325553 1.02439 0.0166428
0.964435094511 1.03032 0.0175272
0.970735563357 1.03737 0.0177124
0.977008076845 1.04226 0.0164733
0.983282332536 1.04248 0.0170022
0.989556969197 1.05213 0.0165202
0.995845630192 1.05961 0.0149551
1.00213621074 1.0628 0.0163633
1.00840482534 1.07023 0.0150394
1.01469414984 1.07674 0.016091
1.02099255544 1.08109 0.0167808
1.02727398044 1.09037 0.0181403
1.0335591819 1.09598 0.016029
1.03984755739 1.10494 0.017546
1.04612697494 1.11388 0.0180973
1.05240343681 1.12202 0.0152986
1.05868070465 1.12587 0.0163953
1.06496433307 1.13739 0.0179393
1.07125677744 1.14568 0.0169779
1.0775440488 1.15201 0.0166781
1.08382482019 1.16353 0.016491
1.09010802394 1.17327 0.0161438
1.09638966596 1.18387 0.0157331
1.10268113206 1.19167 0.0140673
1.10896304759 1.20152 0.0151943
1.11522542846 1.21413 0.014063
1.12150212761 1.22526 0.0155243
1.12779257382 1.2336 0.014673
1.13408955267 1.24822 0.0159188
1.14036404965 1.25988 0.0147684
1.14663918032 1.26966 0.0179599
1.15294241299 1.28395 0.0155262
1.15922890675 1.29491 0.0130523
1.16550872189 1.30706 0.0135055
1.17179307626 1.32042 0.0155188
1.17808743637 1.33394 0.0133576
1.18436765425 1.34648 0.0140804
1.1906346423 1.36159 0.0142968
1.19691220883 1.37685 0.0145496
1.20320157735 1.38999 0.015466
1.20948684444 1.40616 0.0142061
1.21576390207 1.41956 0.0142704
1.22204975517 1.43659 0.0145382
1.22834061662 1.44929 0.0133802
1.23463298658 1.46534 0.0131556
1.24090224718 1.48358 0.0131778
1.24717483914 1.49841 0.0140176
1.25346545993 1.51754 0.0128114
1.25974995189 1.53384 0.0147758
1.26603214313 1.55103 0.0133916
1.27231628847 1.56868 0.0133441
1.27860415506 1.58538 0.0114306
1.28488658893 1.60659 0.0133076
1.29117542007 1.62055 0.0118799
1.29746572637 1.64303 0.0126675
1.30374182701 1.66145 0.0138549
1.31001732292 1.68073 0.0132326
1.31630144766 1.69842 0.0126048
1.32258676036 1.71942 0.0116989
1.32886549245 1.7415 0.0113868
1.33514480495 1.76097 0.0123145
1.34144051627 1.78078 0.0119365
1.34773086842 1.80287 0.0127821
1.35400158999 1.82389 0.0125083
1.3602826093 1.84688 0.0120206
1.36656568646 1.86681 0.0135964
1.37285149848 1.89103 0.0124204
1.37913537293 1.91319 0.0106181
1.38540956715 1.93382 0.0107635
1.39169864122 1.95699 0.0125298
1.39798445144 1.98192 0.0128419
1.40426788341 2.00682 0.0116944
1.41055477948 2.02937 0.0112781
1.41683783355 2.05322 0.0108888
1.42311817719 2.07553 0.0119633
1.42939780116 2.10042 0.0118069
1.43568692182 2.12894 0.0121268
1.44197712177 2.15197 0.0126075
1.44825366785 2.17807 0.011336
1.45453234897 2.20317 0.0111312
1.46081931915 2.22759 0.012473
1.4671103644 2.25441 0.0123595
1.47339290895 2.28179 0.0111974
1.47966996524 2.30946 0.0117808
1.4859561446 2.33395 0.0118964
1.49223361076 2.36292 0.0120694
1.49850247038 2.39011 0.0109645
1.50478575205 2.41445 0.011866
1.51107599189 2.44334 0.0112394
1.51736163499 2.47175 0.0095572
1.52364857097 2.50043 0.0105417
1.52993803572 2.52783 0.0100973
1.53623017691 2.55613 0.0120994
1.54251071878 2.58449 0.0109258
1.54878396308 2.61309 0.0119135
1.55507306978 2.64205 0.0127242
1.56135732493 2.67052 0.0116771
1.56762912105 2.6988 0.0132264
1.5739136974 2.72817 0.0113413
1.58020354523 2.75627 0.011685
1.58648539343 2.78792 0.0106768
1.59276001426 2.8159 0.0114209
1.59904643639 2.84502 0.0112179
1.60534213664 2.876 0.0112461
1.61161976836 2.89845 0.0114494
1.61789716835 2.91457 0.012719
1.62418270854 2.93168 0.0115038
1.63046407995 2.9496 0.0115902
1.63674824683 2.96736 0.0111764
1.64303013827 2.98431 0.0119992
1.64930808063 3.00076 0.0122216
1.65559224863 3.01837 0.011776
1.66187827598 3.03706 0.0120163
1.66816823994 3.05466 0.012159
1.6744495611 3.07479 0.0123098
1.68072138563 3.09118 0.011953
1.68701215424 3.10978 0.013005
1.6933074808 3.12827 0.0129808
1.69958064303 3.14742 0.011974
1.70586179344 3.16626 0.0127789
1.71215172419 3.18697 0.0129583
1.71843538617 3.20483 0.0124006
1.72471844694 3.22427 0.0116171
1.73099491844 3.24432 0.0129013
1.73728636032 3.26474 0.0124317
1.74356630258 3.28417 0.0127607
1.74983600778 3.3044 0.0131233
1.75612327869 3.32534 0.0130232
1.76241061606 3.34676 0.0130946
1.76869357896 3.36581 0.0118655
1.77497674839 3.38771 0.0131813
1.78126362161 3.40822 0.012919
1.78754574761 3.42987 0.0123871
1.7938272923 3.45149 0.0131354
1.80010772174 3.47371 0.0137088
1.80639091391 3.49613 0.0149151
1.81267451427 3.51715 0.0133562
1.81895363524 3.53925 0.0134528
1.82523850291 3.56539 0.0142953
1.8315236862 3.58476 0.0148918
1.83781040898 3.60852 0.0139514
1.84409642612 3.63108 0.0141746
1.8503769215 3.6555 0.014519
1.85666074594 3.6783 0.0141304
1.86294359809 3.70189 0.0139474
1.86922204917 3.72583 0.0146002
1.87550781357 3.74934 0.0148265
1.88179499507 3.77428 0.0143821
1.88807781314 3.79872 0.013943
1.89435244502 3.82239 0.0162049
1.90063796885 3.84731 0.0143015
1.90692833723 3.87248 0.0151512
1.91320221586 3.89723 0.0153662
1.91948223445 3.92388 0.0148825
1.92577010575 3.94817 0.0156668
1.93206491035 3.97585 0.0153049
1.93834071151 3.99952 0.0162918
1.94460828613 4.0263 0.0157046
1.9508968614 4.05249 0.0144378
1.95718811973 4.07826 0.0160507
1.96347509207 4.10463 0.0165778
1.9697553281 4.1307 0.0161618
1.9760413775 4.15952 0.0180803
1.98233260336 4.1864 0.0158654
1.98861171931 4.21401 0.0173414
1.99488792869 4.2391 0.0154898
2.00117304134 4.26625 0.0162819
2.00745262249 4.29505 0.0160996
2.01372721862 4.32191 0.0165075
2.02001108039 4.35082 0.0172427
2.02630405283 4.37673 0.0177575
2.03258735828 4.40637 0.0175063
2.03886100377 4.4331 0.0171624
2.04514489951 4.45987 0.0162699
2.05143683626 4.48967 0.0176943
2.05772382203 4.51702 0.0178482
2.0640044634 4.5452 0.0185289
2.07029278421 4.57319 0.0171675
2.07658471853 4.5992 0.0184234
2.08285424307 4.62998 0.0195474
2.08912259138 4.6544 0.0187601
2.09541730178 4.68614 0.0184389
2.10170304464 4.71245 0.018799
2.10797273337 4.73993 0.0178011
2.11425579676 4.76718 0.0208658
2.12053788985 4.79504 0.0202971
2.12682075079 4.82449 0.0200299
2.13310670204 4.84915 0.0211531
2.13940011923 4.87763 0.0196899
2.14568939859 4.909 0.0198686
2.15195789682 4.93232 0.0196069
2.15824033347 4.96072 0.0210603
2.16453048092 4.98299 0.0219954
2.17081716829 5.01488 0.0203467
2.17709912993 5.04013 0.0197893
2.18337674027 5.06297 0.0200874
2.18965452646 5.09124 0.0207793
2.19593814184 5.11172 0.0200588
2.20221722867 5.14424 0.0214733
2.20849850085 5.16312 0.0231955
2.21479372465 5.19417 0.0209788
2.22107581834 5.21638 0.0222913
2.22733812199 5.23834 0.0229489
2.23362792264 5.26399 0.0221426
2.2399287897 5.28718 0.0238514
2.24620084223 5.31225 0.0221439
2.2524810722 5.3309 0.023201
2.25875993301 5.35628 0.0243099
2.26503776668 5.37341 0.0235109
2.27130391144 5.39346 0.0198788
2.27758972822 5.41318 0.0239301
2.28389830542 5.4356 0.0280586
2.29017001225 5.46331 0.0284715
2.29645357402 5.48498 0.0263098
2.30275372852 5.50553 0.0268961
2.30903325986 5.53422 0.0266215
2.31530674049 5.55889 0.0293806
2.32158490306 5.58425 0.0263609
2.3278758488 5.60429 0.0277961
2.33415543799 5.63068 0.0305397
2.34041936871 5.66022 0.0287457
2.34670710068 5.68867 0.0255307
2.3530032916 5.71306 0.0286972
2.35928989445 5.73924 0.0292123
2.36555387699 5.7696 0.0309954
2.37182578571 5.79022 0.0311722
2.3781409032 5.82031 0.0304543
2.38442809259 5.84612 0.0293415
2.39069258243 5.87641 0.0310718
2.39698813839 5.9032 0.0318247
2.40330354843 5.92935 0.0339251
2.40957307365 5.96167 0.029441
2.41583080138 5.98806 0.0338141
2.42214385676 6.0138 0.031326
2.42843005755 6.04241 0.0334383
2.43467776878 6.07324 0.034796
2.44097021258 6.09889 0.0389764
2.44729898127 6.12972 0.0337464
2.45356911846 6.15511 0.034233
2.45980003814 6.18508 0.0399196
2.4661092349 6.21346 0.0378753
2.47241430729 6.24443 0.0408221
2.47866355169 6.26982 0.0390593
2.48493431628 6.29544 0.0373069
2.49124283111 6.3335 0.0436445
2.49755537626 6.35662 0.0380171
2.50380379021 6.38197 0.0437364
2.51005045336 6.41293 0.0472399
2.51638815336 6.44553 0.0439818
2.52269694929 6.4711 0.0465621
2.52891211798 6.49963 0.0447546
2.53519495098 6.53097 0.0451662
2.54155301509 6.55227 0.0444552
2.54783359884 6.58452 0.0531938
2.55402772623 6.61478 0.0502249
2.56033571996 6.63881 0.0524569
2.56672381747 6.66579 0.0493759
2.57294751341 6.69412 0.0567351
2.57911252531 6.71838 0.0497497
2.58547549612 6.74352 0.0586124
2.59185019505 6.76773 0.0495267
2.59805932148 6.79667 0.0683576
2.60429715989 6.82448 0.0630707
2.61067449751 6.85422 0.0542879
2.61693283418 6.87228 0.0651887
2.62300854502 6.89878 0.0693271
2.62939753095 6.92043 0.0639388
2.63591057571 6.94079 0.0764516
2.64202978624 6.96287 0.0793313
2.64803951219 6.9934 0.0833786
2.65454096229 7.01733 0.084426
2.66118028258 7.03896 0.0860808
2.66719514746 7.05289 0.0829173
2.67309090101 7.07828 0.095282
2.67973176445 7.10659 0.085429
2.68646693102 7.13953 0.0977232
2.69219835647 7.11471 0.111356
2.69796467721 7.13496 0.10538
2.70489193937 7.18465 0.122656
2.71182026315 7.20477 0.128732
2.71709790339 7.23783 0.152786
2.7227864466 7.24785 0.15601
2.72994784687 7.24246 0.147209
2.73706528781 7.28331 0.193718
2.74248820391 7.28697 0.247653
2.74787331837 7.29226 0.257755
2.75504313834 7.31143 0.305328
2.76219934437 7.33505 0.399093
2.76789278819 7.26296 0.695841
2.77283198247 7.31662 0.690166
2.77965581172 7.31683 1.49985
2.78599582346 nan nan
