0.0088996412247 0.609402 0.147056
0.0150791221651 0.595823 0.0932198
0.0214479018646 0.59635 0.0533911
0.0278366077649 0.608219 0.0503668
0.034350997858 0.645042 0.0382644
0.0404788676143 0.662236 0.0386007
0.0467671668358 0.694982 0.0392878
0.0530822510177 0.711742 0.0303782
0.0594536244094 0.713492 0.0260158
0.0657622481459 0.722967 0.0263758
0.071966329067 0.742348 0.027586
0.0782786091569 0.748767 0.0273232
0.0847039894583 0.770116 0.0247026
0.0909685462053 0.789042 0.0262545
0.0972078977683 0.801875 0.0260724
0.103476303896 0.811643 0.0264876
0.109757644425 0.822708 0.0227517
0.116054308478 0.829163 0.0242821
0.122366966654 0.830595 0.0240741
0.128681726309 0.828898 0.0207526
0.134950080166 0.835951 0.020204
0.141194955884 0.836554 0.0210262
0.147513357575 0.838429 0.021153
0.153786507425 0.838041 0.0227727
0.160065754405 0.846135 0.0206823
0.166399116869 0.842482 0.0236106
0.172719564578 0.844281 0.0186293
0.178976521338 0.841063 0.0212941
0.185235369065 0.844753 0.0207885
0.191480678734 0.840025 0.0233178
0.197788986865 0.842486 0.0219673
0.204093773545 0.83883 0.0207071
0.210393930261 0.838957 0.0218228
0.216690970982 0.832448 0.0215926
0.222970028122 0.831768 0.021192
0.229262002709 0.832281 0.0242121
0.235514150837 0.82956 0.0219679
0.241791058382 0.827084 0.0236579
0.248085653944 0.825803 0.0251995
0.254349225687 0.827254 0.0242452
0.260633425188 0.826798 0.0222797
0.26692573709 0.825135 0.0227042
0.273242334314 0.822806 0.0221588
0.279552968008 0.825259 0.0224666
0.285836629231 0.823966 0.0210534
0.292087627139 0.822842 0.0226867
0.298344984444 0.817649 0.0246171
0.304638263941 0.819125 0.0195634
0.3109279127 0.817566 0.0228545
0.317216817162 0.82129 0.0222413
0.323518756794 0.822117 0.0232254
0.329816821755 0.822765 0.0220145
0.336117642946 0.827032 0.0222655
0.342370037571 0.830886 0.0226332
0.348647819267 0.827239 0.0208641
0.354941161441 0.83037 0.0212184
0.361191693542 0.826151 0.0200161
0.367476708956 0.83131 0.0212466
0.373764779528 0.833833 0.0256803
0.380065403148 0.833818 0.0233275
0.386353986126 0.835599 0.0204715
0.392614018136 0.837506 0.0203589
0.398926450032 0.838583 0.018754
0.405207324458 0.840087 0.0207836
0.411491647757 0.838886 0.0215584
0.417781427212 0.840161 0.0227646
0.424040064873 0.840726 0.0216393
0.430342569027 0.837979 0.0229625
0.436635856026 0.843056 0.0190649
0.442899618322 0.842496 0.0205652
0.449163441853 0.840756 0.0247215
0.455441414625 0.842532 0.0223871
0.46176344703 0.841601 0.0204726
0.468064424202 0.841692 0.0214084
0.474348524276 0.841724 0.0196575
0.480635613682 0.841333 0.0200347
0.486901925839 0.842838 0.0199392
0.49316970996 0.839449 0.0208336
0.499450674714 0.842434 0.0227929
0.505715905134 0.835972 0.017571
0.511992399627 0.834171 0.0218181
0.518312609777 0.830914 0.0213947
0.524608963803 0.826493 0.0241369
0.530875730848 0.825606 0.0206802
0.537157352795 0.823156 0.023008
0.543457956378 0.821074 0.0212959
0.549743065239 0.816124 0.0214832
0.55599374275 0.814454 0.0223999
0.562285467661 0.810595 0.0213702
0.568601153723 0.812611 0.0211485
0.574880458942 0.805665 0.0215974
0.581155021034 0.800528 0.0217897
0.587439449666 0.798336 0.0203023
0.59371762203 0.792428 0.0220236
0.599997195479 0.789913 0.0253781
0.606267911512 0.784701 0.0223828
0.612546957644 0.780598 0.020084
0.618847773304 0.77755 0.0209907
0.625131056744 0.773034 0.0214353
0.631402745038 0.772275 0.0211913
0.637700356273 0.764108 0.0227253
0.643985778331 0.761605 0.024647
0.650268541717 0.753877 0.0214944
0.65655861177 0.753314 0.0234598
0.662836928236 0.746837 0.0198475
0.669118544496 0.74425 0.02622
0.675407019858 0.740409 0.0200585
0.681683551459 0.734913 0.0234251
0.687959253386 0.724654 0.0245208
0.694234431704 0.72443 0.0239085
0.700517540243 0.722957 0.0222222
0.706812495661 0.714964 0.0209665
0.713101900967 0.713236 0.0215958
0.719391825117 0.71212 0.0228228
0.72568338076 0.704062 0.0236379
0.731965268271 0.696357 0.0273468
0.738250799048 0.696047 0.0216855
0.744526584212 0.695177 0.0243728
0.750787110194 0.688179 0.0198658
0.757075846532 0.683843 0.0217276
0.76336412336 0.682032 0.027722
0.769646295986 0.679688 0.0253116
0.775939486518 0.673788 0.0229022
0.782232914199 0.674025 0.0254779
0.788531493652 0.671313 0.0237259
0.794789656698 0.666118 0.0271825
0.801049109659 0.656836 0.0275968
0.807336406173 0.887592 0.0186093
0.813622948837 0.656243 0.0249255
0.819915299896 0.656523 0.0232939
0.826195263639 0.655685 0.0236975
0.832489707008 0.65568 0.0203039
0.838795930921 0.648506 0.0262455
0.84506346397 0.646262 0.0263326
0.851328286756 0.648498 0.0232057
0.85761982639 0.643079 0.0244232
0.863905847706 0.648078 0.0241946
0.870183874549 0.641995 0.024744
0.876464109608 0.646297 0.0265328
0.88275038734 0.641401 0.0250762
0.889033276839 0.641647 0.0238062
0.895308424711 0.640786 0.025285
0.901595652167 0.639572 0.0261008
0.907883332809 0.644453 0.0263275
0.914174410632 0.640021 0.0244687
0.920463081772 0.645952 0.0244875
0.926743441526 0.64218 0.0273205
0.933032419735 0.646289 0.0263254
0.939326578557 0.644863 0.0260673
0.94559748104 0.649657 0.0246557
0.951866001855 0.651251 0.0251163
0.958141325553 0.653837 0.0245284
0.964435094511 0.653707 0.0238357
0.970735563357 0.663383 0.0229571
0.977008076845 0.66432 0.0250734
0.983282332536 0.664876 0.0237436
0.989556969197 0.669361 0.0205555
0.995845630192 0.675214 0.0239758
1.00213621074 0.677678 0.024354
1.00840482534 0.681304 0.023072
1.01469414984 0.687063 0.0243449
1.02099255544 0.690677 0.0229667
1.02727398044 0.696814 0.0249018
1.0335591819 0.699038 0.0236082
1.03984755739 0.705478 0.0231669
1.04612697494 0.715065 0.0206927
1.05240343681 0.718559 0.0193485
1.05868070465 0.725782 0.0216789
1.06496433307 0.735482 0.025221
1.07125677744 0.73872 0.0213039
1.0775440488 0.744303 0.0226657
1.08382482019 0.755714 0.0227742
1.09010802394 0.763289 0.0221194
1.09638966596 0.772905 0.0209739
1.10268113206 0.777912 0.0224281
1.10896304759 0.787233 0.0222837
1.11522542846 0.798932 0.020668
1.12150212761 0.810358 0.0213344
1.12779257382 0.816564 0.0190171
1.13408955267 0.830189 0.0194016
1.14036404965 0.843226 0.0225397
1.14663918032 0.850775 0.0183618
1.15294241299 0.865389 0.0214849
1.15922890675 0.873709 0.0186375
1.16550872189 0.88401 0.018375
1.17179307626 0.896214 0.0182491
1.17808743637 0.912761 0.018569
1.18436765425 0.924243 0.0190027
1.1906346423 0.93477 0.0176359
1.19691220883 0.950101 0.0154194
1.20320157735 0.958107 0.0161693
1.20948684444 0.976656 0.0182054
1.21576390207 0.992148 0.0159419
1.22204975517 1.00713 0.015451
1.22834061662 1.02221 0.0180148
1.23463298658 1.03783 0.0173633
1.24090224718 1.05139 0.0180295
1.24717483914 1.06343 0.0164137
1.25346545993 1.08709 0.015011
1.25974995189 1.09952 0.0158447
1.26603214313 1.11928 0.0154291
1.27231628847 1.13441 0.0123174
1.27860415506 1.14954 0.0165334
1.28488658893 1.16976 0.014747
1.29117542007 1.1841 0.0148339
1.29746572637 1.20775 0.0138883
1.30374182701 1.22449 0.0138773
1.31001732292 1.2467 0.0133204
1.31630144766 1.26401 0.0159544
1.32258676036 1.28338 0.0144587
1.32886549245 1.30381 0.0137734
1.33514480495 1.32269 0.0124909
1.34144051627 1.34439 0.012396
1.34773086842 1.36445 0.0149735
1.35400158999 1.38626 0.0142353
1.3602826093 1.4084 0.0126222
1.36656568646 1.42855 0.0125058
1.37285149848 1.44923 0.0134329
1.37913537293 1.47413 0.0122999
1.38540956715 1.49676 0.0117298
1.39169864122 1.51708 0.0130715
1.39798445144 1.54441 0.0120235
1.40426788341 1.56596 0.0124813
1.41055477948 1.58944 0.0121
1.41683783355 1.61493 0.0119176
1.42311817719 1.63732 0.0118589
1.42939780116 1.66201 0.0133537
1.43568692182 1.68556 0.0132519
1.44197712177 1.71266 0.0119656
1.44825366785 1.74002 0.0115942
1.45453234897 1.76544 0.0106649
1.46081931915 1.78993 0.0116599
1.4671103644 1.8148 0.0111863
1.47339290895 1.84271 0.0121495
1.47966996524 1.87 0.0115535
1.4859561446 1.8965 0.0125965
1.49223361076 1.92345 0.0114394
1.49850247038 1.95086 0.0113194
1.50478575205 1.97808 0.0110735
1.51107599189 2.00668 0.0115968
1.51736163499 2.03533 0.0102021
1.52364857097 2.06241 0.0101144
1.52993803572 2.09027 0.0104897
1.53623017691 2.11767 0.0106531
1.54251071878 2.14788 0.0108155
1.54878396308 2.17769 0.0103218
1.55507306978 2.20496 0.0108108
1.56135732493 2.23574 0.0111694
1.56762912105 2.26468 0.0122011
1.5739136974 2.29489 0.0104331
1.58020354523 2.32431 0.0103953
1.58648539343 2.35485 0.00984475
1.59276001426 2.38313 0.0105653
1.59904643639 2.41272 0.0108223
1.60534213664 2.44558 0.0101272
1.61161976836 2.47052 0.0112907
1.61789716835 2.4795 0.0103672
1.62418270854 2.4929 0.011862
1.63046407995 2.50803 0.00913964
1.63674824683 2.52314 0.0106862
1.64303013827 2.53622 0.0104356
1.64930808063 2.55044 0.011029
1.65559224863 2.56517 0.0116052
1.66187827598 2.58012 0.0110971
1.66816823994 2.59526 0.0119875
1.6744495611 2.61016 0.0105182
1.68072138563 2.62501 0.0105481
1.68701215424 2.64078 0.011255
1.6933074808 2.65697 0.0102196
1.69958064303 2.67167 0.0110324
1.70586179344 2.68686 0.0106197
1.71215172419 2.70579 0.0124121
1.71843538617 2.71962 0.0116456
1.72471844694 2.73637 0.0120723
1.73099491844 2.75462 0.0115409
1.73728636032 2.77102 0.0126406
1.74356630258 2.78724 0.0129297
1.74983600778 2.80642 0.0122695
1.75612327869 2.82383 0.012489
1.76241061606 2.83981 0.0127366
1.76869357896 2.85857 0.0122157
1.77497674839 2.87617 0.0121043
1.78126362161 2.89241 0.0120394
1.78754574761 2.91116 0.0116083
1.7938272923 2.93201 0.0118437
1.80010772174 2.94938 0.012469
1.80639091391 2.9691 0.0135344
1.81267451427 2.98801 0.0137586
1.81895363524 3.00778 0.0131038
1.82523850291 3.02817 0.0127188
1.8315236862 3.04647 0.0121683
1.83781040898 3.06796 0.0120216
1.84409642612 3.08701 0.0126239
1.8503769215 3.1072 0.0120566
1.85666074594 3.12699 0.0139021
1.86294359809 3.14755 0.0139208
1.86922204917 3.16877 0.0120604
1.87550781357 3.1911 0.0133775
1.88179499507 3.21158 0.0128758
1.88807781314 3.23352 0.0122038
1.89435244502 3.25402 0.0131888
1.90063796885 3.27715 0.0136932
1.90692833723 3.29839 0.012895
1.91320221586 3.32226 0.013493
1.91948223445 3.34354 0.0140205
1.92577010575 3.36519 0.0135766
1.93206491035 3.38955 0.0151583
1.93834071151 3.40963 0.0139648
1.94460828613 3.43447 0.014696
1.9508968614 3.45732 0.0148973
1.95718811973 3.48121 0.0151673
1.96347509207 3.50529 0.0146654
1.9697553281 3.52723 0.0141477
1.9760413775 3.55451 0.0153387
1.98233260336 3.57619 0.0145065
1.98861171931 3.60279 0.0144375
1.99488792869 3.62478 0.0143162
2.00117304134 3.65104 0.0154665
2.00745262249 3.67568 0.0159735
2.01372721862 3.69901 0.0142439
2.02001108039 3.72731 0.0134058
2.02630405283 3.7495 0.0162698
2.03258735828 3.775 0.0147409
2.03886100377 3.8009 0.0158073
2.04514489951 3.82443 0.0156045
2.05143683626 3.85197 0.0160887
2.05772382203 3.87796 0.015681
2.0640044634 3.90242 0.0157883
2.07029278421 3.92794 0.014464
2.07658471853 3.95238 0.0155376
2.08285424307 3.98131 0.017191
2.08912259138 4.00163 0.0150072
2.09541730178 4.03097 0.0159654
2.10170304464 4.05634 0.0170578
2.10797273337 4.08004 0.0163801
2.11425579676 4.10763 0.0165062
2.12053788985 4.1304 0.0184487
2.12682075079 4.15971 0.0161544
2.13310670204 4.18237 0.0177286
2.13940011923 4.2074 0.0180354
2.14568939859 4.23545 0.0172194
2.15195789682 4.25665 0.0171277
2.15824033347 4.28383 0.0178513
2.16453048092 4.30526 0.017039
2.17081716829 4.33366 0.0183688
2.17709912993 4.35514 0.0188194
2.18337674027 4.37737 0.0192325
2.18965452646 4.40457 0.0182916
2.19593814184 4.42261 0.0193662
2.20221722867 4.44924 0.0184251
2.20849850085 4.46666 0.0199042
2.21479372465 4.49482 0.0190588
2.22107581834 4.51342 0.0192051
2.22733812199 4.53496 0.0181545
2.23362792264 4.55834 0.0194405
2.2399287897 4.57585 0.0201503
2.24620084223 4.59643 0.0196883
2.2524810722 4.6091 0.0203606
2.25875993301 4.62938 0.0202903
2.26503776668 4.64466 0.0209282
2.27130391144 4.66198 0.021432
2.27758972822 4.675 0.0205771
2.28389830542 4.69254 0.0221973
2.29017001225 4.71232 0.0236077
2.29645357402 4.72899 0.0213352
2.30275372852 4.74605 0.0237226
2.30903325986 4.7681 0.0228128
2.31530674049 4.78981 0.0230996
2.32158490306 4.80771 0.0238884
2.3278758488 4.82724 0.0230769
2.33415543799 4.85049 0.0273793
2.34041936871 4.87364 0.0243461
2.34670710068 4.89654 0.0243647
2.3530032916 4.91565 0.027104
2.35928989445 4.94026 0.0300136
2.36555387699 4.96409 0.0298315
2.37182578571 4.98535 0.026312
2.3781409032 5.00625 0.0271589
2.38442809259 5.03006 0.0282486
2.39069258243 5.05783 0.0286368
2.39698813839 5.08011 0.0280354
2.40330354843 5.10349 0.0308893
2.40957307365 5.12697 0.028048
2.41583080138 5.14749 0.0299579
2.42214385676 5.17561 0.0288179
2.42843005755 5.1995 0.030898
2.43467776878 5.2264 0.0291317
2.44097021258 5.24765 0.0301452
2.44729898127 5.27782 0.0327232
2.45356911846 5.30267 0.0309466
2.45980003814 5.32049 0.0345259
2.4661092349 5.35052 0.0371221
2.47241430729 5.37199 0.033524
2.47866355169 5.39955 0.0338318
2.48493431628 5.42341 0.0366622
2.49124283111 5.4499 0.0405958
2.49755537626 5.47573 0.03457
2.50380379021 5.4966 0.0379582
2.51005045336 5.52677 0.0429474
2.51638815336 5.55119 0.0351446
2.52269694929 5.57534 0.0437501
2.52891211798 5.60395 0.0377536
2.53519495098 5.62243 0.0413764
2.54155301509 5.6539 0.0414084
2.54783359884 5.67835 0.0486345
2.55402772623 5.70553 0.0478687
2.56033571996 5.72497 0.0450744
2.56672381747 5.75718 0.0494389
2.57294751341 5.77323 0.0486638
2.57911252531 5.80236 0.0439806
2.58547549612 5.81971 0.0525188
2.59185019505 5.84788 0.052033
2.59805932148 5.87265 0.0542787
2.60429715989 5.90239 0.0556672
2.61067449751 5.92901 0.0555881
2.61693283418 5.95203 0.0589163
2.62300854502 5.96767 0.0633327
2.62939753095 5.98409 0.0609086
2.63591057571 6.0169 0.0631132
2.64202978624 6.03333 0.0725682
2.64803951219 6.05406 0.0676896
2.65454096229 6.07347 0.0738148
2.66118028258 6.1 0.0741441
2.66719514746 6.12003 0.0879976
2.67309090101 6.14248 0.089185
2.67973176445 6.15771 0.0889772
2.68646693102 6.1958 0.0932186
2.69219835647 6.19933 0.0880288
2.69796467721 6.20555 0.0934264
2.70489193937 6.23229 0.106677
2.71182026315 6.26812 0.120356
2.71709790339 6.28621 0.16947
2.7227864466 6.3002 0.130954
2.72994784687 6.29929 0.147381
2.73706528781 6.33924 0.171341
2.74248820391 6.34862 0.247262
2.74787331837 6.33886 0.22496
2.75504313834 6.38579 0.280208
2.76219934437 6.37153 0.340769
2.76789278819 6.37715 0.607315
2.77283198247 6.44704 0.527576
2.77965581172 6.50767 1.40524
2.78599582346 nan nan
