0.0088996412247 1.00356 0.19484
0.0150791221651 0.937015 0.103416
0.0214479018646 0.905507 0.0735777
0.0278366077649 0.92782 0.0570067
0.034350997858 0.956228 0.050201
0.0404788676143 0.979991 0.0506269
0.0467671668358 1.00466 0.0408495
0.0530822510177 1.01386 0.0389974
0.0594536244094 1.00282 0.0327374
0.0657622481459 1.01076 0.0314656
0.071966329067 1.01888 0.0369001
0.0782786091569 1.02409 0.0332687
0.0847039894583 1.05011 0.0316162
0.0909685462053 1.07619 0.0287618
0.0972078977683 1.10435 0.0277348
0.103476303896 1.12301 0.0301397
0.109757644425 1.13734 0.0234431
0.116054308478 1.14585 0.0240609
0.122366966654 1.14849 0.0244535
0.128681726309 1.1516 0.0237369
0.134950080166 1.17489 0.0221002
0.141194955884 1.18507 0.0228655
0.147513357575 1.20261 0.0198314
0.153786507425 1.21957 0.0204611
0.160065754405 1.24116 0.0209907
0.166399116869 1.25376 0.0209044
0.172719564578 1.27102 0.0186011
0.178976521338 1.28516 0.0211928
0.185235369065 1.30416 0.0199592
0.191480678734 1.31452 0.018576
0.197788986865 1.3283 0.01918
0.204093773545 1.33813 0.0184262
0.210393930261 1.34933 0.0192373
0.216690970982 1.35582 0.0181914
0.222970028122 1.36224 0.017485
0.229262002709 1.36898 0.0199175
0.235514150837 1.37204 0.0155948
0.241791058382 1.37871 0.0208007
0.248085653944 1.38101 0.0187838
0.254349225687 1.38687 0.0149995
0.260633425188 1.38638 0.017533
0.26692573709 1.38555 0.0174738
0.273242334314 1.38353 0.0174459
0.279552968008 1.38035 0.0182229
0.285836629231 1.37689 0.0174317
0.292087627139 1.37263 0.017126
0.298344984444 1.36355 0.0191444
0.304638263941 1.35847 0.0167712
0.3109279127 1.35269 0.0161349
0.317216817162 1.34885 0.0160368
0.323518756794 1.34308 0.01765
0.329816821755 1.33534 0.0179192
0.336117642946 1.32941 0.0171809
0.342370037571 1.3226 0.0181481
0.348647819267 1.3146 0.0188399
0.354941161441 1.31027 0.0168442
0.361191693542 1.29974 0.0178924
0.367476708956 1.291 0.0165599
0.373764779528 1.28936 0.0189013
0.380065403148 1.279 0.0177094
0.386353986126 1.27199 0.01647
0.392614018136 1.26528 0.0185941
0.398926450032 1.2588 0.0153067
0.405207324458 1.33393 0.0156074
0.411491647757 1.2422 0.0175495
0.417781427212 1.23621 0.0170138
0.424040064873 1.22731 0.0149611
0.430342569027 1.22103 0.019098
0.436635856026 1.21765 0.0167281
0.442899618322 1.20961 0.0150519
0.449163441853 1.2042 0.0185586
0.455441414625 1.19319 0.0183007
0.46176344703 1.18564 0.0158006
0.468064424202 1.17903 0.0165501
0.474348524276 1.17356 0.0146517
0.480635613682 1.16375 0.0159991
0.486901925839 1.16231 0.0147861
0.49316970996 1.14966 0.0183772
0.499450674714 1.14666 0.0167221
0.505715905134 1.13657 0.0162459
0.511992399627 1.12863 0.0189125
0.518312609777 1.12093 0.0161024
0.524608963803 1.11193 0.0184676
0.530875730848 1.10517 0.0183945
0.537157352795 1.09941 0.0177931
0.543457956378 1.09247 0.0171485
0.549743065239 1.08251 0.0185112
0.55599374275 1.07888 0.0166527
0.562285467661 1.0709 0.0171999
0.568601153723 1.06614 0.0165458
0.574880458942 1.05772 0.0166471
0.581155021034 1.05209 0.0192929
0.587439449666 1.04467 0.018766
0.59371762203 1.03587 0.0174369
0.599997195479 1.0307 0.0171815
0.606267911512 1.02231 0.0183639
0.612546957644 1.01718 0.0196364
0.618847773304 1.01075 0.0189271
0.625131056744 1.00138 0.0170393
0.631402745038 0.996789 0.0167575
0.637700356273 0.987381 0.0203483
0.643985778331 0.984614 0.018264
0.650268541717 0.973499 0.0189866
0.65655861177 0.970837 0.0202897
0.662836928236 0.960939 0.0192587
0.669118544496 0.955224 0.0189979
0.675407019858 0.945881 0.016923
0.681683551459 0.940947 0.0195364
0.687959253386 0.933836 0.0172354
0.694234431704 0.928789 0.0205879
0.700517540243 0.924605 0.0176147
0.706812495661 0.915877 0.018043
0.713101900967 0.911287 0.0171716
0.719391825117 0.906413 0.0182486
0.72568338076 0.899959 0.018296
0.731965268271 0.893712 0.0229377
0.738250799048 0.886987 0.0177334
0.744526584212 0.882192 0.0157116
0.750787110194 0.87658 0.0194736
0.757075846532 0.868461 0.0191706
0.76336412336 0.862995 0.0202043
0.769646295986 0.861086 0.021354
0.775939486518 0.852151 0.0183183
0.782232914199 0.848926 0.0201061
0.788531493652 0.842321 0.0188078
0.794789656698 0.836979 0.0223296
0.801049109659 0.83161 0.0209209
0.807336406173 0.830001 0.0204369
0.813622948837 0.821619 0.0216706
0.819915299896 0.819488 0.0199345
0.826195263639 0.814334 0.020606
0.832489707008 0.811902 0.0199649
0.838795930921 0.804628 0.0218083
0.84506346397 0.800244 0.021455
0.851328286756 0.800709 0.0217866
0.85761982639 0.788293 0.0212475
0.863905847706 0.789528 0.0218423
0.870183874549 0.785655 0.0178935
0.876464109608 0.784501 0.0227857
0.88275038734 0.778148 0.0195075
0.889033276839 0.774995 0.0213157
0.895308424711 0.771592 0.0226882
0.901595652167 0.769001 0.0207984
0.907883332809 0.771215 0.0250817
0.914174410632 0.764408 0.0222743
0.920463081772 0.765017 0.0254562
0.926743441526 0.761457 0.0232577
0.933032419735 0.759689 0.0215334
0.939326578557 0.758361 0.0246567
0.94559748104 0.756418 0.0221078
0.951866001855 0.755777 0.0216233
0.958141325553 0.753304 0.0197615
0.964435094511 0.751849 0.0222261
0.970735563357 0.758283 0.021376
0.977008076845 0.760422 0.0212471
0.983282332536 0.756999 0.0212199
0.989556969197 0.758601 0.0191735
0.995845630192 0.758497 0.0201585
1.00213621074 0.76003 0.0210051
1.00840482534 0.762051 0.0210586
1.01469414984 0.767211 0.0210705
1.02099255544 0.767577 0.0219571
1.02727398044 0.769699 0.0238802
1.0335591819 0.770199 0.019718
1.03984755739 0.77411 0.0187951
1.04612697494 0.776859 0.0219933
1.05240343681 0.782174 0.0174964
1.05868070465 0.786498 0.0215623
1.06496433307 0.792846 0.0246487
1.07125677744 0.794169 0.0210293
1.0775440488 0.797567 0.020166
1.08382482019 0.804586 0.0223584
1.09010802394 0.809423 0.0209194
1.09638966596 0.818079 0.0196836
1.10268113206 0.822483 0.0210856
1.10896304759 0.828975 0.0208638
1.11522542846 0.839908 0.0194967
1.12150212761 0.847418 0.021782
1.12779257382 0.851908 0.0178329
1.13408955267 0.861301 0.0191787
1.14036404965 0.872248 0.0205488
1.14663918032 0.880533 0.0211355
1.15294241299 0.892182 0.021475
1.15922890675 0.899596 0.0205066
1.16550872189 0.91061 0.0177903
1.17179307626 0.920748 0.0180769
1.17808743637 0.931731 0.0177243
1.18436765425 0.942559 0.0186797
1.1906346423 0.954022 0.0190597
1.19691220883 0.966472 0.0181194
1.20320157735 0.976843 0.0175623
1.20948684444 0.992846 0.0186717
1.21576390207 1.00506 0.0178759
1.22204975517 1.02009 0.0190206
1.22834061662 1.0298 0.018415
1.23463298658 1.04641 0.0177158
1.24090224718 1.06224 0.0180683
1.24717483914 1.07545 0.0156839
1.25346545993 1.09328 0.0158509
1.25974995189 1.10467 0.0157851
1.26603214313 1.12453 0.0140448
1.27231628847 1.14057 0.0160748
1.27860415506 1.15532 0.0170801
1.28488658893 1.17301 0.0152653
1.29117542007 1.1861 0.0160333
1.29746572637 1.20952 0.0153304
1.30374182701 1.2252 0.0154784
1.31001732292 1.24851 0.0147391
1.31630144766 1.26269 0.0163186
1.32258676036 1.28193 0.0136437
1.32886549245 1.30205 0.0142122
1.33514480495 1.32017 0.0129032
1.34144051627 1.34174 0.0137287
1.34773086842 1.36088 0.0153227
1.35400158999 1.38239 0.0128785
1.3602826093 1.40431 0.0143826
1.36656568646 1.42566 0.0137614
1.37285149848 1.44548 0.0133839
1.37913537293 1.47139 0.0124293
1.38540956715 1.49076 0.0121967
1.39169864122 1.51363 0.0138183
1.39798445144 1.53988 0.0127709
1.40426788341 1.55918 0.0120182
1.41055477948 1.58486 0.0114126
1.41683783355 1.60876 0.0115803
1.42311817719 1.63271 0.0126931
1.42939780116 1.65562 0.0126729
1.43568692182 1.68106 0.0111851
1.44197712177 1.70657 0.0122515
1.44825366785 1.73233 0.0116602
1.45453234897 1.75924 0.0106085
1.46081931915 1.78356 0.012202
1.4671103644 1.80844 0.0125671
1.47339290895 1.83668 0.0119741
1.47966996524 1.86303 0.0115969
1.4859561446 1.88942 0.0124655
1.49223361076 1.91637 0.0119249
1.49850247038 1.94588 0.0104642
1.50478575205 1.97061 0.0105169
1.51107599189 1.99946 0.0118797
1.51736163499 2.02817 0.010441
1.52364857097 2.05536 0.0112268
1.52993803572 2.08442 0.0110744
1.53623017691 2.11255 0.0115605
1.54251071878 2.14195 0.0118491
1.54878396308 2.17172 0.0105595
1.55507306978 2.19988 0.0104749
1.56135732493 2.22904 0.0116772
1.56762912105 2.25838 0.0111675
1.5739136974 2.28903 0.0105679
1.58020354523 2.31809 0.0114062
1.58648539343 2.35046 0.0105193
1.59276001426 2.37714 0.00960058
1.59904643639 2.4079 0.0104309
1.60534213664 2.43948 0.00945172
1.61161976836 2.46135 0.0107182
1.61789716835 2.47358 0.0110561
1.62418270854 2.48722 0.0119924
1.63046407995 2.50151 0.00960833
1.63674824683 2.51713 0.0114986
1.64303013827 2.53106 0.0108394
1.64930808063 2.54583 0.0109074
1.65559224863 2.55907 0.0108301
1.66187827598 2.57451 0.0104415
1.66816823994 2.58868 0.0105085
1.6744495611 2.6046 0.0113126
1.68072138563 2.61999 0.0120313
1.68701215424 2.63482 0.0115068
1.6933074808 2.64978 0.011715
1.69958064303 2.66571 0.0120029
1.70586179344 2.68133 0.0114868
1.71215172419 2.69992 0.0108773
1.71843538617 2.7136 0.0124255
1.72471844694 2.73117 0.0118853
1.73099491844 2.74891 0.0121025
1.73728636032 2.76544 0.0119056
1.74356630258 2.78125 0.0128021
1.74983600778 2.80148 0.0116338
1.75612327869 2.81873 0.0125811
1.76241061606 2.83506 0.0117418
1.76869357896 2.85308 0.0117911
1.77497674839 2.87161 0.0126664
1.78126362161 2.8881 0.0118735
1.78754574761 2.9077 0.0111394
1.7938272923 2.92686 0.0122616
1.80010772174 2.94568 0.012168
1.80639091391 2.96468 0.0128711
1.81267451427 2.98421 0.0126537
1.81895363524 3.0032 0.0113006
1.82523850291 3.02432 0.0122581
1.8315236862 3.04328 0.0125574
1.83781040898 3.0653 0.0129276
1.84409642612 3.08485 0.0119008
1.8503769215 3.10447 0.0115481
1.85666074594 3.12477 0.0135343
1.86294359809 3.14602 0.0135498
1.86922204917 3.16767 0.01264
1.87550781357 3.18852 0.0134883
1.88179499507 3.20968 0.0122843
1.88807781314 3.23277 0.0129256
1.89435244502 3.25282 0.012773
1.90063796885 3.2755 0.0142685
1.90692833723 3.29787 0.0128662
1.91320221586 3.32096 0.0132183
1.91948223445 3.34461 0.0131003
1.92577010575 3.36533 0.0131281
1.93206491035 3.39086 0.014654
1.93834071151 3.40922 0.0134321
1.94460828613 3.43486 0.0138489
1.9508968614 3.45872 0.0150885
1.95718811973 3.48281 0.0149702
1.96347509207 3.50724 0.0146795
1.9697553281 3.52945 0.0143887
1.9760413775 3.55628 0.0145096
1.98233260336 3.57934 0.0141433
1.98861171931 3.60582 0.0146141
1.99488792869 3.62724 0.0143911
2.00117304134 3.65338 0.0165909
2.00745262249 3.67973 0.0146179
2.01372721862 3.70229 0.0138618
2.02001108039 3.73054 0.0133799
2.02630405283 3.75411 0.0160361
2.03258735828 3.77966 0.014827
2.03886100377 3.80506 0.0155524
2.04514489951 3.82981 0.015143
2.05143683626 3.85683 0.0143068
2.05772382203 3.88171 0.0157765
2.0640044634 3.90829 0.0140935
2.07029278421 3.93355 0.0140185
2.07658471853 3.95858 0.0153054
2.08285424307 3.9884 0.015564
2.08912259138 4.0104 0.0139396
2.09541730178 4.03741 0.0176583
2.10170304464 4.06333 0.0163853
2.10797273337 4.0866 0.0148256
2.11425579676 4.11572 0.0173465
2.12053788985 4.13783 0.0160886
2.12682075079 4.16791 0.0169521
2.13310670204 4.18991 0.0180019
2.13940011923 4.21657 0.0176718
2.14568939859 4.24412 0.0177627
2.15195789682 4.26542 0.0171792
2.15824033347 4.29366 0.0183379
2.16453048092 4.31454 0.0171061
2.17081716829 4.34176 0.0178997
2.17709912993 4.3655 0.0183866
2.18337674027 4.38683 0.0181248
2.18965452646 4.41387 0.0177131
2.19593814184 4.43229 0.0193169
2.20221722867 4.4603 0.0185707
2.20849850085 4.47723 0.019027
2.21479372465 4.5057 0.0185698
2.22107581834 4.52448 0.0183928
2.22733812199 4.5466 0.0180749
2.23362792264 4.57024 0.018259
2.2399287897 4.58784 0.0205116
2.24620084223 4.60819 0.0197613
2.2524810722 4.62369 0.0194625
2.25875993301 4.64321 0.0202807
2.26503776668 4.65808 0.0207207
2.27130391144 4.67406 0.0211768
2.27758972822 4.68887 0.020611
2.28389830542 4.7063 0.0224109
2.29017001225 4.72643 0.0231997
2.29645357402 4.7453 0.0208105
2.30275372852 4.76255 0.0259133
2.30903325986 4.78343 0.0224944
2.31530674049 4.8048 0.0213373
2.32158490306 4.82371 0.0245933
2.3278758488 4.84157 0.026042
2.33415543799 4.86564 0.027645
2.34041936871 4.89105 0.025125
2.34670710068 4.91104 0.0227291
2.3530032916 4.93042 0.0269369
2.35928989445 4.95713 0.0262346
2.36555387699 4.98239 0.028351
2.37182578571 5.00375 0.0278223
2.3781409032 5.02472 0.0280723
2.38442809259 5.04919 0.0288378
2.39069258243 5.07473 0.0286749
2.39698813839 5.09787 0.0281044
2.40330354843 5.1233 0.0285176
2.40957307365 5.1454 0.0265821
2.41583080138 5.17139 0.0303436
2.42214385676 5.19716 0.0275637
2.42843005755 5.22021 0.0294304
2.43467776878 5.24937 0.0295124
2.44097021258 5.26535 0.0284574
2.44729898127 5.30115 0.0335231
2.45356911846 5.32222 0.0309636
2.45980003814 5.34401 0.0309845
2.4661092349 5.37211 0.0358659
2.47241430729 5.39755 0.0325666
2.47866355169 5.42347 0.0337902
2.48493431628 5.4459 0.0367133
2.49124283111 5.46997 0.0378786
2.49755537626 5.49938 0.0358813
2.50380379021 5.52035 0.0351152
2.51005045336 5.5484 0.0401635
2.51638815336 5.57756 0.036906
2.52269694929 5.60354 0.0419513
2.52891211798 5.63131 0.0370749
2.53519495098 5.6488 0.0353975
2.54155301509 5.67735 0.0382414
2.54783359884 5.70352 0.0458942
2.55402772623 5.73437 0.0418986
2.56033571996 5.7511 0.0446513
2.56672381747 5.77859 0.0507633
2.57294751341 5.80319 0.0415034
2.57911252531 5.83195 0.0460457
2.58547549612 5.84696 0.0509491
2.59185019505 5.87421 0.0488219
2.59805932148 5.894 0.0550357
2.60429715989 5.92885 0.0503155
2.61067449751 5.9505 0.0562922
2.61693283418 5.97996 0.0571309
2.62300854502 5.99965 0.0547323
2.62939753095 6.0137 0.0573025
2.63591057571 6.04412 0.0679038
2.64202978624 6.06611 0.068975
2.64803951219 6.08021 0.0720868
2.65454096229 6.1033 0.0683014
2.66118028258 6.14263 0.0763223
2.66719514746 6.15523 0.0845255
2.67309090101 6.16844 0.0790502
2.67973176445 6.18529 0.086221
2.68646693102 6.2327 0.0938028
2.69219835647 6.2348 0.0994274
2.69796467721 6.2437 0.106497
2.70489193937 6.25826 0.111271
2.71182026315 6.29301 0.10804
2.71709790339 6.31144 0.177072
2.7227864466 6.33616 0.133572
2.72994784687 6.32399 0.145567
2.73706528781 6.36501 0.174013
2.74248820391 6.38112 0.236176
2.74787331837 6.33794 0.209724
2.75504313834 6.43928 0.260577
2.76219934437 6.44687 0.367412
2.76789278819 6.37044 0.683024
2.77283198247 6.49893 0.556629
2.77965581172 6.40005 1.30727
2.78599582346 nan nan
