0.0088996412247 5.09607 0.161006
0.0150791221651 4.26186 0.0853053
0.0214479018646 3.67669 0.0565481
0.0278366077649 3.27796 0.0424108
0.034350997858 2.98815 0.0375082
0.0404788676143 2.7848 0.0364425
0.0467671668358 2.61556 0.0337345
0.0530822510177 2.47577 0.0285399
0.0594536244094 2.37188 0.0262475
0.0657622481459 2.28472 0.0239097
0.071966329067 2.22119 0.021306
0.0782786091569 2.16357 0.0218205
0.0847039894583 2.11104 0.019012
0.0909685462053 2.07706 0.0246117
0.0972078977683 2.04594 0.0208858
0.103476303896 2.01471 0.0202655
0.109757644425 1.9882 0.0217059
0.116054308478 1.96085 0.0173902
0.122366966654 1.93614 0.0192205
0.128681726309 1.91136 0.0163951
0.134950080166 1.89636 0.0172312
0.141194955884 1.88307 0.0168349
0.147513357575 1.8715 0.0145252
0.153786507425 1.86167 0.0173783
0.160065754405 1.84998 0.0163439
0.166399116869 1.84078 0.0184192
0.172719564578 1.82701 0.0146678
0.178976521338 1.81573 0.0165673
0.185235369065 1.8042 0.0164969
0.191480678734 1.79437 0.016801
0.197788986865 1.78714 0.0147965
0.204093773545 1.77964 0.0154443
0.210393930261 1.77198 0.0162149
0.216690970982 1.76655 0.0162992
0.222970028122 1.7573 0.0171134
0.229262002709 1.75131 0.0165167
0.235514150837 1.74326 0.0135381
0.241791058382 1.73676 0.0140714
0.248085653944 1.73127 0.0150089
0.254349225687 1.71953 0.0164163
0.260633425188 1.71692 0.0146228
0.26692573709 1.70981 0.0147999
0.273242334314 1.70289 0.0138167
0.279552968008 1.69711 0.0163239
0.285836629231 1.68887 0.0142195
0.292087627139 1.68661 0.0155553
0.298344984444 1.68236 0.014586
0.304638263941 1.67227 0.0143114
0.3109279127 1.66889 0.0149457
0.317216817162 1.66243 0.0153619
0.323518756794 1.65647 0.0149854
0.329816821755 1.65336 0.0144605
0.336117642946 1.64715 0.0148874
0.342370037571 1.64338 0.0126339
0.348647819267 1.63502 0.013407
0.354941161441 1.63185 0.0143847
0.361191693542 1.62659 0.0141107
0.367476708956 1.62386 0.0140927
0.373764779528 1.61839 0.0136043
0.380065403148 1.61284 0.0151548
0.386353986126 1.60859 0.0127901
0.392614018136 1.60579 0.0131493
0.398926450032 1.60375 0.0127422
0.405207324458 1.59779 0.0128057
0.411491647757 1.59454 0.0135837
0.417781427212 1.59026 0.0136176
0.424040064873 1.58591 0.0134023
0.430342569027 1.58151 0.0146861
0.436635856026 1.57811 0.0129236
0.442899618322 1.5746 0.0127862
0.449163441853 1.57062 0.0133457
0.455441414625 1.56643 0.0126558
0.46176344703 1.5644 0.0116832
0.468064424202 1.55983 0.0149738
0.474348524276 1.55765 0.012017
0.480635613682 1.55449 0.0135813
0.486901925839 1.55185 0.0127444
0.49316970996 1.5497 0.0150723
0.499450674714 1.54787 0.012676
0.505715905134 1.54402 0.0123693
0.511992399627 1.54161 0.0134788
0.518312609777 1.53944 0.0116543
0.524608963803 1.53624 0.012523
0.530875730848 1.53528 0.0121365
0.537157352795 1.53397 0.0123824
0.543457956378 1.53147 0.0130185
0.549743065239 1.52883 0.0111914
0.55599374275 1.52782 0.0112584
0.562285467661 1.52644 0.0120682
0.568601153723 1.52387 0.0108363
0.574880458942 1.52129 0.0125258
0.581155021034 1.52072 0.012275
0.587439449666 1.51866 0.0127062
0.59371762203 1.51835 0.0120873
0.599997195479 1.51847 0.0120776
0.606267911512 1.51591 0.0121231
0.612546957644 1.51472 0.0121132
0.618847773304 1.51369 0.0137822
0.625131056744 1.51165 0.0118639
0.631402745038 1.5121 0.0114717
0.637700356273 1.51108 0.0127204
0.643985778331 1.51012 0.0122207
0.650268541717 1.50999 0.0130036
0.65655861177 1.51012 0.0118995
0.662836928236 1.50895 0.0126798
0.669118544496 1.5098 0.0126908
0.675407019858 1.50926 0.0117395
0.681683551459 1.50886 0.0121979
0.687959253386 1.51028 0.0129452
0.694234431704 1.50907 0.0132123
0.700517540243 1.50923 0.0115779
0.706812495661 1.50848 0.0122207
0.713101900967 1.5101 0.0123774
0.719391825117 1.51071 0.012738
0.72568338076 1.50954 0.0126701
0.731965268271 1.51171 0.0134516
0.738250799048 1.51248 0.0132425
0.744526584212 1.5118 0.011578
0.750787110194 1.51331 0.012012
0.757075846532 1.51327 0.012657
0.76336412336 1.51572 0.012498
0.769646295986 1.51677 0.011747
0.775939486518 1.51826 0.0126493
0.782232914199 1.52 0.012231
0.788531493652 1.52078 0.0117412
0.794789656698 1.52049 0.0118724
0.801049109659 1.52364 0.011715
0.807336406173 1.52459 0.0109469
0.813622948837 1.52611 0.0108726
0.819915299896 1.52734 0.0112242
0.826195263639 1.52973 0.0107342
0.832489707008 1.53248 0.0126099
0.838795930921 1.53341 0.0111267
0.84506346397 1.53398 0.0116874
0.851328286756 1.53575 0.0107108
0.85761982639 1.53887 0.0113453
0.863905847706 1.5401 0.0124937
0.870183874549 1.54256 0.0115622
0.876464109608 1.54489 0.0121242
0.88275038734 1.5469 0.010832
0.889033276839 1.54998 0.0121723
0.895308424711 1.55144 0.0120566
0.901595652167 1.5545 0.0119042
0.907883332809 1.55731 0.0111945
0.914174410632 1.55912 0.0120228
0.920463081772 1.56268 0.0104962
0.926743441526 1.56577 0.0110792
0.933032419735 1.56769 0.0112969
0.939326578557 1.57004 0.0121533
0.94559748104 1.57295 0.0111179
0.951866001855 1.57634 0.0118717
0.958141325553 1.57769 0.0110619
0.964435094511 1.58268 0.011987
0.970735563357 1.58523 0.0113563
0.977008076845 1.58897 0.0113992
0.983282332536 1.59144 0.0107208
0.989556969197 1.59582 0.0111056
0.995845630192 1.59931 0.0114572
1.00213621074 1.60147 0.0108933
1.00840482534 1.60633 0.0112869
1.01469414984 1.60832 0.011483
1.02099255544 1.61302 0.0111726
1.02727398044 1.6168 0.0114378
1.0335591819 1.62117 0.0110162
1.03984755739 1.62527 0.0121701
1.04612697494 1.62884 0.0121262
1.05240343681 1.63082 0.0117181
1.05868070465 1.63581 0.0110229
1.06496433307 1.63842 0.0109433
1.07125677744 1.64323 0.0102638
1.0775440488 1.64798 0.0110345
1.08382482019 1.65051 0.0116185
1.09010802394 1.65595 0.0118156
1.09638966596 1.66049 0.0101612
1.10268113206 1.66411 0.0112693
1.10896304759 1.66865 0.0122241
1.11522542846 1.67248 0.0110686
1.12150212761 1.67815 0.0115736
1.12779257382 1.68178 0.0117318
1.13408955267 1.68692 0.012271
1.14036404965 1.69082 0.0111237
1.14663918032 1.69548 0.0115386
1.15294241299 1.70101 0.0107885
1.15922890675 1.70457 0.0112002
1.16550872189 1.7091 0.00988876
1.17179307626 1.71401 0.0107962
1.17808743637 1.71971 0.0110044
1.18436765425 1.72373 0.0106262
1.1906346423 1.72849 0.0104473
1.19691220883 1.7339 0.0104647
1.20320157735 1.73901 0.0111818
1.20948684444 1.74272 0.0105669
1.21576390207 1.74903 0.0109469
1.22204975517 1.75398 0.010182
1.22834061662 1.7591 0.0106091
1.23463298658 1.76433 0.0113042
1.24090224718 1.76923 0.0108968
1.24717483914 1.77504 0.010084
1.25346545993 1.7811 0.0108552
1.25974995189 1.78581 0.0111361
1.26603214313 1.79086 0.0104277
1.27231628847 1.79625 0.0108977
1.27860415506 1.80237 0.011123
1.28488658893 1.80708 0.0113764
1.29117542007 1.8128 0.010636
1.29746572637 1.81821 0.00904315
1.30374182701 1.82405 0.0107613
1.31001732292 1.82908 0.0108876
1.31630144766 1.83443 0.0110313
1.32258676036 1.84078 0.0106805
1.32886549245 1.84706 0.0100587
1.33514480495 1.85316 0.00997307
1.34144051627 1.85723 0.0105648
1.34773086842 1.86489 0.0109284
1.35400158999 1.86955 0.0102333
1.3602826093 1.87591 0.0114908
1.36656568646 1.88176 0.0110821
1.37285149848 1.88796 0.0102198
1.37913537293 1.89357 0.010817
1.38540956715 1.89963 0.00986085
1.39169864122 1.90578 0.0107354
1.39798445144 1.91172 0.011277
1.40426788341 1.91692 0.0101439
1.41055477948 1.92316 0.0104984
1.41683783355 1.92872 0.0105424
1.42311817719 1.9352 0.0111581
1.42939780116 1.94035 0.00998674
1.43568692182 1.94752 0.0120144
1.44197712177 1.95263 0.0104172
1.44825366785 1.9595 0.0106396
1.45453234897 1.96492 0.0103431
1.46081931915 1.97155 0.0104897
1.4671103644 1.97639 0.0109244
1.47339290895 1.98304 0.0110664
1.47966996524 1.9894 0.0108645
1.4859561446 1.99493 0.0107353
1.49223361076 2.00052 0.0104812
1.49850247038 2.00653 0.0112653
1.50478575205 2.01252 0.0120545
1.51107599189 2.01825 0.0108114
1.51736163499 2.02307 0.0110681
1.52364857097 2.03012 0.010651
1.52993803572 2.03518 0.0116671
1.53623017691 2.04117 0.0106294
1.54251071878 2.04698 0.0102958
1.54878396308 2.05254 0.0113
1.55507306978 2.0583 0.0114605
1.56135732493 2.06439 0.0104497
1.56762912105 2.06859 0.010795
1.5739136974 2.07404 0.0101461
1.58020354523 2.07904 0.011468
1.58648539343 2.0841 0.0110702
1.59276001426 2.08913 0.0107716
1.59904643639 2.09522 0.0107621
1.60534213664 2.09965 0.0117487
1.61161976836 2.10634 0.0109521
1.61789716835 2.11237 0.0115146
1.62418270854 2.11849 0.0106742
1.63046407995 2.12564 0.0100931
1.63674824683 2.13251 0.011108
1.64303013827 2.1389 0.0113229
1.64930808063 2.14624 0.0111153
1.65559224863 2.15369 0.0110797
1.66187827598 2.15971 0.0111595
1.66816823994 2.1658 0.0103
1.6744495611 2.17287 0.0114485
1.68072138563 2.17909 0.0105074
1.68701215424 2.18607 0.0121017
1.6933074808 2.19198 0.0120236
1.69958064303 2.19945 0.0113107
1.70586179344 2.20569 0.0114221
1.71215172419 2.21153 0.0127322
1.71843538617 2.21946 0.0120181
1.72471844694 2.22484 0.0121587
1.73099491844 2.23224 0.0106011
1.73728636032 2.23883 0.010942
1.74356630258 2.2457 0.0119107
1.74983600778 2.25258 0.0111902
1.75612327869 2.25901 0.0110129
1.76241061606 2.26622 0.01168
1.76869357896 2.2725 0.0105245
1.77497674839 2.27869 0.0107019
1.78126362161 2.28447 0.0114679
1.78754574761 2.29203 0.0115227
1.7938272923 2.29957 0.0123582
1.80010772174 2.30654 0.0123301
1.80639091391 2.31202 0.011841
1.81267451427 2.31981 0.0121731
1.81895363524 2.32594 0.0116947
1.82523850291 2.33336 0.0118087
1.8315236862 2.34085 0.0114053
1.83781040898 2.34736 0.0112335
1.84409642612 2.35298 0.0113937
1.8503769215 2.35965 0.0128451
1.85666074594 2.36727 0.0118721
1.86294359809 2.3741 0.012569
1.86922204917 2.38074 0.0125189
1.87550781357 2.38676 0.0133752
1.88179499507 2.39376 0.0125944
1.88807781314 2.4004 0.0122425
1.89435244502 2.40723 0.012545
1.90063796885 2.41376 0.0128877
1.90692833723 2.41989 0.013215
1.91320221586 2.427 0.0129489
1.91948223445 2.43422 0.0128911
1.92577010575 2.44149 0.0126493
1.93206491035 2.44745 0.0133761
1.93834071151 2.45497 0.0121321
1.94460828613 2.46083 0.0129214
1.9508968614 2.46662 0.0134541
1.95718811973 2.47489 0.0131416
1.96347509207 2.48039 0.0124488
1.9697553281 2.48851 0.0134009
1.9760413775 2.49411 0.013449
1.98233260336 2.50158 0.0138607
1.98861171931 2.5083 0.014652
1.99488792869 2.51411 0.0144861
2.00117304134 2.52021 0.015191
2.00745262249 2.52657 0.0154504
2.01372721862 2.5349 0.0144202
2.02001108039 2.54323 0.0142514
2.02630405283 2.54825 0.0146957
2.03258735828 2.55419 0.0146762
2.03886100377 2.56059 0.0153022
2.04514489951 2.56764 0.0142065
2.05143683626 2.57432 0.0149927
2.05772382203 2.58204 0.0152244
2.0640044634 2.58558 0.0146862
2.07029278421 2.59221 0.0155401
2.07658471853 2.59671 0.0147117
2.08285424307 2.60566 0.0161088
2.08912259138 2.61189 0.0162845
2.09541730178 2.61949 0.0150754
2.10170304464 2.62324 0.015782
2.10797273337 2.63039 0.0154607
2.11425579676 2.63677 0.0150547
2.12053788985 2.64235 0.0167442
2.12682075079 2.64868 0.0162307
2.13310670204 2.65216 0.0164251
2.13940011923 2.66088 0.0156865
2.14568939859 2.66598 0.0156089
2.15195789682 2.67196 0.0178034
2.15824033347 2.67804 0.0166522
2.16453048092 2.68422 0.0179662
2.17081716829 2.69037 0.0159003
2.17709912993 2.6947 0.0174569
2.18337674027 2.70122 0.0181474
2.18965452646 2.70434 0.0161872
2.19593814184 2.7128 0.0190536
2.20221722867 2.71646 0.0180044
2.20849850085 2.724 0.0177304
2.21479372465 2.72924 0.017395
2.22107581834 2.73502 0.0190322
2.22733812199 2.74004 0.0179288
2.23362792264 2.74606 0.0179968
2.2399287897 2.7523 0.0177805
2.24620084223 2.75853 0.0183473
2.2524810722 2.76597 0.0191899
2.25875993301 2.77267 0.0181607
2.26503776668 2.7797 0.0187903
2.27130391144 2.78699 0.0179843
2.27758972822 2.79584 0.0185612
2.28389830542 2.80281 0.0202934
2.29017001225 2.81216 0.022585
2.29645357402 2.81419 0.0212227
2.30275372852 2.82563 0.0202714
2.30903325986 2.83335 0.0242822
2.31530674049 2.83959 0.0240144
2.32158490306 2.84763 0.0229521
2.3278758488 2.84908 0.0222593
2.33415543799 2.85721 0.0204294
2.34041936871 2.86503 0.0230786
2.34670710068 2.87179 0.0236479
2.3530032916 2.87818 0.0209174
2.35928989445 2.88559 0.0231728
2.36555387699 2.89231 0.0270866
2.37182578571 2.89586 0.0235489
2.3781409032 2.90251 0.0254402
2.38442809259 2.90972 0.0242252
2.39069258243 2.91413 0.0242551
2.39698813839 2.92162 0.0259252
2.40330354843 2.92899 0.0253643
2.40957307365 2.93753 0.0266988
2.41583080138 2.93915 0.0281644
2.42214385676 2.95232 0.0264384
2.42843005755 2.95332 0.0304151
2.43467776878 2.95669 0.0302535
2.44097021258 2.97004 0.0301662
2.44729898127 2.97507 0.0295055
2.45356911846 2.9786 0.0343096
2.45980003814 2.98195 0.0323509
2.4661092349 2.98966 0.0321545
2.47241430729 2.99475 0.0350942
2.47866355169 3.00683 0.0333855
2.48493431628 3.005 0.0301746
2.49124283111 3.01745 0.0356682
2.49755537626 3.0207 0.0329183
2.50380379021 3.02815 0.0334413
2.51005045336 3.03345 0.03591
2.51638815336 3.03432 0.0360106
2.52269694929 3.04287 0.0378462
2.52891211798 3.04242 0.0394795
2.53519495098 3.06032 0.0405616
2.54155301509 3.06154 0.0438526
2.54783359884 3.05703 0.0411162
2.55402772623 3.0692 0.047819
2.56033571996 3.07227 0.0432688
2.56672381747 3.08804 0.0487589
2.57294751341 3.07875 0.0428301
2.57911252531 3.08816 0.0494864
2.58547549612 3.08743 0.048031
2.59185019505 3.09689 0.047383
2.59805932148 3.10081 0.0492368
2.60429715989 3.10187 0.0444599
2.61067449751 3.11223 0.052294
2.61693283418 3.11166 0.0581271
2.62300854502 3.11981 0.060312
2.62939753095 3.11585 0.0640429
2.63591057571 3.1239 0.0694003
2.64202978624 3.13006 0.0716997
2.64803951219 3.12724 0.070184
2.65454096229 3.1275 0.0670645
2.66118028258 3.1413 0.0721035
2.66719514746 3.1391 0.0903636
2.67309090101 3.15555 0.077778
2.67973176445 3.15124 0.091994
2.68646693102 3.16275 0.0863798
2.69219835647 3.14358 0.101237
2.69796467721 3.1311 0.109145
2.70489193937 3.1592 0.100302
2.71182026315 3.16843 0.1253
2.71709790339 3.16303 0.172178
2.7227864466 3.15634 0.137504
2.72994784687 3.15128 0.156331
2.73706528781 3.15233 0.180327
2.74248820391 3.16213 0.274973
2.74787331837 3.15462 0.208027
2.75504313834 3.19427 0.285272
2.76219934437 3.162 0.304991
2.76789278819 3.23548 0.607297
2.77283198247 3.19505 0.631639
2.77965581172 3.22911 1.67572
2.78599582346 12.691 128.131
