0.0088996412247 7.77092 0.251272
0.0150791221651 6.28687 0.134508
0.0214479018646 5.25495 0.0952243
0.0278366077649 4.55021 0.0703919
0.034350997858 4.03437 0.0679313
0.0404788676143 3.65595 0.053973
0.0467671668358 3.35794 0.0502782
0.0530822510177 3.11589 0.0479487
0.0594536244094 2.92287 0.0397713
0.0657622481459 2.76595 0.0324169
0.071966329067 2.64274 0.0337219
0.0782786091569 2.53913 0.0350836
0.0847039894583 2.44563 0.0275006
0.0909685462053 2.37915 0.0333475
0.0972078977683 2.32114 0.0303872
0.103476303896 2.26065 0.0264619
0.109757644425 2.20919 0.0256688
0.116054308478 2.16178 0.0206051
0.122366966654 2.11664 0.0245532
0.128681726309 2.07481 0.0220107
0.134950080166 2.04202 0.0233911
0.141194955884 2.02197 0.0213345
0.147513357575 2.00214 0.0177461
0.153786507425 1.98342 0.020866
0.160065754405 1.96206 0.0200527
0.166399116869 1.94354 0.0206734
0.172719564578 1.92126 0.0173382
0.178976521338 1.90295 0.0180121
0.185235369065 1.88408 0.0200107
0.191480678734 1.86889 0.01903
0.197788986865 1.85592 0.0166496
0.204093773545 1.84457 0.0171288
0.210393930261 1.83434 0.0194727
0.216690970982 1.82216 0.016478
0.222970028122 1.81143 0.0178246
0.229262002709 1.80076 0.0165021
0.235514150837 1.78898 0.0175103
0.241791058382 1.78095 0.0166222
0.248085653944 1.77163 0.0169088
0.254349225687 1.75702 0.01898
0.260633425188 1.75202 0.0162558
0.26692573709 1.74015 0.0144556
0.273242334314 1.73261 0.0143141
0.279552968008 1.72641 0.0161462
0.285836629231 1.71707 0.0151794
0.292087627139 1.71139 0.0150391
0.298344984444 1.70473 0.0157196
0.304638263941 1.69432 0.0150415
0.3109279127 1.68825 0.0153471
0.317216817162 1.68024 0.0162008
0.323518756794 1.67449 0.0166887
0.329816821755 1.66938 0.0146983
0.336117642946 1.66237 0.0151252
0.342370037571 1.65804 0.0134648
0.348647819267 1.64672 0.0140264
0.354941161441 1.64411 0.0160782
0.361191693542 1.6376 0.0136844
0.367476708956 1.63294 0.0151698
0.373764779528 1.62848 0.0147132
0.380065403148 1.6211 0.0156369
0.386353986126 1.61749 0.0138121
0.392614018136 1.6118 0.0133397
0.398926450032 1.61024 0.0129842
0.405207324458 1.60275 0.0120797
0.411491647757 1.59997 0.0140522
0.417781427212 1.59395 0.0141926
0.424040064873 1.58998 0.0136892
0.430342569027 1.58551 0.014495
0.436635856026 1.58267 0.0131166
0.442899618322 1.57798 0.0124142
0.449163441853 1.57398 0.0138965
0.455441414625 1.56956 0.0149054
0.46176344703 1.56668 0.0124569
0.468064424202 1.5633 0.0143328
0.474348524276 1.55938 0.0123343
0.480635613682 1.55703 0.0129143
0.486901925839 1.5543 0.0132183
0.49316970996 1.55045 0.0153505
0.499450674714 1.54803 0.0135128
0.505715905134 1.54376 0.0136841
0.511992399627 1.54326 0.013338
0.518312609777 1.53956 0.0129393
0.524608963803 1.53657 0.0128213
0.530875730848 1.53709 0.0127004
0.537157352795 1.53444 0.01299
0.543457956378 1.531 0.0124467
0.549743065239 1.5298 0.0115575
0.55599374275 1.52831 0.0117415
0.562285467661 1.52712 0.0121269
0.568601153723 1.52348 0.0108373
0.574880458942 1.5209 0.0122946
0.581155021034 1.52148 0.0130321
0.587439449666 1.51871 0.0133242
0.59371762203 1.5179 0.0118486
0.599997195479 1.51784 0.0119118
0.606267911512 1.51667 0.0123033
0.612546957644 1.5143 0.0118839
0.618847773304 1.51345 0.0128746
0.625131056744 1.51077 0.0128923
0.631402745038 1.51163 0.0120424
0.637700356273 1.51033 0.0120728
0.643985778331 1.51023 0.0119804
0.650268541717 1.50972 0.013292
0.65655861177 1.50894 0.0121177
0.662836928236 1.50881 0.0121002
0.669118544496 1.5094 0.0136237
0.675407019858 1.50867 0.0119445
0.681683551459 1.50879 0.0125688
0.687959253386 1.50926 0.012683
0.694234431704 1.50861 0.0128277
0.700517540243 1.5088 0.0116846
0.706812495661 1.50935 0.012306
0.713101900967 1.50893 0.0124445
0.719391825117 1.50903 0.0125019
0.72568338076 1.50987 0.0135523
0.731965268271 1.50999 0.0140147
0.738250799048 1.51181 0.0130432
0.744526584212 1.51193 0.0123636
0.750787110194 1.51336 0.0113653
0.757075846532 1.51245 0.0125168
0.76336412336 1.5154 0.0123713
0.769646295986 1.51701 0.0117481
0.775939486518 1.51684 0.0128771
0.782232914199 1.5197 0.012136
0.788531493652 1.51951 0.0124902
0.794789656698 1.52005 0.0116545
0.801049109659 1.52272 0.0116149
0.807336406173 1.52376 0.0119867
0.813622948837 1.52584 0.0117209
0.819915299896 1.5263 0.011348
0.826195263639 1.52888 0.0115249
0.832489707008 1.53126 0.0121308
0.838795930921 1.53362 0.0117054
0.84506346397 1.53386 0.0116867
0.851328286756 1.53563 0.0112068
0.85761982639 1.5382 0.0116041
0.863905847706 1.53945 0.0117888
0.870183874549 1.54208 0.0116037
0.876464109608 1.54382 0.0121305
0.88275038734 1.54687 0.011189
0.889033276839 1.54857 0.0116186
0.895308424711 1.55135 0.0112612
0.901595652167 1.55394 0.0112011
0.907883332809 1.55631 0.0114728
0.914174410632 1.5587 0.0116419
0.920463081772 1.56087 0.0107128
0.926743441526 1.56513 0.0109638
0.933032419735 1.56646 0.0107411
0.939326578557 1.56896 0.0119248
0.94559748104 1.57126 0.0111248
0.951866001855 1.57592 0.0118516
0.958141325553 1.57664 0.0109911
0.964435094511 1.58274 0.0116672
0.970735563357 1.5845 0.0115573
0.977008076845 1.58763 0.0106701
0.983282332536 1.59016 0.0113251
0.989556969197 1.59407 0.0113822
0.995845630192 1.59837 0.0118349
1.00213621074 1.60081 0.0108507
1.00840482534 1.60494 0.0110248
1.01469414984 1.6066 0.0112377
1.02099255544 1.61139 0.0105198
1.02727398044 1.61578 0.0115941
1.0335591819 1.61966 0.011472
1.03984755739 1.62356 0.0122774
1.04612697494 1.62727 0.0105062
1.05240343681 1.62985 0.0119398
1.05868070465 1.63431 0.0111634
1.06496433307 1.63725 0.0113731
1.07125677744 1.64158 0.0109148
1.0775440488 1.64596 0.0109538
1.08382482019 1.64936 0.0117642
1.09010802394 1.65429 0.0112438
1.09638966596 1.65808 0.0107011
1.10268113206 1.66254 0.0107609
1.10896304759 1.66712 0.0116479
1.11522542846 1.67036 0.0104249
1.12150212761 1.67587 0.0117425
1.12779257382 1.67968 0.0116385
1.13408955267 1.68444 0.0115818
1.14036404965 1.68863 0.0107962
1.14663918032 1.69273 0.0107827
1.15294241299 1.69779 0.0104351
1.15922890675 1.70172 0.0115039
1.16550872189 1.70699 0.00976921
1.17179307626 1.7113 0.011248
1.17808743637 1.71767 0.0111909
1.18436765425 1.72119 0.0105884
1.1906346423 1.72602 0.0102342
1.19691220883 1.73177 0.0105881
1.20320157735 1.73576 0.0114906
1.20948684444 1.73995 0.0107895
1.21576390207 1.74653 0.0112606
1.22204975517 1.75039 0.0107373
1.22834061662 1.7558 0.0114349
1.23463298658 1.76062 0.0116579
1.24090224718 1.766 0.0112435
1.24717483914 1.77227 0.010129
1.25346545993 1.77655 0.0104931
1.25974995189 1.782 0.0115152
1.26603214313 1.7863 0.0104099
1.27231628847 1.79236 0.0116745
1.27860415506 1.79799 0.0113288
1.28488658893 1.80367 0.0116143
1.29117542007 1.80866 0.0109507
1.29746572637 1.81391 0.00929458
1.30374182701 1.82 0.0113105
1.31001732292 1.82475 0.0104352
1.31630144766 1.83004 0.0107087
1.32258676036 1.83609 0.0100791
1.32886549245 1.84177 0.0095554
1.33514480495 1.84835 0.0100643
1.34144051627 1.85225 0.0109495
1.34773086842 1.85984 0.0105141
1.35400158999 1.8652 0.0103634
1.3602826093 1.87115 0.010953
1.36656568646 1.87681 0.0113088
1.37285149848 1.88325 0.010201
1.37913537293 1.88844 0.0107505
1.38540956715 1.89396 0.00990103
1.39169864122 1.90018 0.0110213
1.39798445144 1.90644 0.0115067
1.40426788341 1.9121 0.0100874
1.41055477948 1.91807 0.0103093
1.41683783355 1.92296 0.0104589
1.42311817719 1.92964 0.011228
1.42939780116 1.93511 0.0108521
1.43568692182 1.94163 0.012269
1.44197712177 1.94639 0.010466
1.44825366785 1.95265 0.0107625
1.45453234897 1.95863 0.0107493
1.46081931915 1.96476 0.0105995
1.4671103644 1.97012 0.0109401
1.47339290895 1.97702 0.0108408
1.47966996524 1.98285 0.0109832
1.4859561446 1.98802 0.0109733
1.49223361076 1.99399 0.0106412
1.49850247038 1.9999 0.0114442
1.50478575205 2.0045 0.0116093
1.51107599189 2.01095 0.0101611
1.51736163499 2.01606 0.0107628
1.52364857097 2.02258 0.0100875
1.52993803572 2.02804 0.0115849
1.53623017691 2.03412 0.0103811
1.54251071878 2.03951 0.0107079
1.54878396308 2.04449 0.0108939
1.55507306978 2.05022 0.0120141
1.56135732493 2.05657 0.0106038
1.56762912105 2.06097 0.0108514
1.5739136974 2.06754 0.0104683
1.58020354523 2.07132 0.0114614
1.58648539343 2.07586 0.0110069
1.59276001426 2.08155 0.0114292
1.59904643639 2.08691 0.0113888
1.60534213664 2.09158 0.0116065
1.61161976836 2.09822 0.0110381
1.61789716835 2.10374 0.0120964
1.62418270854 2.11056 0.0105093
1.63046407995 2.11722 0.0096505
1.63674824683 2.12408 0.0113495
1.64303013827 2.13009 0.0113248
1.64930808063 2.13727 0.0114343
1.65559224863 2.14515 0.01164
1.66187827598 2.15083 0.0109683
1.66816823994 2.15639 0.0100168
1.6744495611 2.16323 0.0111093
1.68072138563 2.17039 0.0105912
1.68701215424 2.17772 0.0119015
1.6933074808 2.18243 0.01174
1.69958064303 2.19044 0.0108576
1.70586179344 2.19636 0.0116631
1.71215172419 2.2033 0.0125202
1.71843538617 2.20963 0.0119435
1.72471844694 2.21606 0.011405
1.73099491844 2.22289 0.0112717
1.73728636032 2.2294 0.0111036
1.74356630258 2.23542 0.0119066
1.74983600778 2.24276 0.0117803
1.75612327869 2.24895 0.0109464
1.76241061606 2.25625 0.0121459
1.76869357896 2.26224 0.0111886
1.77497674839 2.26909 0.01169
1.78126362161 2.27517 0.0118643
1.78754574761 2.28097 0.011674
1.7938272923 2.28887 0.0118816
1.80010772174 2.29576 0.0117055
1.80639091391 2.3022 0.0121038
1.81267451427 2.3086 0.0126342
1.81895363524 2.31517 0.0121961
1.82523850291 2.32187 0.01227
1.8315236862 2.32889 0.0112677
1.83781040898 2.33576 0.0115806
1.84409642612 2.34191 0.0112778
1.8503769215 2.34778 0.012648
1.85666074594 2.35558 0.0123462
1.86294359809 2.36203 0.0116418
1.86922204917 2.36846 0.0120709
1.87550781357 2.37527 0.0131955
1.88179499507 2.38175 0.0115686
1.88807781314 2.38812 0.0127872
1.89435244502 2.39417 0.0132002
1.90063796885 2.40095 0.0120573
1.90692833723 2.40777 0.0131943
1.91320221586 2.41462 0.0130313
1.91948223445 2.42156 0.0130117
1.92577010575 2.42855 0.0127666
1.93206491035 2.43468 0.0131881
1.93834071151 2.44211 0.0119322
1.94460828613 2.44752 0.0133503
1.9508968614 2.45408 0.0136582
1.95718811973 2.46219 0.0133407
1.96347509207 2.46724 0.0130409
1.9697553281 2.47457 0.0130846
1.9760413775 2.4807 0.0139394
1.98233260336 2.48846 0.0130259
1.98861171931 2.49371 0.0138079
1.99488792869 2.50154 0.0134333
2.00117304134 2.50482 0.0141468
2.00745262249 2.5122 0.0151878
2.01372721862 2.52063 0.0147023
2.02001108039 2.52968 0.0140895
2.02630405283 2.53313 0.0148347
2.03258735828 2.53983 0.0140358
2.03886100377 2.54548 0.0142887
2.04514489951 2.5522 0.0144315
2.05143683626 2.55954 0.0148942
2.05772382203 2.56603 0.0146088
2.0640044634 2.56985 0.0152962
2.07029278421 2.57666 0.014914
2.07658471853 2.5818 0.0154428
2.08285424307 2.59011 0.0157403
2.08912259138 2.59589 0.0157255
2.09541730178 2.60252 0.014549
2.10170304464 2.60716 0.0156081
2.10797273337 2.61426 0.015241
2.11425579676 2.61973 0.0162189
2.12053788985 2.62633 0.0162238
2.12682075079 2.63125 0.016152
2.13310670204 2.63675 0.0161664
2.13940011923 2.64468 0.0170963
2.14568939859 2.65016 0.0152557
2.15195789682 2.65461 0.0175267
2.15824033347 2.66116 0.0177716
2.16453048092 2.66885 0.0180019
2.17081716829 2.67225 0.0166915
2.17709912993 2.67822 0.0175336
2.18337674027 2.68533 0.017434
2.18965452646 2.68883 0.0174207
2.19593814184 2.69546 0.0183284
2.20221722867 2.69985 0.0176414
2.20849850085 2.70744 0.0186914
2.21479372465 2.71257 0.0179801
2.22107581834 2.71765 0.0189545
2.22733812199 2.72034 0.0185573
2.23362792264 2.72882 0.0181199
2.2399287897 2.73531 0.0187719
2.24620084223 2.74034 0.0184309
2.2524810722 2.74669 0.0204212
2.25875993301 2.75377 0.0191911
2.26503776668 2.76013 0.0175733
2.27130391144 2.76908 0.0188148
2.27758972822 2.77546 0.0176952
2.28389830542 2.78371 0.0185368
2.29017001225 2.79016 0.0221559
2.29645357402 2.79439 0.0186766
2.30275372852 2.80533 0.0209626
2.30903325986 2.81462 0.0216415
2.31530674049 2.8187 0.0232603
2.32158490306 2.8293 0.0223148
2.3278758488 2.83104 0.0232407
2.33415543799 2.83886 0.0212512
2.34041936871 2.84325 0.0213868
2.34670710068 2.85368 0.0242867
2.3530032916 2.85812 0.0234524
2.35928989445 2.86329 0.0240155
2.36555387699 2.87101 0.0272436
2.37182578571 2.87344 0.0250451
2.3781409032 2.88002 0.0250977
2.38442809259 2.88695 0.025706
2.39069258243 2.89296 0.0269782
2.39698813839 2.89993 0.0263045
2.40330354843 2.90728 0.0243099
2.40957307365 2.91509 0.0280023
2.41583080138 2.91656 0.027889
2.42214385676 2.92903 0.0300857
2.42843005755 2.93009 0.029504
2.43467776878 2.93723 0.031512
2.44097021258 2.94711 0.0293077
2.44729898127 2.95041 0.0299383
2.45356911846 2.95878 0.0336071
2.45980003814 2.9613 0.0316655
2.4661092349 2.96915 0.0333773
2.47241430729 2.97134 0.0334949
2.47866355169 2.97994 0.0360572
2.48493431628 2.9824 0.0301462
2.49124283111 2.99176 0.033382
2.49755537626 2.99189 0.0363041
2.50380379021 3.00125 0.0360634
2.51005045336 3.00413 0.0363215
2.51638815336 3.00967 0.0394925
2.52269694929 3.01739 0.0377337
2.52891211798 3.01929 0.0395048
2.53519495098 3.0356 0.0439575
2.54155301509 3.03768 0.0388499
2.54783359884 3.03705 0.0425438
2.55402772623 3.04649 0.0459769
2.56033571996 3.04958 0.0458944
2.56672381747 3.06051 0.0468762
2.57294751341 3.05825 0.0530479
2.57911252531 3.06215 0.0500108
2.58547549612 3.06617 0.0459106
2.59185019505 3.06719 0.0462811
2.59805932148 3.07556 0.0525361
2.60429715989 3.07718 0.0453557
2.61067449751 3.08855 0.0584199
2.61693283418 3.09107 0.0591591
2.62300854502 3.09549 0.0587533
2.62939753095 3.08849 0.0600814
2.63591057571 3.09605 0.0646919
2.64202978624 3.10355 0.0686041
2.64803951219 3.09723 0.072055
2.65454096229 3.10238 0.0718108
2.66118028258 3.11741 0.0741124
2.66719514746 3.12203 0.0841292
2.67309090101 3.13351 0.0807402
2.67973176445 3.12586 0.0876318
2.68646693102 3.12858 0.099019
2.69219835647 3.12025 0.110339
2.69796467721 3.11845 0.112981
2.70489193937 3.13178 0.113525
2.71182026315 3.14775 0.112594
2.71709790339 3.13464 0.168414
2.7227864466 3.12571 0.143439
2.72994784687 3.13109 0.164203
2.73706528781 3.13661 0.168457
2.74248820391 3.14304 0.284415
2.74787331837 3.12544 0.216864
2.75504313834 3.16523 0.249072
2.76219934437 3.11661 0.321069
2.76789278819 3.16017 0.632221
2.77283198247 3.13375 0.630293
2.77965581172 3.23976 1.74465
2.78599582346 -6.96013 134.895
