0.0088996412247 11.7636 0.556664
0.0150791221651 9.12021 0.303074
0.0214479018646 7.25195 0.199816
0.0278366077649 5.91371 0.153255
0.034350997858 4.94442 0.140263
0.0404788676143 4.21098 0.100596
0.0467671668358 3.64703 0.0928686
0.0530822510177 3.18112 0.0821496
0.0594536244094 2.82517 0.0654754
0.0657622481459 2.54169 0.0531908
0.071966329067 2.32946 0.0480376
0.0782786091569 2.16518 0.0442397
0.0847039894583 2.02621 0.0379358
0.0909685462053 1.93675 0.0404116
0.0972078977683 1.86979 0.0354008
0.103476303896 1.80217 0.0259346
0.109757644425 1.75904 0.028652
0.116054308478 1.71857 0.023215
0.122366966654 1.6895 0.0264038
0.128681726309 1.66397 0.0246742
0.134950080166 1.6556 0.0240945
0.141194955884 1.65574 0.0231542
0.147513357575 1.65794 0.0205458
0.153786507425 1.65831 0.0196454
0.160065754405 1.65347 0.0218529
0.166399116869 1.64961 0.0201912
0.172719564578 1.64408 0.0198652
0.178976521338 1.63826 0.0183801
0.185235369065 1.63031 0.0191177
0.191480678734 1.62815 0.0195375
0.197788986865 1.62733 0.0161823
0.204093773545 1.62521 0.0146834
0.210393930261 1.62567 0.0191081
0.216690970982 1.62411 0.0180888
0.222970028122 1.61972 0.0194476
0.229262002709 1.61538 0.0166543
0.235514150837 1.609 0.01636
0.241791058382 1.60805 0.0162015
0.248085653944 1.60428 0.0175243
0.254349225687 1.59603 0.0186246
0.260633425188 1.59417 0.0154811
0.26692573709 1.59022 0.0143579
0.273242334314 1.58709 0.0142495
0.279552968008 1.58445 0.0153349
0.285836629231 1.58123 0.0154285
0.292087627139 1.57665 0.0148098
0.298344984444 1.5748 0.014933
0.304638263941 1.56919 0.0159576
0.3109279127 1.56725 0.0150419
0.317216817162 1.56156 0.0142468
0.323518756794 1.55908 0.0165289
0.329816821755 1.55698 0.0142794
0.336117642946 1.55345 0.0149213
0.342370037571 1.5505 0.0141302
0.348647819267 1.5441 0.0141563
0.354941161441 1.54328 0.0150233
0.361191693542 1.53965 0.0130668
0.367476708956 1.53873 0.0141367
0.373764779528 1.53529 0.0144746
0.380065403148 1.53043 0.0144062
0.386353986126 1.52896 0.0130807
0.392614018136 1.52515 0.0131453
0.398926450032 1.52583 0.0126963
0.405207324458 1.52025 0.0115298
0.411491647757 1.51887 0.0128216
0.417781427212 1.51643 0.0139388
0.424040064873 1.51422 0.0147094
0.430342569027 1.51136 0.0144659
0.436635856026 1.50842 0.012835
0.442899618322 1.50645 0.0126307
0.449163441853 1.5047 0.0131371
0.455441414625 1.50156 0.0138851
0.46176344703 1.50187 0.0127238
0.468064424202 1.49852 0.0149226
0.474348524276 1.49748 0.01204
0.480635613682 1.49528 0.0121474
0.486901925839 1.49372 0.0125291
0.49316970996 1.4929 0.0133786
0.499450674714 1.49191 0.0130376
0.505715905134 1.4891 0.0130072
0.511992399627 1.48944 0.0132143
0.518312609777 1.4871 0.0135613
0.524608963803 1.4841 0.0128746
0.530875730848 1.48604 0.0123954
0.537157352795 1.48389 0.0124947
0.543457956378 1.48309 0.0124582
0.549743065239 1.48214 0.011274
0.55599374275 1.48205 0.0120198
0.562285467661 1.48272 0.0107414
0.568601153723 1.47961 0.0116991
0.574880458942 1.47879 0.0126763
0.581155021034 1.47942 0.0115858
0.587439449666 1.47805 0.013073
0.59371762203 1.47826 0.0114269
0.599997195479 1.47925 0.0124697
0.606267911512 1.47813 0.0118537
0.612546957644 1.47702 0.0118725
0.618847773304 1.47792 0.0124109
0.625131056744 1.47677 0.0119905
0.631402745038 1.47799 0.0119526
0.637700356273 1.47687 0.0126549
0.643985778331 1.47792 0.0124746
0.650268541717 1.47814 0.0126185
0.65655861177 1.47929 0.0123153
0.662836928236 1.47827 0.0126348
0.669118544496 1.47947 0.0125713
0.675407019858 1.4808 0.0120117
0.681683551459 1.48008 0.012395
0.687959253386 1.48169 0.0126443
0.694234431704 1.48295 0.0121395
0.700517540243 1.48295 0.0116721
0.706812495661 1.48314 0.0114171
0.713101900967 1.48476 0.0119717
0.719391825117 1.48554 0.0117835
0.72568338076 1.48663 0.0128494
0.731965268271 1.48787 0.0135401
0.738250799048 1.49013 0.0132323
0.744526584212 1.48984 0.0113067
0.750787110194 1.49238 0.0120708
0.757075846532 1.49258 0.0119903
0.76336412336 1.49542 0.0118901
0.769646295986 1.49793 0.0112256
0.775939486518 1.49854 0.012364
0.782232914199 1.50169 0.0119799
0.788531493652 1.50223 0.0117971
0.794789656698 1.50305 0.0114394
0.801049109659 1.50648 0.0116696
0.807336406173 1.50881 0.0122185
0.813622948837 1.51088 0.0113394
0.819915299896 1.51171 0.011615
0.826195263639 1.51492 0.0116993
0.832489707008 1.5175 0.0119841
0.838795930921 1.51975 0.0122552
0.84506346397 1.52137 0.0123404
0.851328286756 1.52241 0.0111516
0.85761982639 1.52602 0.0116549
0.863905847706 1.5278 0.0119471
0.870183874549 1.53028 0.01106
0.876464109608 1.53291 0.0115028
0.88275038734 1.53628 0.0117056
0.889033276839 1.5388 0.0119557
0.895308424711 1.54147 0.0106349
0.901595652167 1.54469 0.0117148
0.907883332809 1.54783 0.0112102
0.914174410632 1.55048 0.011415
0.920463081772 1.55314 0.0106811
0.926743441526 1.55683 0.0113902
0.933032419735 1.55889 0.010959
0.939326578557 1.56245 0.0117358
0.94559748104 1.56463 0.0109536
0.951866001855 1.56911 0.0119702
0.958141325553 1.56995 0.0113139
0.964435094511 1.57665 0.0114473
0.970735563357 1.5789 0.0114544
0.977008076845 1.58287 0.0117151
0.983282332536 1.58544 0.0113849
0.989556969197 1.58952 0.0110586
0.995845630192 1.59434 0.0114941
1.00213621074 1.59638 0.0113803
1.00840482534 1.6017 0.0113367
1.01469414984 1.60343 0.0114328
1.02099255544 1.60818 0.0112221
1.02727398044 1.61235 0.0118982
1.0335591819 1.61688 0.0111022
1.03984755739 1.62112 0.012092
1.04612697494 1.62463 0.0106091
1.05240343681 1.62767 0.0108269
1.05868070465 1.63214 0.0107899
1.06496433307 1.63568 0.0106408
1.07125677744 1.64008 0.0112555
1.0775440488 1.64478 0.0103265
1.08382482019 1.64852 0.0115914
1.09010802394 1.65369 0.0105426
1.09638966596 1.65766 0.0101822
1.10268113206 1.66109 0.0109751
1.10896304759 1.66602 0.0110682
1.11522542846 1.67037 0.0100558
1.12150212761 1.67586 0.0119967
1.12779257382 1.67934 0.0112432
1.13408955267 1.68504 0.0115246
1.14036404965 1.68942 0.0107105
1.14663918032 1.69345 0.0111463
1.15294241299 1.69864 0.0108412
1.15922890675 1.70256 0.0119022
1.16550872189 1.70795 0.0108444
1.17179307626 1.71236 0.011491
1.17808743637 1.71895 0.011156
1.18436765425 1.72206 0.0104334
1.1906346423 1.72759 0.0107681
1.19691220883 1.73352 0.0105816
1.20320157735 1.73795 0.011761
1.20948684444 1.7425 0.01071
1.21576390207 1.74888 0.0108919
1.22204975517 1.75271 0.0110709
1.22834061662 1.75773 0.0110881
1.23463298658 1.7633 0.0111276
1.24090224718 1.76917 0.0110988
1.24717483914 1.77517 0.010405
1.25346545993 1.78012 0.0111541
1.25974995189 1.78495 0.0119448
1.26603214313 1.7901 0.010258
1.27231628847 1.79558 0.0111298
1.27860415506 1.80181 0.0106589
1.28488658893 1.80661 0.0117463
1.29117542007 1.81244 0.0105951
1.29746572637 1.81797 0.00992449
1.30374182701 1.82336 0.012154
1.31001732292 1.82873 0.0104772
1.31630144766 1.83431 0.0114722
1.32258676036 1.84001 0.0104043
1.32886549245 1.84584 0.0107105
1.33514480495 1.85232 0.0106743
1.34144051627 1.85702 0.0114896
1.34773086842 1.86404 0.0105939
1.35400158999 1.86944 0.0107046
1.3602826093 1.87562 0.0114389
1.36656568646 1.88133 0.0117334
1.37285149848 1.88723 0.0107985
1.37913537293 1.89305 0.0109924
1.38540956715 1.89885 0.0109117
1.39169864122 1.90456 0.0116641
1.39798445144 1.9108 0.0106858
1.40426788341 1.91682 0.00991282
1.41055477948 1.92304 0.0104755
1.41683783355 1.92706 0.0105686
1.42311817719 1.93434 0.011626
1.42939780116 1.93954 0.0106996
1.43568692182 1.94652 0.0120843
1.44197712177 1.95181 0.0107723
1.44825366785 1.95765 0.0113905
1.45453234897 1.96412 0.0107139
1.46081931915 1.96994 0.0105998
1.4671103644 1.97578 0.0107249
1.47339290895 1.98146 0.0111765
1.47966996524 1.98821 0.0112447
1.4859561446 1.99362 0.0103138
1.49223361076 1.99932 0.0106035
1.49850247038 2.00529 0.0112429
1.50478575205 2.01023 0.0113717
1.51107599189 2.01675 0.0103527
1.51736163499 2.02111 0.0108484
1.52364857097 2.02822 0.010362
1.52993803572 2.03393 0.0122151
1.53623017691 2.03941 0.0108119
1.54251071878 2.04546 0.0107329
1.54878396308 2.05023 0.0116964
1.55507306978 2.05517 0.0117727
1.56135732493 2.06157 0.0113606
1.56762912105 2.06637 0.0108816
1.5739136974 2.07332 0.0111507
1.58020354523 2.07701 0.0118085
1.58648539343 2.08234 0.0110966
1.59276001426 2.08673 0.011481
1.59904643639 2.09282 0.0115416
1.60534213664 2.09739 0.0114683
1.61161976836 2.10305 0.0110246
1.61789716835 2.10952 0.0114698
1.62418270854 2.11609 0.0110594
1.63046407995 2.12277 0.0101954
1.63674824683 2.12928 0.0114128
1.64303013827 2.13585 0.0113317
1.64930808063 2.14273 0.0109214
1.65559224863 2.14996 0.0115773
1.66187827598 2.15645 0.0113473
1.66816823994 2.16256 0.0105236
1.6744495611 2.16944 0.0110585
1.68072138563 2.17614 0.0103646
1.68701215424 2.18352 0.0118068
1.6933074808 2.18806 0.0119501
1.69958064303 2.19552 0.0111444
1.70586179344 2.20224 0.0111831
1.71215172419 2.20904 0.0126055
1.71843538617 2.21509 0.012148
1.72471844694 2.22169 0.0123752
1.73099491844 2.2278 0.011496
1.73728636032 2.23498 0.0118686
1.74356630258 2.24118 0.0120273
1.74983600778 2.24775 0.0114094
1.75612327869 2.25474 0.0105873
1.76241061606 2.26256 0.0116485
1.76869357896 2.26702 0.0117974
1.77497674839 2.2743 0.011818
1.78126362161 2.28113 0.0114042
1.78754574761 2.28726 0.0122236
1.7938272923 2.29448 0.0118819
1.80010772174 2.30093 0.0115025
1.80639091391 2.30764 0.0119544
1.81267451427 2.31473 0.0123415
1.81895363524 2.32128 0.0119494
1.82523850291 2.32741 0.0124231
1.8315236862 2.33427 0.0118922
1.83781040898 2.34176 0.0112148
1.84409642612 2.34742 0.0112011
1.8503769215 2.35373 0.012815
1.85666074594 2.36098 0.0116619
1.86294359809 2.36773 0.0115332
1.86922204917 2.37425 0.0113007
1.87550781357 2.38129 0.0123962
1.88179499507 2.38813 0.0115525
1.88807781314 2.39387 0.0125501
1.89435244502 2.39934 0.0126431
1.90063796885 2.40698 0.0108664
1.90692833723 2.41304 0.0128059
1.91320221586 2.42009 0.013156
1.91948223445 2.4269 0.0127946
1.92577010575 2.43488 0.0128575
1.93206491035 2.44048 0.013677
1.93834071151 2.44778 0.0116256
1.94460828613 2.45258 0.0136719
1.9508968614 2.4603 0.0141227
1.95718811973 2.46733 0.0123656
1.96347509207 2.47345 0.0128719
1.9697553281 2.48046 0.014103
1.9760413775 2.48671 0.0129273
1.98233260336 2.49388 0.0135573
1.98861171931 2.49915 0.0140873
1.99488792869 2.50647 0.0142634
2.00117304134 2.51195 0.0142543
2.00745262249 2.51858 0.0149933
2.01372721862 2.52617 0.0154437
2.02001108039 2.53468 0.0141809
2.02630405283 2.53826 0.0154654
2.03258735828 2.54553 0.0141807
2.03886100377 2.55092 0.0146348
2.04514489951 2.55746 0.0148959
2.05143683626 2.56598 0.0153777
2.05772382203 2.57092 0.0146142
2.0640044634 2.57559 0.0152029
2.07029278421 2.58231 0.0151363
2.07658471853 2.58783 0.0161979
2.08285424307 2.59646 0.0156756
2.08912259138 2.60148 0.0171703
2.09541730178 2.60848 0.0147722
2.10170304464 2.61279 0.0162984
2.10797273337 2.61967 0.0157288
2.11425579676 2.62674 0.0164889
2.12053788985 2.63102 0.01742
2.12682075079 2.63579 0.0170254
2.13310670204 2.64325 0.0175644
2.13940011923 2.65025 0.0168552
2.14568939859 2.65604 0.0163835
2.15195789682 2.66022 0.0180347
2.15824033347 2.66624 0.0177407
2.16453048092 2.67422 0.0184717
2.17081716829 2.67692 0.0175127
2.17709912993 2.68298 0.0174008
2.18337674027 2.68949 0.0171554
2.18965452646 2.69391 0.017675
2.19593814184 2.70041 0.0176996
2.20221722867 2.70459 0.0199663
2.20849850085 2.71226 0.0189291
2.21479372465 2.71805 0.020756
2.22107581834 2.72472 0.0192062
2.22733812199 2.72663 0.0178704
2.23362792264 2.73433 0.0175851
2.2399287897 2.74176 0.0184461
2.24620084223 2.74572 0.0202932
2.2524810722 2.75275 0.019636
2.25875993301 2.7595 0.0201936
2.26503776668 2.76709 0.019043
2.27130391144 2.77402 0.0194699
2.27758972822 2.78239 0.0196375
2.28389830542 2.78715 0.0198418
2.29017001225 2.79613 0.022029
2.29645357402 2.8014 0.0203815
2.30275372852 2.81071 0.0234273
2.30903325986 2.81848 0.0242462
2.31530674049 2.82495 0.0221427
2.32158490306 2.83353 0.0222743
2.3278758488 2.8372 0.0238115
2.33415543799 2.84331 0.0228323
2.34041936871 2.85116 0.023686
2.34670710068 2.85701 0.0243699
2.3530032916 2.86232 0.0224523
2.35928989445 2.87152 0.0224271
2.36555387699 2.87827 0.0269949
2.37182578571 2.88169 0.0270007
2.3781409032 2.88719 0.0254693
2.38442809259 2.89476 0.0246189
2.39069258243 2.89745 0.030672
2.39698813839 2.90399 0.0295344
2.40330354843 2.91289 0.0242892
2.40957307365 2.91949 0.0309015
2.41583080138 2.92357 0.0317942
2.42214385676 2.93342 0.0303082
2.42843005755 2.93676 0.0316243
2.43467776878 2.94285 0.0291475
2.44097021258 2.95334 0.0313099
2.44729898127 2.95588 0.0329942
2.45356911846 2.96053 0.0347729
2.45980003814 2.96565 0.0316573
2.4661092349 2.97488 0.0320958
2.47241430729 2.97489 0.0355443
2.47866355169 2.98717 0.0340661
2.48493431628 2.98705 0.0330656
2.49124283111 3.00041 0.0355329
2.49755537626 3.00037 0.0383685
2.50380379021 3.00544 0.033122
2.51005045336 3.00943 0.0383942
2.51638815336 3.01425 0.0407518
2.52269694929 3.02458 0.0393317
2.52891211798 3.02333 0.0431048
2.53519495098 3.0358 0.044795
2.54155301509 3.04307 0.044345
2.54783359884 3.04608 0.0397952
2.55402772623 3.05052 0.0478346
2.56033571996 3.0564 0.0432559
2.56672381747 3.07076 0.045207
2.57294751341 3.06237 0.0505525
2.57911252531 3.0726 0.0507447
2.58547549612 3.06989 0.0491053
2.59185019505 3.0713 0.0498755
2.59805932148 3.08149 0.0565255
2.60429715989 3.08393 0.0476463
2.61067449751 3.09286 0.0549198
2.61693283418 3.09587 0.0616442
2.62300854502 3.10279 0.0639718
2.62939753095 3.09058 0.054948
2.63591057571 3.09789 0.0603
2.64202978624 3.11238 0.0732774
2.64803951219 3.10292 0.0741564
2.65454096229 3.11827 0.0657664
2.66118028258 3.12187 0.0714411
2.66719514746 3.12366 0.0877381
2.67309090101 3.13062 0.0749196
2.67973176445 3.12668 0.0941975
2.68646693102 3.12516 0.0946825
2.69219835647 3.12285 0.115314
2.69796467721 3.13159 0.110863
2.70489193937 3.14408 0.107305
2.71182026315 3.16141 0.103551
2.71709790339 3.13072 0.16277
2.7227864466 3.1353 0.140664
2.72994784687 3.13514 0.16904
2.73706528781 3.12981 0.211778
2.74248820391 3.15672 0.301849
2.74787331837 3.11344 0.220555
2.75504313834 3.15659 0.252179
2.76219934437 3.10239 0.349749
2.76789278819 3.21279 0.684907
2.77283198247 3.13652 0.610817
2.77965581172 3.1547 1.48405
2.78599582346 -13.1289 244.674
