0.0088996412247 9.60411 0.372804
0.0150791221651 7.64262 0.205066
0.0214479018646 6.26847 0.136432
0.0278366077649 5.32428 0.105549
0.034350997858 4.63342 0.103424
0.0404788676143 4.1166 0.0782323
0.0467671668358 3.71507 0.0716065
0.0530822510177 3.3846 0.0668123
0.0594536244094 3.12078 0.0555302
0.0657622481459 2.90363 0.045839
0.071966329067 2.73183 0.0460102
0.0782786091569 2.58882 0.0446941
0.0847039894583 2.45984 0.0357089
0.0909685462053 2.36793 0.0421739
0.0972078977683 2.28754 0.036284
0.103476303896 2.20461 0.0294466
0.109757644425 2.13802 0.0295584
0.116054308478 2.0743 0.0234327
0.122366966654 2.01853 0.0259566
0.128681726309 1.96593 0.026046
0.134950080166 1.92873 0.0256876
0.141194955884 1.90217 0.0235632
0.147513357575 1.88212 0.0205263
0.153786507425 1.86316 0.0212554
0.160065754405 1.83821 0.0224289
0.166399116869 1.81963 0.0198804
0.172719564578 1.79779 0.0170846
0.178976521338 1.77902 0.0175917
0.185235369065 1.76121 0.0211179
0.191480678734 1.74762 0.0188657
0.197788986865 1.7375 0.0165236
0.204093773545 1.72852 0.0153565
0.210393930261 1.72209 0.0203302
0.216690970982 1.7144 0.0177118
0.222970028122 1.70661 0.0179092
0.229262002709 1.69682 0.0173935
0.235514150837 1.68941 0.0174069
0.241791058382 1.68475 0.0159983
0.248085653944 1.67888 0.0170792
0.254349225687 1.66803 0.0190304
0.260633425188 1.66349 0.0157505
0.26692573709 1.65853 0.0148677
0.273242334314 1.65411 0.0156196
0.279552968008 1.65089 0.0155913
0.285836629231 1.64441 0.0156751
0.292087627139 1.64068 0.0149455
0.298344984444 1.63686 0.0167406
0.304638263941 1.62967 0.0141322
0.3109279127 1.62711 0.01499
0.317216817162 1.61933 0.0146278
0.323518756794 1.61623 0.016166
0.329816821755 1.61299 0.0142545
0.336117642946 1.60962 0.0148039
0.342370037571 1.60553 0.0150598
0.348647819267 1.59746 0.0144248
0.354941161441 1.59605 0.0143736
0.361191693542 1.59166 0.0124089
0.367476708956 1.58935 0.0140097
0.373764779528 1.58501 0.0143798
0.380065403148 1.57944 0.0144802
0.386353986126 1.57771 0.0137207
0.392614018136 1.57218 0.0127481
0.398926450032 1.57237 0.0132567
0.405207324458 1.5667 0.0119821
0.411491647757 1.56358 0.0139655
0.417781427212 1.55919 0.0140488
0.424040064873 1.55666 0.0147803
0.430342569027 1.55349 0.0141321
0.436635856026 1.55086 0.013364
0.442899618322 1.54735 0.0136339
0.449163441853 1.54367 0.0138999
0.455441414625 1.54031 0.0147119
0.46176344703 1.53899 0.0131048
0.468064424202 1.53531 0.014727
0.474348524276 1.53353 0.0124266
0.480635613682 1.53045 0.0132373
0.486901925839 1.52913 0.013028
0.49316970996 1.52711 0.0143823
0.499450674714 1.52449 0.0128825
0.505715905134 1.52098 0.0137618
0.511992399627 1.52143 0.0136765
0.518312609777 1.51768 0.0134811
0.524608963803 1.51458 0.0127827
0.530875730848 1.51645 0.0128424
0.537157352795 1.51325 0.0121094
0.543457956378 1.51087 0.0127416
0.549743065239 1.50974 0.0117668
0.55599374275 1.5097 0.0118448
0.562285467661 1.50907 0.0107473
0.568601153723 1.50588 0.0115564
0.574880458942 1.50351 0.012683
0.581155021034 1.50373 0.0119754
0.587439449666 1.50219 0.013247
0.59371762203 1.50149 0.0118111
0.599997195479 1.50143 0.0117698
0.606267911512 1.50044 0.0124009
0.612546957644 1.49907 0.0116723
0.618847773304 1.49881 0.012898
0.625131056744 1.49723 0.0123271
0.631402745038 1.49772 0.0122759
0.637700356273 1.49627 0.0126131
0.643985778331 1.49705 0.0121306
0.650268541717 1.49667 0.0128824
0.65655861177 1.49689 0.0118234
0.662836928236 1.4961 0.0120762
0.669118544496 1.49706 0.0130951
0.675407019858 1.49757 0.0119972
0.681683551459 1.49642 0.0121339
0.687959253386 1.49744 0.0127961
0.694234431704 1.49856 0.0120028
0.700517540243 1.49798 0.0111788
0.706812495661 1.49866 0.0118223
0.713101900967 1.49923 0.0118554
0.719391825117 1.4988 0.0123318
0.72568338076 1.50015 0.0124954
0.731965268271 1.50043 0.0136983
0.738250799048 1.50342 0.0132755
0.744526584212 1.50248 0.0112463
0.750787110194 1.50476 0.0115775
0.757075846532 1.5045 0.0119319
0.76336412336 1.50679 0.0115837
0.769646295986 1.50869 0.0112483
0.775939486518 1.51031 0.0128394
0.782232914199 1.51165 0.0121201
0.788531493652 1.51197 0.0123983
0.794789656698 1.51264 0.0114464
0.801049109659 1.51542 0.0115061
0.807336406173 1.51738 0.0118708
0.813622948837 1.51939 0.0117835
0.819915299896 1.52042 0.0116354
0.826195263639 1.52343 0.0118157
0.832489707008 1.52527 0.0114951
0.838795930921 1.52768 0.0117272
0.84506346397 1.52859 0.012224
0.851328286756 1.52944 0.011131
0.85761982639 1.5329 0.0120666
0.863905847706 1.53415 0.0120469
0.870183874549 1.53713 0.011095
0.876464109608 1.53911 0.0121232
0.88275038734 1.54175 0.0117446
0.889033276839 1.54442 0.0121263
0.895308424711 1.54702 0.0108824
0.901595652167 1.54941 0.0117872
0.907883332809 1.55256 0.0111099
0.914174410632 1.55525 0.0116052
0.920463081772 1.55738 0.0107729
0.926743441526 1.56134 0.0112136
0.933032419735 1.56264 0.0107848
0.939326578557 1.56598 0.0118652
0.94559748104 1.56834 0.0107539
0.951866001855 1.57303 0.0122426
0.958141325553 1.57347 0.0107008
0.964435094511 1.5798 0.011101
0.970735563357 1.58186 0.0115182
0.977008076845 1.58514 0.0113378
0.983282332536 1.58798 0.0114303
0.989556969197 1.59187 0.0112939
0.995845630192 1.59643 0.0119315
1.00213621074 1.59871 0.0110972
1.00840482534 1.60297 0.0107891
1.01469414984 1.60468 0.0118106
1.02099255544 1.60927 0.0109246
1.02727398044 1.61386 0.0119201
1.0335591819 1.61781 0.0109414
1.03984755739 1.62238 0.0121561
1.04612697494 1.62569 0.0107457
1.05240343681 1.62852 0.0114045
1.05868070465 1.63314 0.010778
1.06496433307 1.63566 0.0109881
1.07125677744 1.64008 0.0109223
1.0775440488 1.64483 0.0107984
1.08382482019 1.64897 0.0114015
1.09010802394 1.65379 0.0105967
1.09638966596 1.65769 0.010681
1.10268113206 1.66098 0.010864
1.10896304759 1.66641 0.0115956
1.11522542846 1.67006 0.0102705
1.12150212761 1.6751 0.0124638
1.12779257382 1.67885 0.0116996
1.13408955267 1.68419 0.0113461
1.14036404965 1.68826 0.010424
1.14663918032 1.69254 0.0105727
1.15294241299 1.69748 0.0112225
1.15922890675 1.70106 0.0119728
1.16550872189 1.70659 0.0105492
1.17179307626 1.71152 0.0118007
1.17808743637 1.71755 0.0116021
1.18436765425 1.72068 0.0104765
1.1906346423 1.72644 0.0106653
1.19691220883 1.73199 0.0104844
1.20320157735 1.73622 0.0118352
1.20948684444 1.74027 0.011104
1.21576390207 1.74721 0.0107929
1.22204975517 1.7508 0.0112254
1.22834061662 1.75592 0.0112908
1.23463298658 1.76102 0.0116346
1.24090224718 1.76681 0.011604
1.24717483914 1.77241 0.0103131
1.25346545993 1.7774 0.0109392
1.25974995189 1.78306 0.0117416
1.26603214313 1.78746 0.0104938
1.27231628847 1.79284 0.0112599
1.27860415506 1.79892 0.0111262
1.28488658893 1.80409 0.0118433
1.29117542007 1.80944 0.0109889
1.29746572637 1.81479 0.0100638
1.30374182701 1.82058 0.0120472
1.31001732292 1.82558 0.0106415
1.31630144766 1.83103 0.0116221
1.32258676036 1.83687 0.010418
1.32886549245 1.84262 0.0103579
1.33514480495 1.84903 0.01014
1.34144051627 1.85294 0.0112994
1.34773086842 1.86078 0.011024
1.35400158999 1.86574 0.0103375
1.3602826093 1.87213 0.0113206
1.36656568646 1.87785 0.0116658
1.37285149848 1.88345 0.0110153
1.37913537293 1.88964 0.0112858
1.38540956715 1.89505 0.0103918
1.39169864122 1.90102 0.0119354
1.39798445144 1.90699 0.0113233
1.40426788341 1.91275 0.0102987
1.41055477948 1.91915 0.0100218
1.41683783355 1.92365 0.0105974
1.42311817719 1.93082 0.0117405
1.42939780116 1.93586 0.0108408
1.43568692182 1.9423 0.0121912
1.44197712177 1.94766 0.0104567
1.44825366785 1.95358 0.011676
1.45453234897 1.95979 0.0110051
1.46081931915 1.96576 0.0108528
1.4671103644 1.9715 0.011339
1.47339290895 1.97758 0.0110137
1.47966996524 1.9836 0.0115508
1.4859561446 1.98938 0.0110567
1.49223361076 1.9949 0.0108543
1.49850247038 2.00081 0.011241
1.50478575205 2.00568 0.0118717
1.51107599189 2.01213 0.0108632
1.51736163499 2.01671 0.0107764
1.52364857097 2.0238 0.010555
1.52993803572 2.02875 0.0122241
1.53623017691 2.03505 0.0103591
1.54251071878 2.04133 0.0106293
1.54878396308 2.04526 0.011911
1.55507306978 2.05042 0.0124091
1.56135732493 2.05717 0.010949
1.56762912105 2.06169 0.0111803
1.5739136974 2.06847 0.0111734
1.58020354523 2.07219 0.0115162
1.58648539343 2.07733 0.0109483
1.59276001426 2.08179 0.0117291
1.59904643639 2.08812 0.0113102
1.60534213664 2.09235 0.0120788
1.61161976836 2.09858 0.0115788
1.61789716835 2.10469 0.0110718
1.62418270854 2.11135 0.0111701
1.63046407995 2.11805 0.0105196
1.63674824683 2.12426 0.011552
1.64303013827 2.13101 0.0113641
1.64930808063 2.13786 0.0113864
1.65559224863 2.14543 0.0115642
1.66187827598 2.15165 0.0114429
1.66816823994 2.15741 0.0104513
1.6744495611 2.16429 0.011485
1.68072138563 2.1707 0.0108496
1.68701215424 2.17864 0.0122045
1.6933074808 2.18298 0.012379
1.69958064303 2.1906 0.0115595
1.70586179344 2.19735 0.0114257
1.71215172419 2.20419 0.0128522
1.71843538617 2.21004 0.0123912
1.72471844694 2.2166 0.0124651
1.73099491844 2.22312 0.0113424
1.73728636032 2.22975 0.0119414
1.74356630258 2.23619 0.0126314
1.74983600778 2.24264 0.0117335
1.75612327869 2.2496 0.0113125
1.76241061606 2.25736 0.0121223
1.76869357896 2.26211 0.012187
1.77497674839 2.26955 0.011833
1.78126362161 2.27554 0.0117618
1.78754574761 2.28226 0.0124098
1.7938272923 2.2889 0.0119802
1.80010772174 2.29591 0.0116327
1.80639091391 2.30208 0.0120455
1.81267451427 2.30876 0.0127332
1.81895363524 2.31565 0.0129299
1.82523850291 2.32224 0.0126035
1.8315236862 2.32929 0.0124502
1.83781040898 2.33606 0.0118301
1.84409642612 2.34206 0.011392
1.8503769215 2.34865 0.0132128
1.85666074594 2.35582 0.0126173
1.86294359809 2.36183 0.0121201
1.86922204917 2.36815 0.0119158
1.87550781357 2.37551 0.0130909
1.88179499507 2.38216 0.0117165
1.88807781314 2.38744 0.0131416
1.89435244502 2.39453 0.0132914
1.90063796885 2.4017 0.0118587
1.90692833723 2.40753 0.0135234
1.91320221586 2.41507 0.0129288
1.91948223445 2.42132 0.0133882
1.92577010575 2.42872 0.0136538
1.93206491035 2.43484 0.0139791
1.93834071151 2.44214 0.0120586
1.94460828613 2.44656 0.014253
1.9508968614 2.45402 0.0143371
1.95718811973 2.46142 0.013179
1.96347509207 2.46701 0.0137864
1.9697553281 2.47463 0.0137916
1.9760413775 2.48066 0.01373
1.98233260336 2.48825 0.0134572
1.98861171931 2.4931 0.0142513
1.99488792869 2.50071 0.0152379
2.00117304134 2.50586 0.0136666
2.00745262249 2.51227 0.0155091
2.01372721862 2.51986 0.0158131
2.02001108039 2.52874 0.0147682
2.02630405283 2.53256 0.015406
2.03258735828 2.5395 0.0146324
2.03886100377 2.5449 0.015154
2.04514489951 2.55154 0.0150111
2.05143683626 2.55917 0.0151968
2.05772382203 2.56489 0.0148182
2.0640044634 2.56944 0.0150138
2.07029278421 2.57564 0.0156377
2.07658471853 2.58081 0.0160937
2.08285424307 2.58938 0.0153326
2.08912259138 2.59529 0.0166465
2.09541730178 2.602 0.0149915
2.10170304464 2.60591 0.0164674
2.10797273337 2.61372 0.015561
2.11425579676 2.61919 0.0166588
2.12053788985 2.62537 0.0173886
2.12682075079 2.6295 0.0169708
2.13310670204 2.63639 0.0173154
2.13940011923 2.64372 0.0180682
2.14568939859 2.64953 0.0171408
2.15195789682 2.65343 0.0174726
2.15824033347 2.6602 0.0171885
2.16453048092 2.6673 0.0183829
2.17081716829 2.67064 0.0174526
2.17709912993 2.67673 0.0173898
2.18337674027 2.68324 0.0180622
2.18965452646 2.68726 0.0177729
2.19593814184 2.69492 0.0170914
2.20221722867 2.69902 0.0190621
2.20849850085 2.70623 0.0195786
2.21479372465 2.7122 0.0198015
2.22107581834 2.71772 0.0194543
2.22733812199 2.71931 0.0186319
2.23362792264 2.727 0.0184069
2.2399287897 2.73432 0.0188941
2.24620084223 2.73903 0.0195902
2.2524810722 2.74594 0.0201196
2.25875993301 2.75322 0.019548
2.26503776668 2.7593 0.0181015
2.27130391144 2.7671 0.0196187
2.27758972822 2.77413 0.0193645
2.28389830542 2.78114 0.020771
2.29017001225 2.78735 0.0233359
2.29645357402 2.79433 0.0211361
2.30275372852 2.80259 0.0225359
2.30903325986 2.81196 0.0244146
2.31530674049 2.8179 0.0225749
2.32158490306 2.82525 0.0217843
2.3278758488 2.82946 0.0241355
2.33415543799 2.83601 0.0239726
2.34041936871 2.8422 0.0236246
2.34670710068 2.84901 0.0259011
2.3530032916 2.85501 0.0246152
2.35928989445 2.86217 0.0233179
2.36555387699 2.87031 0.0278429
2.37182578571 2.87435 0.0271506
2.3781409032 2.87905 0.0257524
2.38442809259 2.88666 0.0260181
2.39069258243 2.88976 0.0298814
2.39698813839 2.89656 0.0293331
2.40330354843 2.90516 0.0259596
2.40957307365 2.91199 0.0294763
2.41583080138 2.91383 0.0316671
2.42214385676 2.92623 0.0309284
2.42843005755 2.92857 0.0322098
2.43467776878 2.93098 0.0307709
2.44097021258 2.94475 0.0299784
2.44729898127 2.94865 0.0303443
2.45356911846 2.95306 0.0367169
2.45980003814 2.95755 0.0321603
2.4661092349 2.96478 0.0333171
2.47241430729 2.96774 0.0355795
2.47866355169 2.97726 0.0350833
2.48493431628 2.97803 0.0327665
2.49124283111 2.99168 0.0350182
2.49755537626 2.99014 0.0384514
2.50380379021 2.99851 0.0333643
2.51005045336 3.00227 0.0373471
2.51638815336 3.00585 0.0404139
2.52269694929 3.01325 0.0394134
2.52891211798 3.0132 0.0400598
2.53519495098 3.02864 0.0447754
2.54155301509 3.03258 0.0425491
2.54783359884 3.03541 0.0397138
2.55402772623 3.04263 0.0461943
2.56033571996 3.04644 0.0434552
2.56672381747 3.0582 0.0471069
2.57294751341 3.04976 0.0521161
2.57911252531 3.06138 0.0520686
2.58547549612 3.05958 0.0476661
2.59185019505 3.06261 0.0476747
2.59805932148 3.07382 0.0577224
2.60429715989 3.06999 0.0467752
2.61067449751 3.08231 0.0513823
2.61693283418 3.0882 0.0621686
2.62300854502 3.09229 0.0629866
2.62939753095 3.08223 0.0606073
2.63591057571 3.09125 0.0664095
2.64202978624 3.10005 0.0703283
2.64803951219 3.09472 0.0744501
2.65454096229 3.10754 0.0640958
2.66118028258 3.11494 0.0749157
2.66719514746 3.11539 0.0932243
2.67309090101 3.12735 0.0771247
2.67973176445 3.12515 0.0930017
2.68646693102 3.12106 0.0906814
2.69219835647 3.11724 0.104505
2.69796467721 3.11431 0.107408
2.70489193937 3.12209 0.102643
2.71182026315 3.14748 0.105663
2.71709790339 3.12574 0.165571
2.7227864466 3.13496 0.139909
2.72994784687 3.12508 0.167853
2.73706528781 3.13502 0.186113
2.74248820391 3.10422 0.285377
2.74787331837 3.107 0.218949
2.75504313834 3.15504 0.241167
2.76219934437 3.1195 0.348752
2.76789278819 3.19515 0.646961
2.77283198247 3.13846 0.651317
2.77965581172 3.19037 1.59068
2.78599582346 -28.641 370.841
