0.0088996412247 -4.87841 0.27307
0.0150791221651 -3.39177 0.148953
0.0214479018646 -2.34867 0.0975065
0.0278366077649 -1.63651 0.0792784
0.034350997858 -1.11249 0.0707947
0.0404788676143 -0.734884 0.05471
0.0467671668358 -0.434889 0.049293
0.0530822510177 -0.189971 0.0504567
0.0594536244094 0.0017256 0.0390343
0.0657622481459 0.160828 0.0376519
0.071966329067 0.290434 0.0359216
0.0782786091569 0.399029 0.0317329
0.0847039894583 0.487387 0.0281124
0.0909685462053 0.556979 0.0313706
0.0972078977683 0.613379 0.0264746
0.103476303896 0.669658 0.0256689
0.109757644425 0.728371 0.0253722
0.116054308478 0.774202 0.0226298
0.122366966654 0.821236 0.0235903
0.128681726309 0.861897 0.0239037
0.134950080166 0.893927 0.0238673
0.141194955884 0.910943 0.0210512
0.147513357575 0.929708 0.0205909
0.153786507425 0.946192 0.0176329
0.160065754405 0.963813 0.0225884
0.166399116869 0.980213 0.0195712
0.172719564578 0.999829 0.0169274
0.178976521338 1.01676 0.019319
0.185235369065 1.03795 0.0169053
0.191480678734 1.05021 0.0192292
0.197788986865 1.0641 0.0167812
0.204093773545 1.06881 0.0170138
0.210393930261 1.08082 0.0168379
0.216690970982 1.08798 0.0154263
0.222970028122 1.09577 0.0158598
0.229262002709 1.10439 0.0160894
0.235514150837 1.11021 0.0160238
0.241791058382 1.11853 0.0144914
0.248085653944 1.12689 0.0163621
0.254349225687 1.1364 0.0149499
0.260633425188 1.14174 0.0147091
0.26692573709 1.15022 0.0149472
0.273242334314 1.15549 0.0132875
0.279552968008 1.15929 0.0150445
0.285836629231 1.16522 0.0142562
0.292087627139 1.16932 0.0134621
0.298344984444 1.17427 0.0136302
0.304638263941 1.17856 0.0145684
0.3109279127 1.1834 0.0124553
0.317216817162 1.18984 0.0132072
0.323518756794 1.1929 0.0131957
0.329816821755 1.19862 0.0147416
0.336117642946 1.20452 0.0147111
0.342370037571 1.20659 0.0157894
0.348647819267 1.21187 0.0128568
0.354941161441 1.21404 0.0139818
0.361191693542 1.21704 0.0127704
0.367476708956 1.22239 0.0144127
0.373764779528 1.22664 0.0139173
0.380065403148 1.22951 0.0126987
0.386353986126 1.23411 0.0143815
0.392614018136 1.23648 0.0134765
0.398926450032 1.24107 0.0141995
0.405207324458 1.24391 0.0123349
0.411491647757 1.24548 0.0125076
0.417781427212 1.25148 0.0150433
0.424040064873 1.25329 0.0131489
0.430342569027 1.2572 0.0131192
0.436635856026 1.26057 0.0126842
0.442899618322 1.26404 0.0120169
0.449163441853 1.26653 0.0134167
0.455441414625 1.2699 0.0114946
0.46176344703 1.27258 0.013477
0.468064424202 1.27502 0.0110482
0.474348524276 1.27883 0.0126122
0.480635613682 1.28237 0.0117957
0.486901925839 1.28632 0.0121855
0.49316970996 1.28732 0.0113134
0.499450674714 1.29348 0.0120862
0.505715905134 1.29425 0.0122259
0.511992399627 1.29681 0.0133572
0.518312609777 1.30102 0.0118124
0.524608963803 1.3023 0.0117573
0.530875730848 1.30666 0.0122891
0.537157352795 1.3098 0.0113599
0.543457956378 1.31276 0.0128681
0.549743065239 1.31544 0.0122445
0.55599374275 1.3172 0.0123953
0.562285467661 1.32237 0.0124733
0.568601153723 1.32696 0.0125328
0.574880458942 1.32877 0.0122547
0.581155021034 1.33076 0.0124769
0.587439449666 1.33472 0.0128549
0.59371762203 1.33671 0.0115093
0.599997195479 1.34103 0.0130447
0.606267911512 1.34294 0.0130138
0.612546957644 1.34615 0.0113749
0.618847773304 1.35075 0.01235
0.625131056744 1.35461 0.0115493
0.631402745038 1.35785 0.0108169
0.637700356273 1.36053 0.0123827
0.643985778331 1.36417 0.0120425
0.650268541717 1.36572 0.0108674
0.65655861177 1.37146 0.012268
0.662836928236 1.37341 0.0113289
0.669118544496 1.37566 0.0117753
0.675407019858 1.38016 0.0123876
0.681683551459 1.38272 0.0119845
0.687959253386 1.38661 0.012338
0.694234431704 1.38947 0.011273
0.700517540243 1.39274 0.0112624
0.706812495661 1.39529 0.0113098
0.713101900967 1.39986 0.0111063
0.719391825117 1.4041 0.0114405
0.72568338076 1.40682 0.0112117
0.731965268271 1.41102 0.0118132
0.738250799048 1.41395 0.0105546
0.744526584212 1.41612 0.0113577
0.750787110194 1.42119 0.0119805
0.757075846532 1.42405 0.0111368
0.76336412336 1.4288 0.0120522
0.769646295986 1.43189 0.0121514
0.775939486518 1.43665 0.0110852
0.782232914199 1.43939 0.0114314
0.788531493652 1.44362 0.0118424
0.794789656698 1.4477 0.0117111
0.801049109659 1.45023 0.0107773
0.807336406173 1.45592 0.0109902
0.813622948837 1.4583 0.0104072
0.819915299896 1.46275 0.0115746
0.826195263639 1.46684 0.0115305
0.832489707008 1.47028 0.0114941
0.838795930921 1.47276 0.0110002
0.84506346397 1.47753 0.0116691
0.851328286756 1.48189 0.0102168
0.85761982639 1.48471 0.0111042
0.863905847706 1.48931 0.0117071
0.870183874549 1.49347 0.0104825
0.876464109608 1.49859 0.0106571
0.88275038734 1.50191 0.0114543
0.889033276839 1.50614 0.0111678
0.895308424711 1.51031 0.0110529
0.901595652167 1.51436 0.0111387
0.907883332809 1.51827 0.0108356
0.914174410632 1.52186 0.0114278
0.920463081772 1.52688 0.0116088
0.926743441526 1.53141 0.0124565
0.933032419735 1.53614 0.011417
0.939326578557 1.54101 0.011202
0.94559748104 1.54461 0.0114006
0.951866001855 1.54878 0.0120181
0.958141325553 1.55231 0.0105564
0.964435094511 1.55632 0.0112336
0.970735563357 1.5627 0.0101009
0.977008076845 1.56812 0.0116943
0.983282332536 1.57128 0.011101
0.989556969197 1.57596 0.0101167
0.995845630192 1.58033 0.00962923
1.00213621074 1.58521 0.0103004
1.00840482534 1.58964 0.0118494
1.01469414984 1.59472 0.0107762
1.02099255544 1.59995 0.011289
1.02727398044 1.60319 0.012077
1.0335591819 1.60875 0.0110282
1.03984755739 1.61339 0.0110033
1.04612697494 1.61809 0.0119161
1.05240343681 1.62252 0.0101616
1.05868070465 1.62756 0.011068
1.06496433307 1.63385 0.0112135
1.07125677744 1.63729 0.0108223
1.0775440488 1.64097 0.01117
1.08382482019 1.64852 0.0116609
1.09010802394 1.65254 0.0108165
1.09638966596 1.6584 0.0100275
1.10268113206 1.66194 0.0111717
1.10896304759 1.66722 0.0108378
1.11522542846 1.67397 0.0108126
1.12150212761 1.67811 0.0124909
1.12779257382 1.68232 0.00991994
1.13408955267 1.68926 0.0110424
1.14036404965 1.69407 0.0112372
1.14663918032 1.69954 0.0109374
1.15294241299 1.70529 0.0110653
1.15922890675 1.70977 0.0109876
1.16550872189 1.71469 0.0110578
1.17179307626 1.72026 0.0107604
1.17808743637 1.72619 0.0108033
1.18436765425 1.7309 0.0103291
1.1906346423 1.73702 0.0108723
1.19691220883 1.74175 0.00996373
1.20320157735 1.74745 0.010466
1.20948684444 1.75506 0.010701
1.21576390207 1.75953 0.0104215
1.22204975517 1.76529 0.0108159
1.22834061662 1.77096 0.0106551
1.23463298658 1.77639 0.0111699
1.24090224718 1.78241 0.00993077
1.24717483914 1.78801 0.0103241
1.25346545993 1.79491 0.0114536
1.25974995189 1.79975 0.0103312
1.26603214313 1.80545 0.0101761
1.27231628847 1.81071 0.00941207
1.27860415506 1.81659 0.010994
1.28488658893 1.82255 0.0106678
1.29117542007 1.82833 0.0104824
1.29746572637 1.83467 0.0103305
1.30374182701 1.84033 0.0107184
1.31001732292 1.84689 0.0112504
1.31630144766 1.85275 0.0110884
1.32258676036 1.85835 0.0104375
1.32886549245 1.86507 0.0102986
1.33514480495 1.87063 0.0107694
1.34144051627 1.87654 0.0108834
1.34773086842 1.88352 0.011501
1.35400158999 1.88886 0.010989
1.3602826093 1.89527 0.010968
1.36656568646 1.90122 0.0113175
1.37285149848 1.90669 0.0106669
1.37913537293 1.91322 0.0113627
1.38540956715 1.91999 0.00984779
1.39169864122 1.92508 0.010978
1.39798445144 1.9318 0.0103384
1.40426788341 1.93753 0.0105847
1.41055477948 1.94443 0.00991262
1.41683783355 1.9505 0.0112854
1.42311817719 1.95584 0.0115606
1.42939780116 1.9624 0.00969497
1.43568692182 1.96823 0.0111605
1.44197712177 1.97697 0.0108312
1.44825366785 1.98133 0.0102621
1.45453234897 1.9876 0.010747
1.46081931915 1.99367 0.0110361
1.4671103644 1.99984 0.0111716
1.47339290895 2.00474 0.011483
1.47966996524 2.01212 0.0109274
1.4859561446 2.01844 0.010834
1.49223361076 2.02404 0.0102917
1.49850247038 2.03047 0.00991474
1.50478575205 2.03628 0.0105537
1.51107599189 2.04186 0.0105266
1.51736163499 2.04717 0.0101566
1.52364857097 2.05382 0.0107609
1.52993803572 2.05941 0.0114476
1.53623017691 2.06495 0.0115361
1.54251071878 2.07064 0.0107715
1.54878396308 2.07687 0.0106763
1.55507306978 2.0825 0.0106111
1.56135732493 2.08722 0.0110654
1.56762912105 2.09356 0.0116691
1.5739136974 2.09796 0.0104623
1.58020354523 2.10467 0.011117
1.58648539343 2.1099 0.0106423
1.59276001426 2.11382 0.0106091
1.59904643639 2.11912 0.0105293
1.60534213664 2.12438 0.0112783
1.61161976836 2.12974 0.0115818
1.61789716835 2.13696 0.0106939
1.62418270854 2.14362 0.0106759
1.63046407995 2.15108 0.0111086
1.63674824683 2.15701 0.0108826
1.64303013827 2.16372 0.0110186
1.64930808063 2.17103 0.0106995
1.65559224863 2.178 0.0109958
1.66187827598 2.18385 0.0121632
1.66816823994 2.1918 0.0112877
1.6744495611 2.19748 0.0115434
1.68072138563 2.20399 0.0122796
1.68701215424 2.21068 0.0115504
1.6933074808 2.21785 0.012029
1.69958064303 2.22424 0.011146
1.70586179344 2.22989 0.0114459
1.71215172419 2.2373 0.0121594
1.71843538617 2.24425 0.0117263
1.72471844694 2.25064 0.0113843
1.73099491844 2.25641 0.0115661
1.73728636032 2.26453 0.0123646
1.74356630258 2.27024 0.011831
1.74983600778 2.27759 0.0121408
1.75612327869 2.28503 0.0114115
1.76241061606 2.29154 0.0114798
1.76869357896 2.29685 0.0123339
1.77497674839 2.3047 0.0114728
1.78126362161 2.31041 0.0113339
1.78754574761 2.31804 0.0121111
1.7938272923 2.32444 0.0118952
1.80010772174 2.33102 0.0123749
1.80639091391 2.33813 0.0127968
1.81267451427 2.34541 0.0118484
1.81895363524 2.35121 0.0114431
1.82523850291 2.35836 0.012299
1.8315236862 2.36547 0.0126925
1.83781040898 2.37216 0.0120236
1.84409642612 2.37828 0.0135201
1.8503769215 2.38577 0.0133024
1.85666074594 2.39329 0.0131377
1.86294359809 2.39785 0.0124222
1.86922204917 2.40553 0.0123079
1.87550781357 2.41199 0.0122975
1.88179499507 2.4196 0.0128757
1.88807781314 2.42584 0.0119983
1.89435244502 2.43271 0.0117036
1.90063796885 2.44068 0.0130945
1.90692833723 2.44659 0.0126839
1.91320221586 2.45307 0.0136781
1.91948223445 2.45943 0.0145265
1.92577010575 2.46827 0.0122857
1.93206491035 2.47373 0.013004
1.93834071151 2.47962 0.0136642
1.94460828613 2.4856 0.013693
1.9508968614 2.4941 0.0132324
1.95718811973 2.50007 0.0136335
1.96347509207 2.50636 0.0130635
1.9697553281 2.5133 0.0141639
1.9760413775 2.52204 0.013298
1.98233260336 2.52652 0.0148316
1.98861171931 2.53494 0.0139518
1.99488792869 2.53936 0.0137931
2.00117304134 2.54793 0.0135768
2.00745262249 2.55409 0.0132735
2.01372721862 2.56108 0.0144372
2.02001108039 2.5667 0.0138829
2.02630405283 2.57416 0.0146936
2.03258735828 2.58015 0.014322
2.03886100377 2.58565 0.0139377
2.04514489951 2.59294 0.01472
2.05143683626 2.59913 0.0150915
2.05772382203 2.60595 0.0150161
2.0640044634 2.61349 0.0141462
2.07029278421 2.61733 0.0144265
2.07658471853 2.62584 0.014994
2.08285424307 2.63254 0.0137774
2.08912259138 2.63784 0.0161658
2.09541730178 2.64485 0.0166507
2.10170304464 2.64999 0.0166969
2.10797273337 2.65605 0.0163651
2.11425579676 2.66323 0.0161089
2.12053788985 2.66935 0.0167501
2.12682075079 2.67331 0.016237
2.13310670204 2.67985 0.0183609
2.13940011923 2.68539 0.0173787
2.14568939859 2.693 0.0166166
2.15195789682 2.69877 0.0172781
2.15824033347 2.70279 0.0179836
2.16453048092 2.70693 0.0171677
2.17081716829 2.71574 0.0164502
2.17709912993 2.72049 0.0171362
2.18337674027 2.72556 0.0176087
2.18965452646 2.73171 0.0173372
2.19593814184 2.73719 0.0175995
2.20221722867 2.74086 0.0177787
2.20849850085 2.74847 0.0175783
2.21479372465 2.75501 0.0176758
2.22107581834 2.76171 0.0184068
2.22733812199 2.7693 0.0186473
2.23362792264 2.77108 0.0183119
2.2399287897 2.78143 0.0197792
2.24620084223 2.7864 0.0203939
2.2524810722 2.79389 0.0197553
2.25875993301 2.80058 0.0198577
2.26503776668 2.80807 0.0203572
2.27130391144 2.81224 0.0215217
2.27758972822 2.82201 0.0218525
2.28389830542 2.82858 0.0219787
2.29017001225 2.83968 0.0223466
2.29645357402 2.84604 0.0229783
2.30275372852 2.85124 0.0221092
2.30903325986 2.85712 0.021886
2.31530674049 2.86527 0.0218691
2.32158490306 2.86951 0.0229208
2.3278758488 2.87789 0.0221134
2.33415543799 2.88701 0.0230687
2.34041936871 2.893 0.0224458
2.34670710068 2.89572 0.0210855
2.3530032916 2.90624 0.0245859
2.35928989445 2.91241 0.0219324
2.36555387699 2.92307 0.0249579
2.37182578571 2.92505 0.0231695
2.3781409032 2.9313 0.0257738
2.38442809259 2.93959 0.0244441
2.39069258243 2.9437 0.0243353
2.39698813839 2.94986 0.0247217
2.40330354843 2.95798 0.0272807
2.40957307365 2.96399 0.0224625
2.41583080138 2.97421 0.0302626
2.42214385676 2.9779 0.0299836
2.42843005755 2.98446 0.0287814
2.43467776878 2.99026 0.0272218
2.44097021258 2.99416 0.0262508
2.44729898127 3.00778 0.0288514
2.45356911846 3.00327 0.0304332
2.45980003814 3.0134 0.0345907
2.4661092349 3.01818 0.0335553
2.47241430729 3.02465 0.0318755
2.47866355169 3.03522 0.0345123
2.48493431628 3.0373 0.0329209
2.49124283111 3.04562 0.0381937
2.49755537626 3.05533 0.0327943
2.50380379021 3.05572 0.032831
2.51005045336 3.06527 0.0375726
2.51638815336 3.0669 0.0362785
2.52269694929 3.07355 0.034499
2.52891211798 3.07705 0.0380118
2.53519495098 3.07988 0.0399916
2.54155301509 3.08531 0.0404413
2.54783359884 3.08965 0.0426803
2.55402772623 3.09816 0.039983
2.56033571996 3.10568 0.0414426
2.56672381747 3.10615 0.0507118
2.57294751341 3.11249 0.0417941
2.57911252531 3.12403 0.0352706
2.58547549612 3.11963 0.0440688
2.59185019505 3.1345 0.0468664
2.59805932148 3.12729 0.0508797
2.60429715989 3.13613 0.0544367
2.61067449751 3.15128 0.0548622
2.61693283418 3.14601 0.0523511
2.62300854502 3.14305 0.0570016
2.62939753095 3.1518 0.0583934
2.63591057571 3.15431 0.057737
2.64202978624 3.16121 0.0695636
2.64803951219 3.17317 0.0626383
2.65454096229 3.17053 0.0717955
2.66118028258 3.16323 0.0822974
2.66719514746 3.16606 0.0830636
2.67309090101 3.17168 0.0784549
2.67973176445 3.17986 0.0779193
2.68646693102 3.18165 0.078268
2.69219835647 3.16756 0.111345
2.69796467721 3.17181 0.0975935
2.70489193937 3.18859 0.114151
2.71182026315 3.18092 0.131153
2.71709790339 3.20389 0.152486
2.7227864466 3.2034 0.120063
2.72994784687 3.18055 0.146153
2.73706528781 3.20435 0.16541
2.74248820391 3.21364 0.254088
2.74787331837 3.20636 0.239445
2.75504313834 3.23319 0.273542
2.76219934437 3.21874 0.313318
2.76789278819 3.16066 0.656824
2.77283198247 3.22633 0.536603
2.77965581172 2.93951 1.33254
2.78599582346 31.034 426.392
