0.0088996412247 -8.87149 0.568668
0.0150791221651 -6.22541 0.317693
0.0214479018646 -4.34588 0.199555
0.0278366077649 -3.00016 0.156568
0.034350997858 -2.02264 0.140237
0.0404788676143 -1.28997 0.0980987
0.0467671668358 -0.724014 0.0886883
0.0530822510177 -0.255215 0.0816506
0.0594536244094 0.0994369 0.0671114
0.0657622481459 0.38511 0.057397
0.071966329067 0.603744 0.0499701
0.0782786091569 0.773013 0.0417903
0.0847039894583 0.90685 0.0393573
0.0909685462053 0.999431 0.038776
0.0972078977683 1.06477 0.0328392
0.103476303896 1.12819 0.0256483
0.109757644425 1.17857 0.0287183
0.116054308478 1.21746 0.0286255
0.122366966654 1.24842 0.0262174
0.128681726309 1.27278 0.0282582
0.134950080166 1.28038 0.0266787
0.141194955884 1.27722 0.0257392
0.147513357575 1.27395 0.0238204
0.153786507425 1.27133 0.0192915
0.160065754405 1.27243 0.0235769
0.166399116869 1.27418 0.0224864
0.172719564578 1.27704 0.0212152
0.178976521338 1.28147 0.0192782
0.185235369065 1.29175 0.0207449
0.191480678734 1.29097 0.0225027
0.197788986865 1.29272 0.0195772
0.204093773545 1.28819 0.0176193
0.210393930261 1.2895 0.0195215
0.216690970982 1.28605 0.016798
0.222970028122 1.2875 0.0176609
0.229262002709 1.28978 0.0181195
0.235514150837 1.29021 0.0170297
0.241791058382 1.29145 0.0163985
0.248085653944 1.29425 0.018123
0.254349225687 1.29741 0.0172898
0.260633425188 1.29961 0.0154214
0.26692573709 1.30016 0.0163756
0.273242334314 1.30103 0.0134514
0.279552968008 1.30127 0.016451
0.285836629231 1.30108 0.0151471
0.292087627139 1.30407 0.0148648
0.298344984444 1.30422 0.015734
0.304638263941 1.30369 0.0158262
0.3109279127 1.30441 0.013515
0.317216817162 1.30854 0.014157
0.323518756794 1.30833 0.0138836
0.329816821755 1.31103 0.0155028
0.336117642946 1.31344 0.015525
0.342370037571 1.31415 0.0157388
0.348647819267 1.3145 0.0128401
0.354941161441 1.31488 0.0146246
0.361191693542 1.31501 0.0139627
0.367476708956 1.3166 0.0139285
0.373764779528 1.31983 0.0143444
0.380065403148 1.32019 0.013851
0.386353986126 1.32265 0.0137351
0.392614018136 1.32314 0.013887
0.398926450032 1.32549 0.0148819
0.405207324458 1.32642 0.0126959
0.411491647757 1.32659 0.0127863
0.417781427212 1.32901 0.0145257
0.424040064873 1.32906 0.0130892
0.430342569027 1.33136 0.0130753
0.436635856026 1.33482 0.0135928
0.442899618322 1.33558 0.0132914
0.449163441853 1.33582 0.0137803
0.455441414625 1.33791 0.0131564
0.46176344703 1.3374 0.0129238
0.468064424202 1.33981 0.011839
0.474348524276 1.34074 0.0127395
0.480635613682 1.34414 0.0121512
0.486901925839 1.3469 0.0133501
0.49316970996 1.34489 0.0134957
0.499450674714 1.3496 0.012811
0.505715905134 1.34891 0.0121188
0.511992399627 1.35064 0.0133085
0.518312609777 1.35349 0.012136
0.524608963803 1.35477 0.0119421
0.530875730848 1.35771 0.0131843
0.537157352795 1.36036 0.0117417
0.543457956378 1.36069 0.0136157
0.549743065239 1.36311 0.0125888
0.55599374275 1.36346 0.0131119
0.562285467661 1.36677 0.0142538
0.568601153723 1.37082 0.0114617
0.574880458942 1.37089 0.0126767
0.581155021034 1.37284 0.0130607
0.587439449666 1.37538 0.012762
0.59371762203 1.37636 0.0129133
0.599997195479 1.37963 0.0132762
0.606267911512 1.38148 0.0131307
0.612546957644 1.38343 0.0117151
0.618847773304 1.38628 0.0133173
0.625131056744 1.38862 0.0133351
0.631402745038 1.39149 0.0113082
0.637700356273 1.39399 0.0129542
0.643985778331 1.39648 0.0116463
0.650268541717 1.3973 0.0109135
0.65655861177 1.40112 0.0119777
0.662836928236 1.40395 0.0111408
0.669118544496 1.4056 0.0119146
0.675407019858 1.40803 0.0126842
0.681683551459 1.41144 0.011863
0.687959253386 1.41418 0.012323
0.694234431704 1.41514 0.0111062
0.700517540243 1.41859 0.0104169
0.706812495661 1.42151 0.0118714
0.713101900967 1.42403 0.0119634
0.719391825117 1.42759 0.0121092
0.72568338076 1.43006 0.011687
0.731965268271 1.43315 0.0118414
0.738250799048 1.43563 0.0101713
0.744526584212 1.43821 0.0121394
0.750787110194 1.44217 0.0121337
0.757075846532 1.44392 0.011845
0.76336412336 1.44879 0.0118857
0.769646295986 1.45097 0.0130232
0.775939486518 1.45495 0.011479
0.782232914199 1.45741 0.0125379
0.788531493652 1.46091 0.0124635
0.794789656698 1.4647 0.0114747
0.801049109659 1.46647 0.0107053
0.807336406173 1.47088 0.0115848
0.813622948837 1.47326 0.0101954
0.819915299896 1.47735 0.0113765
0.826195263639 1.4808 0.0113712
0.832489707008 1.48404 0.0119953
0.838795930921 1.48662 0.010798
0.84506346397 1.49003 0.0117215
0.851328286756 1.4951 0.0101015
0.85761982639 1.49689 0.0114837
0.863905847706 1.50096 0.011912
0.870183874549 1.50527 0.0106462
0.876464109608 1.5095 0.0111693
0.88275038734 1.51249 0.0108439
0.889033276839 1.5159 0.0109728
0.895308424711 1.52019 0.0115458
0.901595652167 1.52361 0.0108454
0.907883332809 1.52674 0.0115448
0.914174410632 1.53007 0.0116455
0.920463081772 1.53461 0.0110191
0.926743441526 1.53971 0.0112463
0.933032419735 1.54371 0.0107557
0.939326578557 1.54753 0.0108213
0.94559748104 1.55124 0.0115382
0.951866001855 1.5556 0.0116328
0.958141325553 1.559 0.0105747
0.964435094511 1.56241 0.0108456
0.970735563357 1.5683 0.010526
0.977008076845 1.57289 0.0107371
0.983282332536 1.576 0.0113855
0.989556969197 1.58051 0.0101789
0.995845630192 1.58436 0.00968477
1.00213621074 1.58965 0.0103225
1.00840482534 1.59288 0.011292
1.01469414984 1.59789 0.0108657
1.02099255544 1.60316 0.0110546
1.02727398044 1.60662 0.011527
1.0335591819 1.61153 0.0113255
1.03984755739 1.61583 0.0108523
1.04612697494 1.62074 0.0118858
1.05240343681 1.6247 0.0108301
1.05868070465 1.62973 0.0112629
1.06496433307 1.63542 0.0114733
1.07125677744 1.63879 0.0103472
1.0775440488 1.64215 0.0116274
1.08382482019 1.64936 0.01184
1.09010802394 1.65314 0.0110863
1.09638966596 1.65882 0.0106371
1.10268113206 1.66339 0.0113904
1.10896304759 1.66832 0.0116509
1.11522542846 1.67396 0.0110046
1.12150212761 1.67812 0.0121349
1.12779257382 1.68266 0.0106867
1.13408955267 1.68867 0.0107734
1.14036404965 1.69328 0.0113913
1.14663918032 1.69882 0.0106535
1.15294241299 1.70444 0.0106576
1.15922890675 1.70893 0.0104511
1.16550872189 1.71372 0.0104046
1.17179307626 1.7192 0.011098
1.17808743637 1.72491 0.0106507
1.18436765425 1.73002 0.0105333
1.1906346423 1.73546 0.0104946
1.19691220883 1.74 0.0104731
1.20320157735 1.74526 0.0106072
1.20948684444 1.75252 0.0110092
1.21576390207 1.75718 0.0109006
1.22204975517 1.76298 0.0110468
1.22834061662 1.76903 0.0111047
1.23463298658 1.77371 0.0116323
1.24090224718 1.77924 0.0103278
1.24717483914 1.78511 0.0102443
1.25346545993 1.79135 0.0108577
1.25974995189 1.79679 0.00983194
1.26603214313 1.80165 0.0107539
1.27231628847 1.80749 0.00951585
1.27860415506 1.81277 0.0110765
1.28488658893 1.81961 0.0105518
1.29117542007 1.82455 0.0106126
1.29746572637 1.8306 0.0102141
1.30374182701 1.83697 0.00980225
1.31001732292 1.84291 0.0112002
1.31630144766 1.84848 0.0102259
1.32258676036 1.85442 0.010585
1.32886549245 1.861 0.00993104
1.33514480495 1.86666 0.0101729
1.34144051627 1.87177 0.010462
1.34773086842 1.87932 0.0114363
1.35400158999 1.88461 0.0106034
1.3602826093 1.89079 0.0108767
1.36656568646 1.89671 0.0113803
1.37285149848 1.9027 0.0102086
1.37913537293 1.90861 0.0114516
1.38540956715 1.91509 0.00912779
1.39169864122 1.9207 0.0104562
1.39798445144 1.92744 0.0106568
1.40426788341 1.93281 0.0110094
1.41055477948 1.93946 0.0100731
1.41683783355 1.94639 0.0118628
1.42311817719 1.95114 0.0109661
1.42939780116 1.95796 0.0101159
1.43568692182 1.96333 0.0107932
1.44197712177 1.97154 0.0108198
1.44825366785 1.97633 0.0101311
1.45453234897 1.98212 0.0111521
1.46081931915 1.98849 0.0115683
1.4671103644 1.99419 0.0113537
1.47339290895 2.00031 0.0113337
1.47966996524 2.00676 0.0104503
1.4859561446 2.01283 0.0114926
1.49223361076 2.01872 0.010525
1.49850247038 2.02508 0.0101479
1.50478575205 2.03056 0.0106925
1.51107599189 2.03606 0.0107121
1.51736163499 2.04212 0.0105195
1.52364857097 2.04818 0.0110427
1.52993803572 2.05352 0.010488
1.53623017691 2.05965 0.0116198
1.54251071878 2.0647 0.0108521
1.54878396308 2.07113 0.00985054
1.55507306978 2.07755 0.0113606
1.56135732493 2.08222 0.0107234
1.56762912105 2.08816 0.0114941
1.5739136974 2.09217 0.0102748
1.58020354523 2.09899 0.0105795
1.58648539343 2.10341 0.0112486
1.59276001426 2.10864 0.0112475
1.59904643639 2.1132 0.0103989
1.60534213664 2.11856 0.0118331
1.61161976836 2.1249 0.0117118
1.61789716835 2.13117 0.0113006
1.62418270854 2.13808 0.0104421
1.63046407995 2.14553 0.0109018
1.63674824683 2.15181 0.0107918
1.64303013827 2.15795 0.011146
1.64930808063 2.16557 0.010842
1.65559224863 2.1732 0.0110654
1.66187827598 2.17823 0.0117226
1.66816823994 2.18563 0.0112513
1.6744495611 2.19127 0.0116889
1.68072138563 2.19825 0.0126638
1.68701215424 2.20488 0.0117166
1.6933074808 2.21222 0.0122979
1.69958064303 2.21916 0.0111233
1.70586179344 2.22401 0.0120116
1.71215172419 2.23156 0.0123373
1.71843538617 2.23879 0.0121245
1.72471844694 2.24502 0.0113346
1.73099491844 2.2515 0.0118436
1.73728636032 2.25895 0.0120626
1.74356630258 2.26449 0.0126426
1.74983600778 2.27259 0.0131972
1.75612327869 2.27924 0.0118664
1.76241061606 2.28522 0.0125294
1.76869357896 2.29207 0.0121632
1.77497674839 2.29949 0.0119085
1.78126362161 2.30444 0.0121045
1.78754574761 2.31175 0.0120021
1.7938272923 2.31883 0.0118958
1.80010772174 2.32585 0.0130891
1.80639091391 2.33268 0.0127366
1.81267451427 2.33928 0.0120805
1.81895363524 2.3451 0.0122566
1.82523850291 2.35281 0.0126012
1.8315236862 2.36009 0.0129857
1.83781040898 2.36617 0.0121914
1.84409642612 2.37277 0.0134177
1.8503769215 2.37981 0.0129996
1.85666074594 2.38789 0.0136085
1.86294359809 2.39215 0.01267
1.86922204917 2.39973 0.0136088
1.87550781357 2.40597 0.0137194
1.88179499507 2.41322 0.0126432
1.88807781314 2.42009 0.0122464
1.89435244502 2.42753 0.0125505
1.90063796885 2.43464 0.013629
1.90692833723 2.44131 0.0129049
1.91320221586 2.44761 0.0139185
1.91948223445 2.45408 0.0145216
1.92577010575 2.46193 0.0128205
1.93206491035 2.46794 0.0136182
1.93834071151 2.47395 0.0150299
1.94460828613 2.48055 0.0137972
1.9508968614 2.48787 0.0132474
1.95718811973 2.49493 0.0138558
1.96347509207 2.50015 0.0133978
1.9697553281 2.5074 0.0133891
1.9760413775 2.51603 0.0142597
1.98233260336 2.52111 0.0152041
1.98861171931 2.5295 0.0144084
1.99488792869 2.53443 0.01338
2.00117304134 2.5408 0.0140708
2.00745262249 2.54771 0.0136706
2.01372721862 2.55553 0.0136105
2.02001108039 2.56169 0.0139968
2.02630405283 2.56903 0.0150843
2.03258735828 2.57445 0.0145937
2.03886100377 2.58021 0.0142745
2.04514489951 2.58767 0.0143407
2.05143683626 2.59269 0.015131
2.05772382203 2.60105 0.0149313
2.0640044634 2.60775 0.0157402
2.07029278421 2.61168 0.0147502
2.07658471853 2.61982 0.0151032
2.08285424307 2.62619 0.0146637
2.08912259138 2.63225 0.0154815
2.09541730178 2.63889 0.0158824
2.10170304464 2.64436 0.0170203
2.10797273337 2.65065 0.0156016
2.11425579676 2.65621 0.0169887
2.12053788985 2.66465 0.0161169
2.12682075079 2.66877 0.0157489
2.13310670204 2.67335 0.0178652
2.13940011923 2.67981 0.0170944
2.14568939859 2.68712 0.0163075
2.15195789682 2.69316 0.0162016
2.15824033347 2.69771 0.0170092
2.16453048092 2.70156 0.0166124
2.17081716829 2.71107 0.0158654
2.17709912993 2.71573 0.0166324
2.18337674027 2.7214 0.0167272
2.18965452646 2.72663 0.015577
2.19593814184 2.73225 0.0178734
2.20221722867 2.73612 0.0176396
2.20849850085 2.74365 0.018002
2.21479372465 2.74953 0.0165729
2.22107581834 2.75463 0.0165258
2.22733812199 2.76301 0.0193518
2.23362792264 2.76556 0.0175872
2.2399287897 2.77498 0.019828
2.24620084223 2.78102 0.0190832
2.2524810722 2.78783 0.0202295
2.25875993301 2.79486 0.0179883
2.26503776668 2.8011 0.0196677
2.27130391144 2.8073 0.0196894
2.27758972822 2.81508 0.0197729
2.28389830542 2.82513 0.0212035
2.29017001225 2.83371 0.0220667
2.29645357402 2.83903 0.0219386
2.30275372852 2.84586 0.0213358
2.30903325986 2.85326 0.0213706
2.31530674049 2.85902 0.0218826
2.32158490306 2.86528 0.0228015
2.3278758488 2.87173 0.0219073
2.33415543799 2.88257 0.0228525
2.34041936871 2.88509 0.0224971
2.34670710068 2.89239 0.019013
2.3530032916 2.90204 0.0256136
2.35928989445 2.90418 0.0240472
2.36555387699 2.91581 0.0231065
2.37182578571 2.9168 0.0244736
2.3781409032 2.92413 0.0247523
2.38442809259 2.93179 0.0241893
2.39069258243 2.9392 0.0241371
2.39698813839 2.9458 0.0273865
2.40330354843 2.95236 0.0267049
2.40957307365 2.95958 0.0234279
2.41583080138 2.9672 0.029769
2.42214385676 2.97352 0.0304889
2.42843005755 2.97779 0.0293751
2.43467776878 2.98464 0.026681
2.44097021258 2.98794 0.029375
2.44729898127 3.00231 0.0296472
2.45356911846 3.00152 0.030206
2.45980003814 3.00906 0.033871
2.4661092349 3.01245 0.0292963
2.47241430729 3.0211 0.0300544
2.47866355169 3.02799 0.0305109
2.48493431628 3.03265 0.0338913
2.49124283111 3.03697 0.0338848
2.49755537626 3.04685 0.0344442
2.50380379021 3.05154 0.0363079
2.51005045336 3.05997 0.0361765
2.51638815336 3.06233 0.0397418
2.52269694929 3.06636 0.036567
2.52891211798 3.073 0.0391825
2.53519495098 3.07968 0.0414642
2.54155301509 3.07991 0.0421279
2.54783359884 3.08061 0.0453429
2.55402772623 3.09413 0.0411598
2.56033571996 3.09886 0.0412056
2.56672381747 3.09589 0.0489766
2.57294751341 3.10837 0.0406995
2.57911252531 3.11358 0.0373625
2.58547549612 3.11591 0.0431971
2.59185019505 3.13039 0.0480676
2.59805932148 3.12137 0.0475203
2.60429715989 3.12938 0.0448548
2.61067449751 3.14696 0.0552496
2.61693283418 3.1412 0.0544345
2.62300854502 3.13575 0.064959
2.62939753095 3.14971 0.0576466
2.63591057571 3.15247 0.0669146
2.64202978624 3.15238 0.0603991
2.64803951219 3.16748 0.0676312
2.65454096229 3.15463 0.0594514
2.66118028258 3.15877 0.0813544
2.66719514746 3.16443 0.0819055
2.67309090101 3.17458 0.0781085
2.67973176445 3.17904 0.0713387
2.68646693102 3.18507 0.0902811
2.69219835647 3.16496 0.110398
2.69796467721 3.15866 0.109997
2.70489193937 3.17628 0.109178
2.71182026315 3.16727 0.116913
2.71709790339 3.20781 0.152759
2.7227864466 3.19381 0.122089
2.72994784687 3.1765 0.150926
2.73706528781 3.21114 0.178167
2.74248820391 3.19996 0.279221
2.74787331837 3.21836 0.230385
2.75504313834 3.24184 0.285688
2.76219934437 3.23296 0.290109
2.76789278819 3.10804 0.658363
2.77283198247 3.22356 0.542731
2.77965581172 3.02459 1.3279
2.78599582346 37.2033 537.604
