0.0088996412247 -6.71179 0.38895
0.0150791221651 -4.74767 0.218952
0.0214479018646 -3.36229 0.138256
0.0278366077649 -2.41067 0.111076
0.034350997858 -1.7116 0.103897
0.0404788676143 -1.19558 0.0772971
0.0467671668358 -0.792059 0.067543
0.0530822510177 -0.458709 0.0673476
0.0594536244094 -0.196206 0.0547705
0.0657622481459 0.0231293 0.0507422
0.071966329067 0.201334 0.0470752
0.0782786091569 0.349331 0.0419152
0.0847039894583 0.473177 0.0346817
0.0909685462053 0.568208 0.0391853
0.0972078977683 0.646983 0.0327965
0.103476303896 0.725711 0.0276136
0.109757644425 0.79955 0.0297896
0.116054308478 0.86169 0.0263697
0.122366966654 0.919358 0.0263138
0.128681726309 0.970791 0.0278801
0.134950080166 1.00722 0.0271416
0.141194955884 1.03076 0.0242135
0.147513357575 1.04975 0.023219
0.153786507425 1.06647 0.019227
0.160065754405 1.08767 0.0248542
0.166399116869 1.10414 0.0211977
0.172719564578 1.12331 0.0185406
0.178976521338 1.14071 0.0199166
0.185235369065 1.16083 0.0186894
0.191480678734 1.17149 0.0202976
0.197788986865 1.18253 0.0194563
0.204093773545 1.18488 0.0163628
0.210393930261 1.19307 0.0185275
0.216690970982 1.19575 0.017299
0.222970028122 1.2006 0.016933
0.229262002709 1.20834 0.018286
0.235514150837 1.20979 0.0172715
0.241791058382 1.21475 0.0159341
0.248085653944 1.21964 0.0173193
0.254349225687 1.2254 0.0158172
0.260633425188 1.23029 0.0156152
0.26692573709 1.23185 0.0168695
0.273242334314 1.234 0.0145646
0.279552968008 1.23482 0.0161951
0.285836629231 1.23789 0.0143337
0.292087627139 1.24004 0.0143548
0.298344984444 1.24215 0.0148363
0.304638263941 1.24321 0.0142467
0.3109279127 1.24455 0.0139357
0.317216817162 1.25076 0.0138749
0.323518756794 1.25117 0.0139868
0.329816821755 1.25502 0.0148172
0.336117642946 1.25727 0.0152727
0.342370037571 1.25911 0.0151639
0.348647819267 1.26114 0.0125812
0.354941161441 1.2621 0.0146889
0.361191693542 1.26299 0.0139438
0.367476708956 1.26599 0.0141855
0.373764779528 1.27012 0.0131232
0.380065403148 1.27117 0.0137346
0.386353986126 1.2739 0.0141771
0.392614018136 1.2761 0.0136664
0.398926450032 1.27895 0.0144493
0.405207324458 1.27997 0.0124855
0.411491647757 1.28187 0.0129355
0.417781427212 1.28624 0.0151951
0.424040064873 1.28661 0.0131253
0.430342569027 1.28922 0.0139419
0.436635856026 1.29238 0.013539
0.442899618322 1.29467 0.0119085
0.449163441853 1.29684 0.0135923
0.455441414625 1.29915 0.0121318
0.46176344703 1.30028 0.012744
0.468064424202 1.30302 0.0118272
0.474348524276 1.30469 0.0120843
0.480635613682 1.30896 0.0117804
0.486901925839 1.31149 0.0122557
0.49316970996 1.31067 0.0128651
0.499450674714 1.31702 0.0127953
0.505715905134 1.31703 0.0122577
0.511992399627 1.31864 0.0137744
0.518312609777 1.3229 0.0115397
0.524608963803 1.32429 0.0119545
0.530875730848 1.32729 0.0128722
0.537157352795 1.331 0.0119946
0.543457956378 1.3329 0.0128731
0.549743065239 1.3355 0.0124475
0.55599374275 1.33581 0.012688
0.562285467661 1.34042 0.01354
0.568601153723 1.34456 0.0120987
0.574880458942 1.34616 0.0116586
0.581155021034 1.34852 0.0127776
0.587439449666 1.35124 0.013176
0.59371762203 1.35312 0.0127647
0.599997195479 1.35745 0.0135477
0.606267911512 1.35916 0.0125775
0.612546957644 1.36138 0.0118403
0.618847773304 1.36539 0.0123294
0.625131056744 1.36816 0.0124027
0.631402745038 1.37176 0.0106885
0.637700356273 1.37459 0.0129611
0.643985778331 1.37736 0.0120177
0.650268541717 1.37877 0.0102067
0.65655861177 1.38351 0.0129395
0.662836928236 1.38612 0.0114244
0.669118544496 1.388 0.0117754
0.675407019858 1.39126 0.0128128
0.681683551459 1.3951 0.0117648
0.687959253386 1.39842 0.0123812
0.694234431704 1.39952 0.011416
0.700517540243 1.40356 0.010865
0.706812495661 1.40599 0.0114282
0.713101900967 1.40956 0.0117591
0.719391825117 1.41433 0.0117323
0.72568338076 1.41654 0.0117285
0.731965268271 1.42058 0.0117207
0.738250799048 1.42234 0.0104521
0.744526584212 1.42557 0.011852
0.750787110194 1.42979 0.0121404
0.757075846532 1.432 0.0113766
0.76336412336 1.43741 0.0117647
0.769646295986 1.44021 0.0129142
0.775939486518 1.44317 0.0111606
0.782232914199 1.44744 0.0122215
0.788531493652 1.45116 0.0119672
0.794789656698 1.4551 0.0120481
0.801049109659 1.45753 0.0110721
0.807336406173 1.46231 0.0116979
0.813622948837 1.46475 0.00982667
0.819915299896 1.46864 0.0114952
0.826195263639 1.47228 0.0118805
0.832489707008 1.47626 0.0125237
0.838795930921 1.4787 0.0112124
0.84506346397 1.48281 0.0112911
0.851328286756 1.48807 0.0105761
0.85761982639 1.49001 0.0111312
0.863905847706 1.49462 0.0116493
0.870183874549 1.49842 0.0106471
0.876464109608 1.50329 0.0107488
0.88275038734 1.50702 0.0107704
0.889033276839 1.51029 0.0108804
0.895308424711 1.51465 0.0117201
0.901595652167 1.5189 0.0104774
0.907883332809 1.52202 0.0114783
0.914174410632 1.52531 0.0113662
0.920463081772 1.53037 0.0112955
0.926743441526 1.5352 0.0115471
0.933032419735 1.53996 0.0114159
0.939326578557 1.544 0.011043
0.94559748104 1.54752 0.0116849
0.951866001855 1.55168 0.0118844
0.958141325553 1.55547 0.0106736
0.964435094511 1.55926 0.0113341
0.970735563357 1.56534 0.0105404
0.977008076845 1.57062 0.0110357
0.983282332536 1.57346 0.0111911
0.989556969197 1.57816 0.0103849
0.995845630192 1.58227 0.00916281
1.00213621074 1.58731 0.0104171
1.00840482534 1.59161 0.0120501
1.01469414984 1.59664 0.0106258
1.02099255544 1.60207 0.0113597
1.02727398044 1.60511 0.0117058
1.0335591819 1.6106 0.0110957
1.03984755739 1.61456 0.0107878
1.04612697494 1.61967 0.0117354
1.05240343681 1.62385 0.0102171
1.05868070465 1.62872 0.011196
1.06496433307 1.63544 0.0115262
1.07125677744 1.63879 0.0109153
1.0775440488 1.64209 0.0113646
1.08382482019 1.64891 0.0119245
1.09010802394 1.65304 0.0108939
1.09638966596 1.6588 0.0103943
1.10268113206 1.66351 0.0112098
1.10896304759 1.66793 0.0109993
1.11522542846 1.67427 0.0111662
1.12150212761 1.67888 0.0121452
1.12779257382 1.68315 0.0101005
1.13408955267 1.68952 0.0108552
1.14036404965 1.69444 0.0117324
1.14663918032 1.69972 0.0111585
1.15294241299 1.7056 0.0105327
1.15922890675 1.71043 0.0106592
1.16550872189 1.71509 0.0109204
1.17179307626 1.72003 0.0107851
1.17808743637 1.72631 0.010312
1.18436765425 1.7314 0.0104076
1.1906346423 1.7366 0.0108134
1.19691220883 1.74153 0.0102852
1.20320157735 1.74699 0.0104585
1.20948684444 1.75474 0.0105589
1.21576390207 1.75886 0.0109108
1.22204975517 1.76489 0.0106513
1.22834061662 1.77084 0.0109302
1.23463298658 1.77599 0.0110765
1.24090224718 1.7816 0.00964812
1.24717483914 1.78787 0.0102574
1.25346545993 1.79407 0.0113916
1.25974995189 1.79868 0.00984803
1.26603214313 1.80429 0.0105003
1.27231628847 1.81023 0.00959524
1.27860415506 1.81566 0.0111861
1.28488658893 1.82213 0.010641
1.29117542007 1.82756 0.0102164
1.29746572637 1.83378 0.00992857
1.30374182701 1.83975 0.00999696
1.31001732292 1.84606 0.0116453
1.31630144766 1.85176 0.0108988
1.32258676036 1.85756 0.0104769
1.32886549245 1.86422 0.00987191
1.33514480495 1.86995 0.0104719
1.34144051627 1.87585 0.010534
1.34773086842 1.88258 0.0111992
1.35400158999 1.88831 0.0108569
1.3602826093 1.89429 0.0107205
1.36656568646 1.90018 0.0110733
1.37285149848 1.90649 0.0102116
1.37913537293 1.91202 0.0112646
1.38540956715 1.9189 0.00940368
1.39169864122 1.92425 0.0106268
1.39798445144 1.93125 0.0104383
1.40426788341 1.93688 0.0106465
1.41055477948 1.94335 0.0102514
1.41683783355 1.9498 0.0115276
1.42311817719 1.95467 0.0112972
1.42939780116 1.96165 0.00994097
1.43568692182 1.96756 0.0109634
1.44197712177 1.97569 0.0111019
1.44825366785 1.98041 0.0100245
1.45453234897 1.98644 0.0109861
1.46081931915 1.99267 0.011057
1.4671103644 1.99847 0.0106973
1.47339290895 2.00418 0.0118285
1.47966996524 2.01137 0.0105387
1.4859561446 2.01708 0.0110255
1.49223361076 2.02313 0.010326
1.49850247038 2.02956 0.0100231
1.50478575205 2.03511 0.0105046
1.51107599189 2.04068 0.0105741
1.51736163499 2.04653 0.0105873
1.52364857097 2.0526 0.0106597
1.52993803572 2.05871 0.0106876
1.53623017691 2.06402 0.0118021
1.54251071878 2.06883 0.0109282
1.54878396308 2.0761 0.00963248
1.55507306978 2.0823 0.0109356
1.56135732493 2.08662 0.0111417
1.56762912105 2.09284 0.011391
1.5739136974 2.09703 0.0100799
1.58020354523 2.1038 0.0115357
1.58648539343 2.10843 0.0111067
1.59276001426 2.11358 0.0110233
1.59904643639 2.1179 0.0106595
1.60534213664 2.12361 0.0111742
1.61161976836 2.12938 0.0113734
1.61789716835 2.13601 0.011215
1.62418270854 2.14283 0.0103775
1.63046407995 2.15025 0.0109866
1.63674824683 2.15683 0.0107706
1.64303013827 2.1628 0.0113781
1.64930808063 2.17044 0.0106252
1.65559224863 2.17772 0.0111768
1.66187827598 2.18303 0.0118852
1.66816823994 2.19079 0.0112045
1.6744495611 2.19642 0.0113418
1.68072138563 2.20369 0.0120738
1.68701215424 2.20976 0.0113336
1.6933074808 2.2173 0.0120923
1.69958064303 2.22408 0.0110927
1.70586179344 2.2289 0.0120008
1.71215172419 2.23641 0.0118686
1.71843538617 2.24383 0.0118985
1.72471844694 2.25011 0.0110321
1.73099491844 2.25617 0.011721
1.73728636032 2.26419 0.0116447
1.74356630258 2.26947 0.011899
1.74983600778 2.27771 0.0125838
1.75612327869 2.28439 0.0114948
1.76241061606 2.29042 0.0120069
1.76869357896 2.29698 0.0119643
1.77497674839 2.30424 0.0117481
1.78126362161 2.31004 0.0120326
1.78754574761 2.31675 0.0117454
1.7938272923 2.32441 0.0121623
1.80010772174 2.33087 0.0129796
1.80639091391 2.33824 0.0128718
1.81267451427 2.34524 0.0120952
1.81895363524 2.35074 0.0115916
1.82523850291 2.35799 0.0125315
1.8315236862 2.36507 0.0121882
1.83781040898 2.37186 0.0122716
1.84409642612 2.37812 0.0135422
1.8503769215 2.3849 0.0126818
1.85666074594 2.39305 0.0131308
1.86294359809 2.39805 0.0124651
1.86922204917 2.40583 0.0127461
1.87550781357 2.41175 0.0128923
1.88179499507 2.41919 0.0126859
1.88807781314 2.42652 0.0124176
1.89435244502 2.43235 0.0119764
1.90063796885 2.43992 0.0134586
1.90692833723 2.44682 0.0119973
1.91320221586 2.45263 0.0137082
1.91948223445 2.45967 0.0146353
1.92577010575 2.46809 0.0122229
1.93206491035 2.47357 0.0126683
1.93834071151 2.47959 0.014236
1.94460828613 2.48657 0.0134223
1.9508968614 2.49415 0.0132051
1.95718811973 2.50085 0.0140208
1.96347509207 2.50659 0.0125763
1.9697553281 2.51324 0.0137726
1.9760413775 2.52208 0.0138045
1.98233260336 2.52673 0.0145947
1.98861171931 2.53555 0.0144165
1.99488792869 2.5402 0.013603
2.00117304134 2.54689 0.0144922
2.00745262249 2.55402 0.0126212
2.01372721862 2.56184 0.0138483
2.02001108039 2.56764 0.0132077
2.02630405283 2.57473 0.0146277
2.03258735828 2.58048 0.0136798
2.03886100377 2.58623 0.0145723
2.04514489951 2.59359 0.0144424
2.05143683626 2.5995 0.0145665
2.05772382203 2.60708 0.0141342
2.0640044634 2.6139 0.0148556
2.07029278421 2.61836 0.0143268
2.07658471853 2.62683 0.0155933
2.08285424307 2.63327 0.0149205
2.08912259138 2.63844 0.0155198
2.09541730178 2.64537 0.0161097
2.10170304464 2.65124 0.0166476
2.10797273337 2.65659 0.0154728
2.11425579676 2.66377 0.0164727
2.12053788985 2.67031 0.0159492
2.12682075079 2.67505 0.0160856
2.13310670204 2.68022 0.017895
2.13940011923 2.68635 0.016413
2.14568939859 2.69363 0.0162273
2.15195789682 2.69995 0.0169781
2.15824033347 2.70375 0.0171928
2.16453048092 2.70848 0.0156235
2.17081716829 2.71735 0.0161468
2.17709912993 2.72197 0.0168745
2.18337674027 2.72764 0.0178818
2.18965452646 2.73328 0.015917
2.19593814184 2.73774 0.0184431
2.20221722867 2.74169 0.0182665
2.20849850085 2.74967 0.0176309
2.21479372465 2.75538 0.0168823
2.22107581834 2.76164 0.0180935
2.22733812199 2.77033 0.0177858
2.23362792264 2.7729 0.018446
2.2399287897 2.78242 0.0204218
2.24620084223 2.78771 0.0205353
2.2524810722 2.79464 0.0202463
2.25875993301 2.80113 0.0191427
2.26503776668 2.80889 0.0188044
2.27130391144 2.81422 0.0217009
2.27758972822 2.82334 0.0200417
2.28389830542 2.83115 0.0208533
2.29017001225 2.84249 0.0219621
2.29645357402 2.8461 0.0227822
2.30275372852 2.85399 0.0221782
2.30903325986 2.85978 0.0216598
2.31530674049 2.86607 0.0215642
2.32158490306 2.87357 0.0233055
2.3278758488 2.87947 0.021332
2.33415543799 2.88987 0.0229814
2.34041936871 2.89405 0.0233572
2.34670710068 2.90039 0.0196344
2.3530032916 2.90934 0.0254006
2.35928989445 2.91352 0.0222015
2.36555387699 2.92377 0.0242058
2.37182578571 2.92414 0.0235512
2.3781409032 2.93227 0.0254421
2.38442809259 2.93988 0.0237136
2.39069258243 2.94689 0.0246996
2.39698813839 2.95323 0.0273066
2.40330354843 2.9601 0.027121
2.40957307365 2.96709 0.023442
2.41583080138 2.97694 0.0295407
2.42214385676 2.9807 0.0301817
2.42843005755 2.98598 0.0304322
2.43467776878 2.99651 0.0263715
2.44097021258 2.99652 0.0277075
2.44729898127 3.00954 0.0277473
2.45356911846 3.00899 0.0296399
2.45980003814 3.01716 0.0318781
2.4661092349 3.02256 0.0312044
2.47241430729 3.02825 0.029729
2.47866355169 3.0379 0.0318964
2.48493431628 3.04167 0.0334792
2.49124283111 3.0457 0.036147
2.49755537626 3.05708 0.0330446
2.50380379021 3.05847 0.0325747
2.51005045336 3.06713 0.0340055
2.51638815336 3.07072 0.0372074
2.52269694929 3.07769 0.0344442
2.52891211798 3.08313 0.0402909
2.53519495098 3.08684 0.0408585
2.54155301509 3.09041 0.0402206
2.54783359884 3.09128 0.0432248
2.55402772623 3.10202 0.0387941
2.56033571996 3.10882 0.0402761
2.56672381747 3.10845 0.0501303
2.57294751341 3.12099 0.0406936
2.57911252531 3.1248 0.0384019
2.58547549612 3.12623 0.0444778
2.59185019505 3.13908 0.0507013
2.59805932148 3.12904 0.0489712
2.60429715989 3.14333 0.0436806
2.61067449751 3.15752 0.0565173
2.61693283418 3.14888 0.0537973
2.62300854502 3.14625 0.057815
2.62939753095 3.15806 0.0594665
2.63591057571 3.1591 0.0652528
2.64202978624 3.16471 0.0601158
2.64803951219 3.17567 0.0664467
2.65454096229 3.16537 0.0620089
2.66118028258 3.16569 0.0795702
2.66719514746 3.1727 0.0863299
2.67309090101 3.17784 0.078296
2.67973176445 3.18057 0.0713525
2.68646693102 3.18917 0.0900281
2.69219835647 3.17057 0.110182
2.69796467721 3.17595 0.103362
2.70489193937 3.19827 0.110025
2.71182026315 3.18119 0.116286
2.71709790339 3.21279 0.149841
2.7227864466 3.19415 0.126615
2.72994784687 3.18656 0.151425
2.73706528781 3.20593 0.176663
2.74248820391 3.25246 0.277058
2.74787331837 3.22479 0.235623
2.75504313834 3.24339 0.278933
2.76219934437 3.21585 0.311039
2.76789278819 3.12568 0.673122
2.77283198247 3.22162 0.532533
2.77965581172 2.9889 1.18706
2.78599582346 52.7167 665.066
