0.0088996412247 -2.20328 0.176699
0.0150791221651 -1.36656 0.092139
0.0214479018646 -0.77024 0.0645041
0.0278366077649 -0.364129 0.0533405
0.034350997858 -0.0661654 0.0474694
0.0404788676143 0.136353 0.0418328
0.0467671668358 0.307572 0.0345926
0.0530822510177 0.450209 0.0344691
0.0594536244094 0.55277 0.0268669
0.0657622481459 0.642108 0.0314207
0.071966329067 0.712024 0.0270944
0.0782786091569 0.774621 0.0225677
0.0847039894583 0.822009 0.0233086
0.0909685462053 0.859108 0.0243609
0.0972078977683 0.888604 0.0201335
0.103476303896 0.915629 0.0209142
0.109757644425 0.949384 0.0205643
0.116054308478 0.975149 0.0207503
0.122366966654 1.00176 0.021494
0.128681726309 1.02536 0.0211668
0.134950080166 1.0396 0.0196192
0.141194955884 1.04986 0.0184152
0.147513357575 1.06037 0.0178834
0.153786507425 1.06795 0.0169267
0.160065754405 1.0759 0.0199342
0.166399116869 1.08298 0.0173612
0.172719564578 1.09409 0.0175331
0.178976521338 1.10399 0.0169165
0.185235369065 1.11783 0.0166845
0.191480678734 1.12473 0.0188425
0.197788986865 1.13288 0.0164183
0.204093773545 1.13375 0.016125
0.210393930261 1.14318 0.0151166
0.216690970982 1.1436 0.0164012
0.222970028122 1.14991 0.01607
0.229262002709 1.15385 0.015893
0.235514150837 1.15594 0.0145473
0.241791058382 1.16273 0.0132645
0.248085653944 1.16725 0.01743
0.254349225687 1.1739 0.0143618
0.260633425188 1.17686 0.0146186
0.26692573709 1.18056 0.0147711
0.273242334314 1.18521 0.0145793
0.279552968008 1.1886 0.014112
0.285836629231 1.19343 0.0145016
0.292087627139 1.19411 0.0127722
0.298344984444 1.19664 0.0133721
0.304638263941 1.20061 0.012906
0.3109279127 1.20276 0.0120947
0.317216817162 1.20765 0.0135922
0.323518756794 1.21093 0.0143888
0.329816821755 1.21464 0.0141661
0.336117642946 1.21974 0.0142603
0.342370037571 1.22126 0.0157451
0.348647819267 1.22357 0.0123131
0.354941161441 1.22631 0.0137236
0.361191693542 1.22805 0.0139105
0.367476708956 1.23147 0.0134091
0.373764779528 1.23673 0.0132723
0.380065403148 1.23777 0.0129821
0.386353986126 1.24302 0.0131828
0.392614018136 1.24249 0.0141369
0.398926450032 1.24757 0.0131313
0.405207324458 1.24887 0.012481
0.411491647757 1.25091 0.0124551
0.417781427212 1.25517 0.0150662
0.424040064873 1.25736 0.0143971
0.430342569027 1.2612 0.012141
0.436635856026 1.26513 0.012891
0.442899618322 1.26742 0.0121416
0.449163441853 1.26989 0.0128777
0.455441414625 1.27303 0.0123789
0.46176344703 1.27486 0.012718
0.468064424202 1.27849 0.0121226
0.474348524276 1.28056 0.0121411
0.480635613682 1.28492 0.0111045
0.486901925839 1.28876 0.012388
0.49316970996 1.28807 0.0126037
0.499450674714 1.29364 0.0130233
0.505715905134 1.29398 0.0131221
0.511992399627 1.29846 0.0136719
0.518312609777 1.30114 0.0115787
0.524608963803 1.30263 0.0123373
0.530875730848 1.30847 0.0127071
0.537157352795 1.31027 0.0120393
0.543457956378 1.3123 0.0124311
0.549743065239 1.31642 0.0129539
0.55599374275 1.31768 0.0132105
0.562285467661 1.32305 0.0119713
0.568601153723 1.32657 0.012066
0.574880458942 1.32838 0.0124553
0.581155021034 1.33153 0.0124707
0.587439449666 1.33477 0.0125048
0.59371762203 1.33627 0.0112718
0.599997195479 1.34041 0.0133979
0.606267911512 1.3437 0.0124822
0.612546957644 1.34573 0.0101602
0.618847773304 1.3505 0.0116865
0.625131056744 1.35374 0.0123631
0.631402745038 1.35737 0.0112315
0.637700356273 1.35977 0.0120785
0.643985778331 1.36429 0.0114317
0.650268541717 1.36545 0.0106653
0.65655861177 1.37028 0.0114897
0.662836928236 1.37326 0.0117358
0.669118544496 1.37527 0.0116741
0.675407019858 1.37957 0.0126352
0.681683551459 1.38265 0.0123656
0.687959253386 1.38559 0.0123975
0.694234431704 1.38902 0.0105295
0.700517540243 1.39231 0.0111497
0.706812495661 1.39616 0.0113014
0.713101900967 1.39868 0.0111333
0.719391825117 1.40242 0.0112897
0.72568338076 1.40714 0.0119358
0.731965268271 1.4093 0.0115771
0.738250799048 1.41328 0.0101997
0.744526584212 1.41624 0.011451
0.750787110194 1.42124 0.0111794
0.757075846532 1.42323 0.0118591
0.76336412336 1.42848 0.0113641
0.769646295986 1.43213 0.0123512
0.775939486518 1.43523 0.011569
0.782232914199 1.4391 0.0117911
0.788531493652 1.44235 0.011774
0.794789656698 1.44726 0.0117179
0.801049109659 1.44931 0.011159
0.807336406173 1.45509 0.012313
0.813622948837 1.45803 0.0109636
0.819915299896 1.46172 0.0118243
0.826195263639 1.46599 0.0120344
0.832489707008 1.46905 0.0115373
0.838795930921 1.47296 0.0109789
0.84506346397 1.47742 0.0119484
0.851328286756 1.48176 0.0105819
0.85761982639 1.48404 0.011621
0.863905847706 1.48866 0.0116429
0.870183874549 1.49298 0.0105122
0.876464109608 1.49751 0.0109724
0.88275038734 1.50187 0.0113559
0.889033276839 1.50472 0.0108649
0.895308424711 1.51022 0.010539
0.901595652167 1.51381 0.0110237
0.907883332809 1.51727 0.0110993
0.914174410632 1.52143 0.0113182
0.920463081772 1.52507 0.0108346
0.926743441526 1.53077 0.0114372
0.933032419735 1.53491 0.0107531
0.939326578557 1.53994 0.0104847
0.94559748104 1.54291 0.0108911
0.951866001855 1.54837 0.0108774
0.958141325553 1.55126 0.0103074
0.964435094511 1.55638 0.0100976
0.970735563357 1.56197 0.0106687
0.977008076845 1.56679 0.0113972
0.983282332536 1.57001 0.0112411
0.989556969197 1.5742 0.010011
0.995845630192 1.57939 0.00984287
1.00213621074 1.58456 0.010844
1.00840482534 1.58825 0.0115227
1.01469414984 1.593 0.010623
1.02099255544 1.59832 0.01155
1.02727398044 1.60217 0.0120655
1.0335591819 1.60724 0.0112392
1.03984755739 1.61167 0.0115956
1.04612697494 1.61653 0.0104394
1.05240343681 1.62155 0.0109299
1.05868070465 1.62606 0.0108086
1.06496433307 1.63268 0.0116729
1.07125677744 1.63564 0.0110381
1.0775440488 1.63895 0.0114689
1.08382482019 1.64736 0.0120653
1.09010802394 1.65087 0.0106088
1.09638966596 1.656 0.010306
1.10268113206 1.66037 0.0110853
1.10896304759 1.66569 0.010538
1.11522542846 1.67185 0.0105968
1.12150212761 1.67583 0.0122047
1.12779257382 1.68022 0.0101821
1.13408955267 1.68679 0.0108672
1.14036404965 1.69188 0.010843
1.14663918032 1.69679 0.0103712
1.15294241299 1.70207 0.0109313
1.15922890675 1.70692 0.0111397
1.16550872189 1.71257 0.0108298
1.17179307626 1.71754 0.0110749
1.17808743637 1.72415 0.0109202
1.18436765425 1.72836 0.0107749
1.1906346423 1.73456 0.0107948
1.19691220883 1.73962 0.0102187
1.20320157735 1.74419 0.0108609
1.20948684444 1.75229 0.0111298
1.21576390207 1.75703 0.0105446
1.22204975517 1.76171 0.0110514
1.22834061662 1.76766 0.0110449
1.23463298658 1.77268 0.011149
1.24090224718 1.77918 0.0106722
1.24717483914 1.78524 0.0106683
1.25346545993 1.79036 0.0115509
1.25974995189 1.79593 0.0103657
1.26603214313 1.80089 0.0100696
1.27231628847 1.80682 0.0104238
1.27860415506 1.81221 0.0104003
1.28488658893 1.81914 0.0110301
1.29117542007 1.82419 0.010564
1.29746572637 1.83036 0.0104721
1.30374182701 1.83628 0.0111701
1.31001732292 1.84256 0.0110797
1.31630144766 1.84836 0.0102976
1.32258676036 1.85365 0.0104975
1.32886549245 1.85978 0.010124
1.33514480495 1.86582 0.0109182
1.34144051627 1.87157 0.0114867
1.34773086842 1.87847 0.0114402
1.35400158999 1.88451 0.0112571
1.3602826093 1.8905 0.0103849
1.36656568646 1.89627 0.0118478
1.37285149848 1.90198 0.0105379
1.37913537293 1.90809 0.0109521
1.38540956715 1.91431 0.0107258
1.39169864122 1.91949 0.0112451
1.39798445144 1.92652 0.0102572
1.40426788341 1.93272 0.010877
1.41055477948 1.93934 0.0100657
1.41683783355 1.94473 0.0110923
1.42311817719 1.95029 0.0111927
1.42939780116 1.95716 0.0103115
1.43568692182 1.96233 0.0110883
1.44197712177 1.97073 0.011019
1.44825366785 1.97448 0.0107622
1.45453234897 1.98131 0.0110552
1.46081931915 1.98688 0.0113918
1.4671103644 1.99358 0.0112279
1.47339290895 1.99872 0.0114343
1.47966996524 2.00558 0.0110128
1.4859561446 2.01153 0.0111973
1.49223361076 2.01752 0.0107114
1.49850247038 2.02384 0.00972866
1.50478575205 2.02826 0.0101875
1.51107599189 2.03456 0.0100549
1.51736163499 2.04017 0.0105083
1.52364857097 2.04628 0.0101477
1.52993803572 2.05228 0.0113114
1.53623017691 2.05789 0.0108595
1.54251071878 2.06317 0.0114571
1.54878396308 2.06882 0.0103727
1.55507306978 2.07442 0.0112003
1.56135732493 2.07939 0.0113406
1.56762912105 2.08594 0.0116542
1.5739136974 2.09145 0.0107268
1.58020354523 2.09696 0.0112156
1.58648539343 2.10165 0.011154
1.59276001426 2.10623 0.0111367
1.59904643639 2.1108 0.0107035
1.60534213664 2.1163 0.0109874
1.61161976836 2.12161 0.012085
1.61789716835 2.12832 0.0111107
1.62418270854 2.13568 0.0111944
1.63046407995 2.14267 0.0109822
1.63674824683 2.14858 0.0109214
1.64303013827 2.1549 0.0112824
1.64930808063 2.16206 0.0106898
1.65559224863 2.16946 0.0114507
1.66187827598 2.17496 0.0121362
1.66816823994 2.18239 0.0111234
1.6744495611 2.18784 0.011142
1.68072138563 2.19529 0.012621
1.68701215424 2.20233 0.0107092
1.6933074808 2.2083 0.0123645
1.69958064303 2.21523 0.0106338
1.70586179344 2.22055 0.0118567
1.71215172419 2.22908 0.011642
1.71843538617 2.23442 0.0116327
1.72471844694 2.24187 0.0108196
1.73099491844 2.24706 0.0124354
1.73728636032 2.2551 0.0131659
1.74356630258 2.25997 0.0121298
1.74983600778 2.26777 0.0123935
1.75612327869 2.27497 0.0115127
1.76241061606 2.28156 0.0121441
1.76869357896 2.28658 0.0128432
1.77497674839 2.2951 0.0119549
1.78126362161 2.3011 0.0117695
1.78754574761 2.30698 0.0122498
1.7938272923 2.31374 0.0115425
1.80010772174 2.32023 0.0123469
1.80639091391 2.3283 0.0132457
1.81267451427 2.3342 0.0122195
1.81895363524 2.34044 0.0118757
1.82523850291 2.34686 0.0124795
1.8315236862 2.35351 0.0131158
1.83781040898 2.36056 0.012522
1.84409642612 2.36721 0.0132081
1.8503769215 2.37389 0.013093
1.85666074594 2.3816 0.0130553
1.86294359809 2.38578 0.0121766
1.86922204917 2.39324 0.0116355
1.87550781357 2.4005 0.0131266
1.88179499507 2.40759 0.0123449
1.88807781314 2.41355 0.0124101
1.89435244502 2.41964 0.0122158
1.90063796885 2.42787 0.0129322
1.90692833723 2.43446 0.0122517
1.91320221586 2.4407 0.0136966
1.91948223445 2.44676 0.0147811
1.92577010575 2.45533 0.0130547
1.93206491035 2.46097 0.0135463
1.93834071151 2.46676 0.0134388
1.94460828613 2.47229 0.013693
1.9508968614 2.48155 0.0129997
1.95718811973 2.48737 0.0133171
1.96347509207 2.4932 0.0134399
1.9697553281 2.49936 0.0133371
1.9760413775 2.50863 0.0130024
1.98233260336 2.51341 0.0141532
1.98861171931 2.52035 0.0142216
1.99488792869 2.5268 0.0136602
2.00117304134 2.53254 0.0129688
2.00745262249 2.53971 0.0124788
2.01372721862 2.5468 0.0143535
2.02001108039 2.55314 0.0135134
2.02630405283 2.55904 0.015163
2.03258735828 2.56579 0.0129538
2.03886100377 2.57054 0.0139879
2.04514489951 2.57749 0.0152309
2.05143683626 2.58435 0.0148092
2.05772382203 2.58993 0.013845
2.0640044634 2.59775 0.0143509
2.07029278421 2.60178 0.0141134
2.07658471853 2.61094 0.0145499
2.08285424307 2.61699 0.0140806
2.08912259138 2.62184 0.0158423
2.09541730178 2.62788 0.0158698
2.10170304464 2.63391 0.0177484
2.10797273337 2.63992 0.0160952
2.11425579676 2.64618 0.0163904
2.12053788985 2.65332 0.015877
2.12682075079 2.65588 0.0174257
2.13310670204 2.66444 0.0178956
2.13940011923 2.66918 0.0164517
2.14568939859 2.67718 0.0158966
2.15195789682 2.68142 0.0162332
2.15824033347 2.6859 0.017781
2.16453048092 2.69156 0.0164342
2.17081716829 2.69762 0.0164947
2.17709912993 2.704 0.0169665
2.18337674027 2.70967 0.0177838
2.18965452646 2.7162 0.0172147
2.19593814184 2.71985 0.0171808
2.20221722867 2.72425 0.0176069
2.20849850085 2.73191 0.0173883
2.21479372465 2.73834 0.0169452
2.22107581834 2.74433 0.0176451
2.22733812199 2.7496 0.0181901
2.23362792264 2.75384 0.0175063
2.2399287897 2.76444 0.0183059
2.24620084223 2.76821 0.0193297
2.2524810722 2.77461 0.0201865
2.25875993301 2.78168 0.0199337
2.26503776668 2.78849 0.0203167
2.27130391144 2.79432 0.0209141
2.27758972822 2.80163 0.0215228
2.28389830542 2.80948 0.0224648
2.29017001225 2.81768 0.0214787
2.29645357402 2.82624 0.0211459
2.30275372852 2.83094 0.0230986
2.30903325986 2.83839 0.0211907
2.31530674049 2.84438 0.0214966
2.32158490306 2.85117 0.0222297
2.3278758488 2.85985 0.0226583
2.33415543799 2.86866 0.0235659
2.34041936871 2.87122 0.0235099
2.34670710068 2.87761 0.0228377
2.3530032916 2.88618 0.0240113
2.35928989445 2.8901 0.019886
2.36555387699 2.90177 0.0236673
2.37182578571 2.90263 0.0233411
2.3781409032 2.90881 0.0268363
2.38442809259 2.91682 0.0250313
2.39069258243 2.92253 0.0236421
2.39698813839 2.92817 0.0262405
2.40330354843 2.93627 0.0257965
2.40957307365 2.94154 0.0234624
2.41583080138 2.95162 0.0303841
2.42214385676 2.95461 0.0288543
2.42843005755 2.96123 0.0297395
2.43467776878 2.97079 0.0276958
2.44097021258 2.97124 0.0277602
2.44729898127 2.98311 0.0267543
2.45356911846 2.98344 0.0292468
2.45980003814 2.99275 0.0309614
2.4661092349 2.99767 0.0303153
2.47241430729 3.00124 0.0306168
2.47866355169 3.00833 0.0348966
2.48493431628 3.0147 0.0324459
2.49124283111 3.01993 0.0341666
2.49755537626 3.02652 0.03192
2.50380379021 3.02882 0.032986
2.51005045336 3.03595 0.0372831
2.51638815336 3.04225 0.0369153
2.52269694929 3.04807 0.0346371
2.52891211798 3.05391 0.0386332
2.53519495098 3.05516 0.0377136
2.54155301509 3.06145 0.0406341
2.54783359884 3.06966 0.0403194
2.55402772623 3.07545 0.0369622
2.56033571996 3.08299 0.0458728
2.56672381747 3.07862 0.0445395
2.57294751341 3.09199 0.0449341
2.57911252531 3.09802 0.0388135
2.58547549612 3.09837 0.0470353
2.59185019505 3.1048 0.0484739
2.59805932148 3.10204 0.0497046
2.60429715989 3.11145 0.0430189
2.61067449751 3.1276 0.0488578
2.61693283418 3.12542 0.0580408
2.62300854502 3.11873 0.0622889
2.62939753095 3.12444 0.0549191
2.63591057571 3.12646 0.0625793
2.64202978624 3.1347 0.0761869
2.64803951219 3.14316 0.0703908
2.65454096229 3.1454 0.0655813
2.66118028258 3.13933 0.0803718
2.66719514746 3.14899 0.0770949
2.67309090101 3.14964 0.0796213
2.67973176445 3.15447 0.092075
2.68646693102 3.14747 0.0851953
2.69219835647 3.14422 0.104717
2.69796467721 3.15916 0.092507
2.70489193937 3.16116 0.0967439
2.71182026315 3.16024 0.122938
2.71709790339 3.17549 0.154106
2.7227864466 3.17276 0.134162
2.72994784687 3.16036 0.144691
2.73706528781 3.18862 0.182392
2.74248820391 3.19455 0.248653
2.74787331837 3.17718 0.239266
2.75504313834 3.20415 0.289091
2.76219934437 3.17335 0.32755
2.76789278819 3.08535 0.623846
2.77283198247 3.16502 0.541091
2.77965581172 2.95016 1.52622
2.78599582346 11.3813 218.058
