0.0088996412247 3.16677 0.21579
0.0150791221651 3.16027 0.133142
0.0214479018646 3.14889 0.0762555
0.0278366077649 3.14804 0.0703948
0.034350997858 3.1258 0.0584628
0.0404788676143 3.1002 0.0625065
0.0467671668358 3.07117 0.0530657
0.0530822510177 3.02939 0.0484364
0.0594536244094 2.98843 0.0390488
0.0657622481459 2.95154 0.0407944
0.071966329067 2.9113 0.0368204
0.0782786091569 2.87224 0.0375631
0.0847039894583 2.81884 0.032221
0.0909685462053 2.78128 0.0380556
0.0972078977683 2.74227 0.0365923
0.103476303896 2.68683 0.031666
0.109757644425 2.64036 0.0295749
0.116054308478 2.58465 0.0280863
0.122366966654 2.53022 0.0290723
0.128681726309 2.47249 0.0283653
0.134950080166 2.41646 0.0281898
0.141194955884 2.37275 0.025897
0.147513357575 2.33051 0.0223412
0.153786507425 2.29016 0.0240913
0.160065754405 2.24231 0.0237215
0.166399116869 2.20146 0.0244972
0.172719564578 2.15619 0.0207428
0.178976521338 2.11667 0.0195597
0.185235369065 2.07393 0.0220228
0.191480678734 2.03588 0.0221689
0.197788986865 2.00164 0.020036
0.204093773545 1.9677 0.019065
0.210393930261 1.94111 0.0185621
0.216690970982 1.91469 0.018761
0.222970028122 1.88981 0.0197185
0.229262002709 1.86561 0.018203
0.235514150837 1.8405 0.0174729
0.241791058382 1.82278 0.0156331
0.248085653944 1.80234 0.0179197
0.254349225687 1.78294 0.0188152
0.260633425188 1.76896 0.0172169
0.26692573709 1.75473 0.0148066
0.273242334314 1.74036 0.0139417
0.279552968008 1.73025 0.0152136
0.285836629231 1.71958 0.0169071
0.292087627139 1.7122 0.0153681
0.298344984444 1.70332 0.0156046
0.304638263941 1.69036 0.0152261
0.3109279127 1.6857 0.0140463
0.317216817162 1.6764 0.014812
0.323518756794 1.6711 0.0171799
0.329816821755 1.66737 0.0136674
0.336117642946 1.66257 0.0149149
0.342370037571 1.65891 0.0146502
0.348647819267 1.64885 0.0148888
0.354941161441 1.64712 0.0143086
0.361191693542 1.64202 0.0149104
0.367476708956 1.63861 0.0153435
0.373764779528 1.635 0.0147209
0.380065403148 1.62883 0.0152389
0.386353986126 1.62765 0.0148067
0.392614018136 1.61948 0.01398
0.398926450032 1.62216 0.0147386
0.405207324458 1.6154 0.0112665
0.411491647757 1.6133 0.014133
0.417781427212 1.60836 0.0154817
0.424040064873 1.60376 0.014692
0.430342569027 1.60327 0.0148936
0.436635856026 1.59714 0.0134443
0.442899618322 1.59499 0.0130584
0.449163441853 1.59142 0.0141032
0.455441414625 1.58734 0.0143635
0.46176344703 1.58471 0.0126459
0.468064424202 1.58194 0.0147865
0.474348524276 1.57865 0.014108
0.480635613682 1.5752 0.0144004
0.486901925839 1.57389 0.01401
0.49316970996 1.56825 0.0150565
0.499450674714 1.56741 0.0139912
0.505715905134 1.56239 0.0142643
0.511992399627 1.56257 0.0138723
0.518312609777 1.55962 0.0129214
0.524608963803 1.55601 0.0133039
0.530875730848 1.5566 0.0128797
0.537157352795 1.55271 0.0116788
0.543457956378 1.55086 0.0132529
0.549743065239 1.54917 0.0128634
0.55599374275 1.54716 0.0130923
0.562285467661 1.54597 0.0120853
0.568601153723 1.54163 0.0110471
0.574880458942 1.5397 0.0130082
0.581155021034 1.54 0.0126629
0.587439449666 1.53688 0.0131806
0.59371762203 1.53531 0.0122663
0.599997195479 1.53538 0.013252
0.606267911512 1.53372 0.0125323
0.612546957644 1.53151 0.012131
0.618847773304 1.53035 0.0123435
0.625131056744 1.52901 0.013199
0.631402745038 1.52912 0.0133502
0.637700356273 1.52789 0.0131273
0.643985778331 1.52701 0.0125627
0.650268541717 1.52598 0.0125256
0.65655861177 1.52607 0.0117579
0.662836928236 1.52447 0.0123845
0.669118544496 1.52486 0.0124096
0.675407019858 1.52396 0.0115757
0.681683551459 1.52439 0.0126963
0.687959253386 1.524 0.0133898
0.694234431704 1.52383 0.0124392
0.700517540243 1.52345 0.0114337
0.706812495661 1.52415 0.0124492
0.713101900967 1.52281 0.0118401
0.719391825117 1.52264 0.0125366
0.72568338076 1.52413 0.0129344
0.731965268271 1.5244 0.0132246
0.738250799048 1.5252 0.0122724
0.744526584212 1.5241 0.0114205
0.750787110194 1.52614 0.012084
0.757075846532 1.52542 0.011644
0.76336412336 1.52802 0.0120676
0.769646295986 1.52818 0.0123744
0.775939486518 1.53006 0.0128705
0.782232914199 1.53131 0.0123415
0.788531493652 1.53111 0.0124366
0.794789656698 1.53124 0.0117355
0.801049109659 1.53399 0.0118461
0.807336406173 1.53558 0.0120559
0.813622948837 1.53723 0.0109775
0.819915299896 1.53729 0.0110612
0.826195263639 1.53931 0.0127003
0.832489707008 1.54169 0.0117141
0.838795930921 1.54298 0.0114346
0.84506346397 1.54347 0.0132598
0.851328286756 1.5458 0.0111621
0.85761982639 1.54761 0.012188
0.863905847706 1.54793 0.0120671
0.870183874549 1.55139 0.0115115
0.876464109608 1.55338 0.0124894
0.88275038734 1.55603 0.0115086
0.889033276839 1.55742 0.0119193
0.895308424711 1.56029 0.0118066
0.901595652167 1.5614 0.0118016
0.907883332809 1.56422 0.0112725
0.914174410632 1.56714 0.0123274
0.920463081772 1.56867 0.0106087
0.926743441526 1.57289 0.0108569
0.933032419735 1.57383 0.0106171
0.939326578557 1.57678 0.0123753
0.94559748104 1.57977 0.011389
0.951866001855 1.58292 0.0119237
0.958141325553 1.58428 0.0113905
0.964435094511 1.58929 0.0112398
0.970735563357 1.59087 0.0113527
0.977008076845 1.59405 0.0116872
0.983282332536 1.59757 0.0112692
0.989556969197 1.59987 0.0107636
0.995845630192 1.60384 0.0116414
1.00213621074 1.60672 0.0108948
1.00840482534 1.60988 0.0115636
1.01469414984 1.61257 0.0109914
1.02099255544 1.61659 0.0113455
1.02727398044 1.62078 0.0120852
1.0335591819 1.62379 0.0115998
1.03984755739 1.62775 0.0116067
1.04612697494 1.63132 0.011042
1.05240343681 1.63484 0.0115643
1.05868070465 1.63882 0.0118907
1.06496433307 1.6411 0.0108387
1.07125677744 1.64535 0.0102678
1.0775440488 1.64933 0.0113344
1.08382482019 1.6534 0.0111412
1.09010802394 1.65799 0.0117679
1.09638966596 1.6613 0.0111222
1.10268113206 1.66512 0.0109624
1.10896304759 1.66951 0.0121718
1.11522542846 1.67367 0.0105937
1.12150212761 1.67821 0.0118943
1.12779257382 1.68153 0.0117808
1.13408955267 1.68724 0.0114266
1.14036404965 1.69054 0.0106812
1.14663918032 1.6952 0.0110356
1.15294241299 1.70046 0.0115019
1.15922890675 1.70368 0.01153
1.16550872189 1.70873 0.0100171
1.17179307626 1.71319 0.0109798
1.17808743637 1.71837 0.0108772
1.18436765425 1.72201 0.0106389
1.1906346423 1.72822 0.0103249
1.19691220883 1.73197 0.0100227
1.20320157735 1.73737 0.0110309
1.20948684444 1.74153 0.0110886
1.21576390207 1.74688 0.0106114
1.22204975517 1.75147 0.0111473
1.22834061662 1.7563 0.0109658
1.23463298658 1.76111 0.0121666
1.24090224718 1.76624 0.01089
1.24717483914 1.77266 0.010634
1.25346545993 1.77691 0.0113047
1.25974995189 1.78251 0.0121006
1.26603214313 1.78654 0.0110121
1.27231628847 1.79186 0.0113387
1.27860415506 1.7974 0.0107292
1.28488658893 1.80302 0.0117101
1.29117542007 1.80803 0.011441
1.29746572637 1.81323 0.00938182
1.30374182701 1.81921 0.0120058
1.31001732292 1.82325 0.0101438
1.31630144766 1.82902 0.0107091
1.32258676036 1.83477 0.0110216
1.32886549245 1.84086 0.010203
1.33514480495 1.84714 0.0106605
1.34144051627 1.85081 0.0113648
1.34773086842 1.85831 0.0109985
1.35400158999 1.86309 0.0104695
1.3602826093 1.86861 0.0109247
1.36656568646 1.87453 0.0114375
1.37285149848 1.88109 0.0106653
1.37913537293 1.88553 0.0105866
1.38540956715 1.89141 0.0100004
1.39169864122 1.89786 0.0116114
1.39798445144 1.90327 0.0116688
1.40426788341 1.90916 0.010836
1.41055477948 1.91482 0.010272
1.41683783355 1.91934 0.0103759
1.42311817719 1.926 0.0110331
1.42939780116 1.93204 0.0104146
1.43568692182 1.93892 0.0115209
1.44197712177 1.94374 0.0112287
1.44825366785 1.94964 0.0109169
1.45453234897 1.95545 0.0109552
1.46081931915 1.96082 0.0109494
1.4671103644 1.96649 0.0104301
1.47339290895 1.97229 0.0114144
1.47966996524 1.9795 0.0109787
1.4859561446 1.98438 0.0103339
1.49223361076 1.99037 0.0112223
1.49850247038 1.99567 0.0111635
1.50478575205 2.00119 0.0114281
1.51107599189 2.00735 0.0104369
1.51736163499 2.01215 0.0106674
1.52364857097 2.01852 0.010959
1.52993803572 2.02357 0.0121785
1.53623017691 2.03006 0.0109656
1.54251071878 2.03528 0.0103545
1.54878396308 2.04036 0.0114441
1.55507306978 2.04588 0.0119996
1.56135732493 2.05253 0.0109572
1.56762912105 2.05637 0.0110466
1.5739136974 2.06219 0.0108444
1.58020354523 2.06687 0.0119911
1.58648539343 2.07204 0.0111207
1.59276001426 2.07641 0.0114771
1.59904643639 2.08203 0.0115013
1.60534213664 2.08657 0.0121971
1.61161976836 2.09353 0.0116634
1.61789716835 2.09915 0.0110829
1.62418270854 2.10534 0.0110279
1.63046407995 2.11287 0.0103077
1.63674824683 2.11807 0.0117026
1.64303013827 2.12488 0.0122264
1.64930808063 2.13219 0.0113602
1.65559224863 2.13945 0.0117155
1.66187827598 2.14514 0.0117757
1.66816823994 2.15122 0.0111963
1.6744495611 2.15806 0.0112377
1.68072138563 2.16509 0.011497
1.68701215424 2.17233 0.0122853
1.6933074808 2.1764 0.0123144
1.69958064303 2.1847 0.0111855
1.70586179344 2.19164 0.0115774
1.71215172419 2.1971 0.0126004
1.71843538617 2.20393 0.0121081
1.72471844694 2.21035 0.0116312
1.73099491844 2.21679 0.0118842
1.73728636032 2.22353 0.0118321
1.74356630258 2.22969 0.0128687
1.74983600778 2.2365 0.0118896
1.75612327869 2.24294 0.0114694
1.76241061606 2.25002 0.0117371
1.76869357896 2.25594 0.0119409
1.77497674839 2.26235 0.0119089
1.78126362161 2.26946 0.0115585
1.78754574761 2.27562 0.0126259
1.7938272923 2.28262 0.0122558
1.80010772174 2.28971 0.0120387
1.80639091391 2.29601 0.0126342
1.81267451427 2.30237 0.0123163
1.81895363524 2.30921 0.0128209
1.82523850291 2.31644 0.0125839
1.8315236862 2.32233 0.0122254
1.83781040898 2.3293 0.0121013
1.84409642612 2.33471 0.0112253
1.8503769215 2.34121 0.0126715
1.85666074594 2.34966 0.0134208
1.86294359809 2.35447 0.0118806
1.86922204917 2.36156 0.0121401
1.87550781357 2.36854 0.0133401
1.88179499507 2.37543 0.0128616
1.88807781314 2.38141 0.0128838
1.89435244502 2.38767 0.0125805
1.90063796885 2.39475 0.012901
1.90692833723 2.40182 0.0139574
1.91320221586 2.40709 0.0138567
1.91948223445 2.41463 0.0138615
1.92577010575 2.42148 0.0129376
1.93206491035 2.4279 0.013694
1.93834071151 2.43523 0.0124953
1.94460828613 2.43939 0.0139062
1.9508968614 2.44694 0.0132383
1.95718811973 2.45389 0.0132577
1.96347509207 2.46005 0.0139355
1.9697553281 2.46803 0.0140497
1.9760413775 2.47321 0.0137987
1.98233260336 2.48087 0.0148868
1.98861171931 2.48663 0.0138432
1.99488792869 2.49339 0.0150384
2.00117304134 2.4985 0.0141453
2.00745262249 2.50507 0.0158591
2.01372721862 2.51318 0.0150735
2.02001108039 2.52131 0.0147863
2.02630405283 2.52709 0.0146371
2.03258735828 2.53274 0.0144873
2.03886100377 2.53812 0.0150305
2.04514489951 2.54447 0.0155592
2.05143683626 2.55134 0.0157795
2.05772382203 2.55812 0.015025
2.0640044634 2.56205 0.0153004
2.07029278421 2.56926 0.0152033
2.07658471853 2.5744 0.016545
2.08285424307 2.58279 0.0150863
2.08912259138 2.58904 0.0159681
2.09541730178 2.59461 0.0158264
2.10170304464 2.60044 0.0166356
2.10797273337 2.60704 0.0149691
2.11425579676 2.612 0.0167795
2.12053788985 2.61952 0.0173285
2.12682075079 2.62327 0.0173536
2.13310670204 2.62837 0.0177697
2.13940011923 2.63642 0.0181837
2.14568939859 2.64326 0.0169067
2.15195789682 2.6476 0.0175983
2.15824033347 2.65273 0.0176447
2.16453048092 2.65989 0.0184778
2.17081716829 2.66398 0.0179557
2.17709912993 2.6703 0.0177364
2.18337674027 2.67585 0.0170339
2.18965452646 2.68119 0.018242
2.19593814184 2.68608 0.0187122
2.20221722867 2.69123 0.0180458
2.20849850085 2.69918 0.0194535
2.21479372465 2.7054 0.0195973
2.22107581834 2.71036 0.0183471
2.22733812199 2.71341 0.0198937
2.23362792264 2.72037 0.0189166
2.2399287897 2.72772 0.019805
2.24620084223 2.73372 0.0194629
2.2524810722 2.73994 0.0193643
2.25875993301 2.7452 0.0204444
2.26503776668 2.75248 0.0204943
2.27130391144 2.75992 0.0188374
2.27758972822 2.76812 0.0206726
2.28389830542 2.77603 0.020141
2.29017001225 2.78154 0.0215734
2.29645357402 2.78674 0.0216097
2.30275372852 2.79808 0.0213491
2.30903325986 2.80457 0.0233039
2.31530674049 2.81081 0.0234845
2.32158490306 2.81867 0.0226017
2.3278758488 2.82517 0.0212712
2.33415543799 2.83119 0.0235569
2.34041936871 2.83495 0.0246547
2.34670710068 2.84263 0.0245269
2.3530032916 2.84966 0.0248874
2.35928989445 2.85717 0.0238699
2.36555387699 2.86271 0.028525
2.37182578571 2.86554 0.0243347
2.3781409032 2.87292 0.0258477
2.38442809259 2.88105 0.0254132
2.39069258243 2.88205 0.0284766
2.39698813839 2.89019 0.0283304
2.40330354843 2.89889 0.0273982
2.40957307365 2.90863 0.0293668
2.41583080138 2.91094 0.0319739
2.42214385676 2.91929 0.0294778
2.42843005755 2.92148 0.0295579
2.43467776878 2.92445 0.0287307
2.44097021258 2.93771 0.0321234
2.44729898127 2.94423 0.0318474
2.45356911846 2.94682 0.0336801
2.45980003814 2.95308 0.0310765
2.4661092349 2.95856 0.0340286
2.47241430729 2.96165 0.0377958
2.47866355169 2.97288 0.0358643
2.48493431628 2.97542 0.0322153
2.49124283111 2.98574 0.0342856
2.49755537626 2.98501 0.0359106
2.50380379021 2.99438 0.0389686
2.51005045336 2.99699 0.0390717
2.51638815336 3.00593 0.0419806
2.52269694929 3.00883 0.0403735
2.52891211798 3.01067 0.0427784
2.53519495098 3.0283 0.0419004
2.54155301509 3.0252 0.0439747
2.54783359884 3.03109 0.0466284
2.55402772623 3.03364 0.0455236
2.56033571996 3.04167 0.0457488
2.56672381747 3.05269 0.0494883
2.57294751341 3.04867 0.0503653
2.57911252531 3.05572 0.050409
2.58547549612 3.05201 0.0428474
2.59185019505 3.05963 0.054001
2.59805932148 3.07023 0.0595016
2.60429715989 3.06383 0.0486591
2.61067449751 3.07207 0.0519975
2.61693283418 3.07864 0.056321
2.62300854502 3.08176 0.0650562
2.62939753095 3.08078 0.0623908
2.63591057571 3.09103 0.0652234
2.64202978624 3.09704 0.0713981
2.64803951219 3.0918 0.0765027
2.65454096229 3.09748 0.0621751
2.66118028258 3.10407 0.0744939
2.66719514746 3.10771 0.0871438
2.67309090101 3.12374 0.081724
2.67973176445 3.11463 0.0898653
2.68646693102 3.118 0.089453
2.69219835647 3.11034 0.0984952
2.69796467721 3.11077 0.097319
2.70489193937 3.12938 0.108686
2.71182026315 3.14299 0.117411
2.71709790339 3.11773 0.149848
2.7227864466 3.10844 0.143201
2.72994784687 3.12041 0.152983
2.73706528781 3.12541 0.181257
2.74248820391 3.09996 0.279658
2.74787331837 3.11172 0.204816
2.75504313834 3.15476 0.24785
2.76219934437 3.11388 0.345744
2.76789278819 3.15765 0.686278
2.77283198247 3.19915 0.643502
2.77965581172 3.19208 1.60556
2.78599582346 -26.119 252.89
