0.0088996412247 1.76535 0.131559
0.0150791221651 1.77647 0.0727853
0.0214479018646 1.78842 0.0466311
0.0278366077649 1.7874 0.0403112
0.034350997858 1.79049 0.028913
0.0404788676143 1.79452 0.0368903
0.0467671668358 1.79731 0.0334512
0.0530822510177 1.79466 0.0271269
0.0594536244094 1.79309 0.0233578
0.0657622481459 1.79505 0.024284
0.071966329067 1.80078 0.0252229
0.0782786091569 1.8075 0.0216532
0.0847039894583 1.80566 0.0234388
0.0909685462053 1.80941 0.022801
0.0972078977683 1.81081 0.0234031
0.103476303896 1.81111 0.021123
0.109757644425 1.81686 0.021654
0.116054308478 1.81919 0.0194139
0.122366966654 1.82037 0.0209078
0.128681726309 1.81681 0.0180387
0.134950080166 1.81745 0.0190385
0.141194955884 1.82057 0.0185091
0.147513357575 1.82286 0.0190952
0.153786507425 1.82549 0.0178556
0.160065754405 1.822 0.0180214
0.166399116869 1.82571 0.0174039
0.172719564578 1.8236 0.0174668
0.178976521338 1.82643 0.0192499
0.185235369065 1.82753 0.0198971
0.191480678734 1.82498 0.0188427
0.197788986865 1.82851 0.01706
0.204093773545 1.82428 0.0185465
0.210393930261 1.82895 0.0165707
0.216690970982 1.82577 0.0188049
0.222970028122 1.8244 0.0182309
0.229262002709 1.82664 0.0185537
0.235514150837 1.82267 0.0139709
0.241791058382 1.82362 0.014999
0.248085653944 1.81989 0.016522
0.254349225687 1.81834 0.0186638
0.260633425188 1.81958 0.0176185
0.26692573709 1.81788 0.0159815
0.273242334314 1.81691 0.0140144
0.279552968008 1.81353 0.0163141
0.285836629231 1.81126 0.0161443
0.292087627139 1.81076 0.0166666
0.298344984444 1.8088 0.0163179
0.304638263941 1.80408 0.015144
0.3109279127 1.8054 0.0152435
0.317216817162 1.80102 0.0169479
0.323518756794 1.80038 0.015921
0.329816821755 1.79842 0.0153029
0.336117642946 1.79574 0.0160379
0.342370037571 1.79331 0.0176497
0.348647819267 1.7872 0.0163713
0.354941161441 1.78687 0.0160232
0.361191693542 1.78372 0.0157332
0.367476708956 1.78189 0.0160043
0.373764779528 1.78181 0.0158782
0.380065403148 1.77507 0.0157727
0.386353986126 1.77519 0.015431
0.392614018136 1.76906 0.0140273
0.398926450032 1.77204 0.0155017
0.405207324458 1.76585 0.0134542
0.411491647757 1.76349 0.0146669
0.417781427212 1.76146 0.0167895
0.424040064873 1.75657 0.0151774
0.430342569027 1.75351 0.0169509
0.436635856026 1.75207 0.0138495
0.442899618322 1.74992 0.0147481
0.449163441853 1.74642 0.0168114
0.455441414625 1.74259 0.0147152
0.46176344703 1.7403 0.0145794
0.468064424202 1.73694 0.0145133
0.474348524276 1.7331 0.0134731
0.480635613682 1.7314 0.0149501
0.486901925839 1.73056 0.0155555
0.49316970996 1.72479 0.0154549
0.499450674714 1.72387 0.014611
0.505715905134 1.71872 0.015093
0.511992399627 1.71797 0.0143088
0.518312609777 1.71461 0.0149654
0.524608963803 1.71118 0.0138705
0.530875730848 1.71099 0.0134088
0.537157352795 1.7085 0.0130208
0.543457956378 1.70556 0.0145195
0.549743065239 1.70251 0.0135919
0.55599374275 1.70038 0.0142297
0.562285467661 1.69845 0.013482
0.568601153723 1.69468 0.0128382
0.574880458942 1.69098 0.0140116
0.581155021034 1.69011 0.0141261
0.587439449666 1.68711 0.0142176
0.59371762203 1.68476 0.0130156
0.599997195479 1.68384 0.0132744
0.606267911512 1.68096 0.0140918
0.612546957644 1.67788 0.0132831
0.618847773304 1.67739 0.0144234
0.625131056744 1.67273 0.0140409
0.631402745038 1.67427 0.0138036
0.637700356273 1.6706 0.0130359
0.643985778331 1.66959 0.0128207
0.650268541717 1.66582 0.0123637
0.65655861177 1.66671 0.0135872
0.662836928236 1.66403 0.0124847
0.669118544496 1.6613 0.013475
0.675407019858 1.66132 0.0124175
0.681683551459 1.65794 0.0131507
0.687959253386 1.65779 0.0131206
0.694234431704 1.65511 0.0130906
0.700517540243 1.65324 0.0121111
0.706812495661 1.65144 0.0121962
0.713101900967 1.64991 0.0130401
0.719391825117 1.64883 0.0131769
0.72568338076 1.64863 0.0129678
0.731965268271 1.64686 0.0148404
0.738250799048 1.64779 0.0136678
0.744526584212 1.64527 0.0128723
0.750787110194 1.64495 0.0124529
0.757075846532 1.64239 0.0124364
0.76336412336 1.64307 0.0126073
0.769646295986 1.64306 0.0128292
0.775939486518 1.64323 0.0140053
0.782232914199 1.64169 0.0129153
0.788531493652 1.6412 0.0125229
0.794789656698 1.64065 0.012766
0.801049109659 1.64097 0.0121025
0.807336406173 1.64182 0.0122963
0.813622948837 1.64006 0.0117155
0.819915299896 1.64065 0.0116726
0.826195263639 1.64062 0.0122057
0.832489707008 1.64129 0.0127862
0.838795930921 1.64118 0.0123343
0.84506346397 1.64018 0.0137802
0.851328286756 1.64126 0.0115138
0.85761982639 1.64185 0.0128244
0.863905847706 1.6413 0.0131957
0.870183874549 1.64323 0.0118735
0.876464109608 1.64307 0.0128771
0.88275038734 1.64292 0.0115203
0.889033276839 1.64528 0.0119095
0.895308424711 1.64639 0.0115392
0.901595652167 1.64682 0.0117987
0.907883332809 1.6473 0.0118363
0.914174410632 1.64858 0.0132236
0.920463081772 1.65021 0.0120429
0.926743441526 1.65078 0.0122756
0.933032419735 1.65161 0.0108813
0.939326578557 1.65428 0.0116948
0.94559748104 1.65442 0.0122456
0.951866001855 1.65753 0.011571
0.958141325553 1.65702 0.0121542
0.964435094511 1.66057 0.0118276
0.970735563357 1.66189 0.0115185
0.977008076845 1.66428 0.0124576
0.983282332536 1.66579 0.0126639
0.989556969197 1.66813 0.011496
0.995845630192 1.6704 0.0119669
1.00213621074 1.67324 0.0120582
1.00840482534 1.67456 0.0120598
1.01469414984 1.6767 0.011108
1.02099255544 1.68038 0.0119806
1.02727398044 1.68232 0.0118906
1.0335591819 1.68462 0.0121098
1.03984755739 1.6877 0.012039
1.04612697494 1.69066 0.0119196
1.05240343681 1.69357 0.0123063
1.05868070465 1.69644 0.011959
1.06496433307 1.69875 0.0113555
1.07125677744 1.70179 0.01128
1.0775440488 1.70527 0.0123031
1.08382482019 1.70898 0.0120232
1.09010802394 1.71169 0.0116716
1.09638966596 1.71626 0.0112129
1.10268113206 1.71839 0.0122621
1.10896304759 1.72307 0.0119364
1.11522542846 1.72676 0.0120918
1.12150212761 1.72975 0.0124594
1.12779257382 1.73345 0.0119566
1.13408955267 1.73819 0.0123197
1.14036404965 1.7424 0.0111797
1.14663918032 1.74594 0.0113181
1.15294241299 1.75116 0.0111057
1.15922890675 1.75387 0.0117604
1.16550872189 1.75877 0.00943004
1.17179307626 1.76302 0.0112508
1.17808743637 1.76875 0.0106468
1.18436765425 1.7718 0.0100132
1.1906346423 1.77713 0.010535
1.19691220883 1.78168 0.0110183
1.20320157735 1.78603 0.010817
1.20948684444 1.79131 0.0114106
1.21576390207 1.7959 0.0103536
1.22204975517 1.80146 0.0108093
1.22834061662 1.80567 0.0115274
1.23463298658 1.81056 0.0121433
1.24090224718 1.81623 0.0109936
1.24717483914 1.82318 0.0100822
1.25346545993 1.82747 0.0111725
1.25974995189 1.83335 0.011066
1.26603214313 1.83795 0.0109242
1.27231628847 1.84399 0.0108322
1.27860415506 1.84933 0.0105181
1.28488658893 1.85523 0.0113166
1.29117542007 1.86005 0.0112621
1.29746572637 1.86667 0.0102761
1.30374182701 1.87234 0.0115463
1.31001732292 1.8779 0.0111235
1.31630144766 1.88381 0.0117049
1.32258676036 1.89014 0.0109057
1.32886549245 1.89657 0.0111268
1.33514480495 1.90232 0.0108781
1.34144051627 1.90808 0.0113228
1.34773086842 1.91582 0.0117771
1.35400158999 1.92201 0.0112099
1.3602826093 1.9274 0.0111647
1.36656568646 1.9341 0.0119859
1.37285149848 1.94096 0.0112211
1.37913537293 1.94722 0.0113288
1.38540956715 1.95327 0.0102389
1.39169864122 1.96008 0.0110257
1.39798445144 1.96684 0.0118193
1.40426788341 1.97414 0.0110219
1.41055477948 1.9805 0.0107968
1.41683783355 1.9867 0.0106872
1.42311817719 1.9928 0.0108357
1.42939780116 1.99981 0.0103956
1.43568692182 2.00714 0.01137
1.44197712177 2.01427 0.0110019
1.44825366785 2.0206 0.0104094
1.45453234897 2.02799 0.0119791
1.46081931915 2.03416 0.010686
1.4671103644 2.04119 0.0105578
1.47339290895 2.04833 0.0119307
1.47966996524 2.05573 0.0112852
1.4859561446 2.06207 0.0115537
1.49223361076 2.06912 0.0104725
1.49850247038 2.07522 0.0109524
1.50478575205 2.08191 0.0110374
1.51107599189 2.08891 0.0101983
1.51736163499 2.09519 0.0108838
1.52364857097 2.10251 0.0103081
1.52993803572 2.1087 0.0112707
1.53623017691 2.11686 0.0108482
1.54251071878 2.12287 0.0100473
1.54878396308 2.12916 0.0117619
1.55507306978 2.13612 0.0113533
1.56135732493 2.14214 0.0117129
1.56762912105 2.14909 0.0116111
1.5739136974 2.15573 0.0104761
1.58020354523 2.16175 0.0118506
1.58648539343 2.16769 0.0115253
1.59276001426 2.17293 0.012229
1.59904643639 2.18036 0.011262
1.60534213664 2.18636 0.0117733
1.61161976836 2.18912 0.0125474
1.61789716835 2.20094 0.0118402
1.62418270854 2.20926 0.0110802
1.63046407995 2.21769 0.0106383
1.63674824683 2.22568 0.01192
1.64303013827 2.2327 0.0110301
1.64930808063 2.24179 0.0113471
1.65559224863 2.25145 0.0113878
1.66187827598 2.25751 0.0119029
1.66816823994 2.2662 0.0111066
1.6744495611 2.274 0.0117439
1.68072138563 2.28285 0.0110944
1.68701215424 2.29177 0.0114824
1.6933074808 2.2983 0.0122164
1.69958064303 2.30744 0.0112412
1.70586179344 2.31396 0.0116588
1.71215172419 2.32347 0.0124929
1.71843538617 2.33125 0.0117368
1.72471844694 2.34017 0.0118471
1.73099491844 2.34768 0.0113726
1.73728636032 2.35683 0.0119858
1.74356630258 2.36404 0.013591
1.74983600778 2.37344 0.0128856
1.75612327869 2.38253 0.0122366
1.76241061606 2.39107 0.0120526
1.76869357896 2.39858 0.0120201
1.77497674839 2.4062 0.0125988
1.78126362161 2.41391 0.0119975
1.78754574761 2.42408 0.0131685
1.7938272923 2.43245 0.0127361
1.80010772174 2.44162 0.0128893
1.80639091391 2.45041 0.0119144
1.81267451427 2.45854 0.0121077
1.81895363524 2.4663 0.0123412
1.82523850291 2.47543 0.0127365
1.8315236862 2.48412 0.0132646
1.83781040898 2.49293 0.012347
1.84409642612 2.50024 0.0124914
1.8503769215 2.50933 0.0124663
1.85666074594 2.5185 0.0132284
1.86294359809 2.52727 0.012041
1.86922204917 2.53703 0.0131054
1.87550781357 2.54415 0.0134807
1.88179499507 2.55334 0.0119058
1.88807781314 2.56129 0.014254
1.89435244502 2.5708 0.0140091
1.90063796885 2.57992 0.0120584
1.90692833723 2.5884 0.0129998
1.91320221586 2.59707 0.0134304
1.91948223445 2.60628 0.0142046
1.92577010575 2.61645 0.014464
1.93206491035 2.62368 0.0128509
1.93834071151 2.63418 0.0130128
1.94460828613 2.64176 0.0140498
1.9508968614 2.65084 0.0134493
1.95718811973 2.66012 0.0140689
1.96347509207 2.66756 0.0141232
1.9697553281 2.67787 0.0141144
1.9760413775 2.68574 0.0136289
1.98233260336 2.69507 0.0143635
1.98861171931 2.70382 0.0141944
1.99488792869 2.71195 0.0146691
2.00117304134 2.72046 0.0146355
2.00745262249 2.72937 0.0142395
2.01372721862 2.73968 0.01622
2.02001108039 2.75098 0.0148135
2.02630405283 2.75674 0.0152029
2.03258735828 2.76552 0.0143527
2.03886100377 2.77351 0.0148918
2.04514489951 2.78245 0.0168012
2.05143683626 2.79195 0.0159126
2.05772382203 2.80048 0.0156448
2.0640044634 2.80908 0.015582
2.07029278421 2.81615 0.0167216
2.07658471853 2.82468 0.0166328
2.08285424307 2.83512 0.0167174
2.08912259138 2.84364 0.0179949
2.09541730178 2.85231 0.0163007
2.10170304464 2.85901 0.016903
2.10797273337 2.86837 0.0175864
2.11425579676 2.87701 0.0176035
2.12053788985 2.88568 0.0175505
2.12682075079 2.89231 0.0165601
2.13310670204 2.90053 0.0177343
2.13940011923 2.90982 0.017315
2.14568939859 2.91858 0.0177059
2.15195789682 2.92484 0.0181542
2.15824033347 2.93346 0.0185834
2.16453048092 2.94243 0.0183035
2.17081716829 2.9496 0.0180296
2.17709912993 2.95569 0.0183514
2.18337674027 2.96444 0.018341
2.18965452646 2.9722 0.0200983
2.19593814184 2.97986 0.019083
2.20221722867 2.98725 0.0184034
2.20849850085 2.99561 0.0189904
2.21479372465 3.00507 0.0179405
2.22107581834 3.0121 0.020081
2.22733812199 3.02038 0.0192842
2.23362792264 3.02729 0.0198382
2.2399287897 3.03692 0.0203696
2.24620084223 3.04667 0.0220307
2.2524810722 3.05629 0.020297
2.25875993301 3.06549 0.0192583
2.26503776668 3.07404 0.0202067
2.27130391144 3.08571 0.0195042
2.27758972822 3.09442 0.0215105
2.28389830542 3.10729 0.0208573
2.29017001225 3.11774 0.0227824
2.29645357402 3.12614 0.0250048
2.30275372852 3.13799 0.0229801
2.30903325986 3.14819 0.0238904
2.31530674049 3.15613 0.0244687
2.32158490306 3.16922 0.0262827
2.3278758488 3.17603 0.0229593
2.33415543799 3.18774 0.0250249
2.34041936871 3.19586 0.0257812
2.34670710068 3.20772 0.0258748
2.3530032916 3.21507 0.0267354
2.35928989445 3.22431 0.0253556
2.36555387699 3.23865 0.0260164
2.37182578571 3.24352 0.0270056
2.3781409032 3.25221 0.0272059
2.38442809259 3.26194 0.0263032
2.39069258243 3.27169 0.0277761
2.39698813839 3.28127 0.0302477
2.40330354843 3.29125 0.0288559
2.40957307365 3.30274 0.0282728
2.41583080138 3.31214 0.0347614
2.42214385676 3.32512 0.0308798
2.42843005755 3.32947 0.0304176
2.43467776878 3.3401 0.0301563
2.44097021258 3.34831 0.0303219
2.44729898127 3.36479 0.0293202
2.45356911846 3.36527 0.0346325
2.45980003814 3.37796 0.0346754
2.4661092349 3.38287 0.0352675
2.47241430729 3.39535 0.0372469
2.47866355169 3.40436 0.0339956
2.48493431628 3.41244 0.0346168
2.49124283111 3.42778 0.0367167
2.49755537626 3.43285 0.0374041
2.50380379021 3.43864 0.0385134
2.51005045336 3.44993 0.039324
2.51638815336 3.45993 0.0415745
2.52269694929 3.46805 0.0427515
2.52891211798 3.47334 0.0436492
2.53519495098 3.48975 0.0411403
2.54155301509 3.49612 0.0428288
2.54783359884 3.49965 0.045928
2.55402772623 3.50603 0.0455934
2.56033571996 3.51805 0.0476201
2.56672381747 3.53044 0.0512962
2.57294751341 3.53229 0.0519248
2.57911252531 3.54224 0.0488402
2.58547549612 3.53966 0.0476241
2.59185019505 3.55448 0.0544767
2.59805932148 3.56029 0.058323
2.60429715989 3.55653 0.0560082
2.61067449751 3.58393 0.0553602
2.61693283418 3.5893 0.0596289
2.62300854502 3.58287 0.0747441
2.62939753095 3.59373 0.0638787
2.63591057571 3.59864 0.0724836
2.64202978624 3.60778 0.0618591
2.64803951219 3.61128 0.071147
2.65454096229 3.61466 0.0715956
2.66118028258 3.62945 0.0721723
2.66719514746 3.62741 0.102963
2.67309090101 3.63904 0.0841975
2.67973176445 3.64305 0.0917669
2.68646693102 3.63227 0.103747
2.69219835647 3.63069 0.115861
2.69796467721 3.63023 0.124445
2.70489193937 3.65263 0.116666
2.71182026315 3.6631 0.123615
2.71709790339 3.65858 0.167779
2.7227864466 3.64801 0.159857
2.72994784687 3.65579 0.160142
2.73706528781 3.66392 0.199927
2.74248820391 3.68615 0.30698
2.74787331837 3.66196 0.253488
2.75504313834 3.6919 0.272826
2.76219934437 3.65973 0.343438
2.76789278819 3.66674 0.728777
2.77283198247 3.6623 0.5738
2.77965581172 3.61066 1.54569
2.78599582346 218.91 7998.24
