0.0088996412247 5.01216 0.361471
0.0150791221651 4.94583 0.200775
0.0214479018646 4.79296 0.122335
0.0278366077649 4.66537 0.101375
0.034350997858 4.4688 0.0919143
0.0404788676143 4.25059 0.0926174
0.0467671668358 4.02298 0.0775143
0.0530822510177 3.77314 0.0692351
0.0594536244094 3.5134 0.0566259
0.0657622481459 3.27209 0.054197
0.071966329067 3.04604 0.0487247
0.0782786091569 2.83341 0.0448634
0.0847039894583 2.62093 0.0361444
0.0909685462053 2.45647 0.039722
0.0972078977683 2.3175 0.0406378
0.103476303896 2.17529 0.0298357
0.109757644425 2.05991 0.0334609
0.116054308478 1.95977 0.0290827
0.122366966654 1.87335 0.0292693
0.128681726309 1.80078 0.0244687
0.134950080166 1.75302 0.0275933
0.141194955884 1.72392 0.0240384
0.147513357575 1.70574 0.0197855
0.153786507425 1.69441 0.0207287
0.160065754405 1.68262 0.0219817
0.166399116869 1.67685 0.019133
0.172719564578 1.66867 0.0177822
0.178976521338 1.66247 0.017588
0.185235369065 1.65612 0.0211102
0.191480678734 1.65255 0.0198715
0.197788986865 1.65231 0.0184475
0.204093773545 1.6508 0.0168983
0.210393930261 1.65065 0.0177496
0.216690970982 1.65076 0.0181595
0.222970028122 1.64891 0.0190149
0.229262002709 1.64414 0.018044
0.235514150837 1.63958 0.0145818
0.241791058382 1.63699 0.0161313
0.248085653944 1.63559 0.0167266
0.254349225687 1.62734 0.0168928
0.260633425188 1.62464 0.0152974
0.26692573709 1.62208 0.0147496
0.273242334314 1.61898 0.0159176
0.279552968008 1.61587 0.0155923
0.285836629231 1.61198 0.015514
0.292087627139 1.60964 0.0149569
0.298344984444 1.60636 0.0152952
0.304638263941 1.59742 0.0152103
0.3109279127 1.5972 0.0139981
0.317216817162 1.59009 0.0148841
0.323518756794 1.58739 0.0166281
0.329816821755 1.58446 0.0140109
0.336117642946 1.58207 0.0150416
0.342370037571 1.57903 0.0138333
0.348647819267 1.57194 0.0144779
0.354941161441 1.56947 0.0153077
0.361191693542 1.56629 0.013111
0.367476708956 1.56255 0.0145009
0.373764779528 1.56 0.0143001
0.380065403148 1.5551 0.0143955
0.386353986126 1.5541 0.013919
0.392614018136 1.54831 0.0127705
0.398926450032 1.54967 0.0138109
0.405207324458 1.54323 0.0115678
0.411491647757 1.54345 0.0134364
0.417781427212 1.53871 0.0139312
0.424040064873 1.53595 0.0144456
0.430342569027 1.53293 0.0141241
0.436635856026 1.53065 0.013804
0.442899618322 1.52795 0.0121689
0.449163441853 1.52569 0.0128075
0.455441414625 1.52286 0.0136685
0.46176344703 1.5209 0.0135996
0.468064424202 1.51908 0.0146114
0.474348524276 1.51583 0.012236
0.480635613682 1.51424 0.0129492
0.486901925839 1.51371 0.0126995
0.49316970996 1.51117 0.0141574
0.499450674714 1.51023 0.0128467
0.505715905134 1.50674 0.0127942
0.511992399627 1.50827 0.0121244
0.518312609777 1.50453 0.0132993
0.524608963803 1.50181 0.0129501
0.530875730848 1.50278 0.0130237
0.537157352795 1.50079 0.013372
0.543457956378 1.49988 0.0120601
0.549743065239 1.4983 0.0108911
0.55599374275 1.49766 0.0119983
0.562285467661 1.4982 0.0112885
0.568601153723 1.49568 0.010026
0.574880458942 1.4941 0.0125153
0.581155021034 1.49399 0.012173
0.587439449666 1.49273 0.0130104
0.59371762203 1.49214 0.0125362
0.599997195479 1.49319 0.01257
0.606267911512 1.49198 0.0119924
0.612546957644 1.49035 0.0114477
0.618847773304 1.49083 0.0123215
0.625131056744 1.49044 0.0123882
0.631402745038 1.49083 0.0119699
0.637700356273 1.48972 0.0130342
0.643985778331 1.49103 0.0114951
0.650268541717 1.49046 0.0118546
0.65655861177 1.49125 0.0125226
0.662836928236 1.4899 0.0123252
0.669118544496 1.4909 0.0126601
0.675407019858 1.49147 0.0123119
0.681683551459 1.4922 0.0127997
0.687959253386 1.49191 0.0124407
0.694234431704 1.49388 0.0118247
0.700517540243 1.49324 0.0116995
0.706812495661 1.49395 0.0120611
0.713101900967 1.4955 0.0116273
0.719391825117 1.4953 0.0122743
0.72568338076 1.49638 0.0126954
0.731965268271 1.49724 0.0136925
0.738250799048 1.49884 0.0128195
0.744526584212 1.49891 0.0114212
0.750787110194 1.50122 0.0117263
0.757075846532 1.50148 0.0115828
0.76336412336 1.50421 0.0113585
0.769646295986 1.50622 0.0118935
0.775939486518 1.50735 0.0129017
0.782232914199 1.50863 0.0127074
0.788531493652 1.50991 0.0124744
0.794789656698 1.50988 0.0116487
0.801049109659 1.5137 0.0113222
0.807336406173 1.51582 0.0121666
0.813622948837 1.51731 0.0111783
0.819915299896 1.51923 0.0114706
0.826195263639 1.52141 0.0124504
0.832489707008 1.52467 0.0122925
0.838795930921 1.52646 0.0118822
0.84506346397 1.52669 0.012555
0.851328286756 1.52861 0.0117072
0.85761982639 1.53168 0.012028
0.863905847706 1.53346 0.0116205
0.870183874549 1.5358 0.0109289
0.876464109608 1.53878 0.0119374
0.88275038734 1.5417 0.0112037
0.889033276839 1.54397 0.012014
0.895308424711 1.54643 0.0109699
0.901595652167 1.54866 0.0115229
0.907883332809 1.55138 0.0110574
0.914174410632 1.55485 0.0111744
0.920463081772 1.55742 0.0107192
0.926743441526 1.56069 0.0111933
0.933032419735 1.56261 0.0111481
0.939326578557 1.5668 0.0116834
0.94559748104 1.56955 0.0112652
0.951866001855 1.57264 0.0120098
0.958141325553 1.57404 0.0116211
0.964435094511 1.58008 0.011548
0.970735563357 1.58226 0.0116082
0.977008076845 1.58579 0.0120179
0.983282332536 1.58902 0.0115803
0.989556969197 1.5926 0.0111903
0.995845630192 1.59723 0.0115184
1.00213621074 1.59899 0.0109636
1.00840482534 1.60373 0.0114538
1.01469414984 1.60601 0.0111117
1.02099255544 1.61056 0.0117612
1.02727398044 1.61475 0.0118248
1.0335591819 1.61816 0.0117926
1.03984755739 1.62285 0.0123291
1.04612697494 1.62647 0.0108741
1.05240343681 1.62964 0.011238
1.05868070465 1.63317 0.0114235
1.06496433307 1.63744 0.0109252
1.07125677744 1.64131 0.0104546
1.0775440488 1.64564 0.0113454
1.08382482019 1.65018 0.0114147
1.09010802394 1.65499 0.0111195
1.09638966596 1.65852 0.0103007
1.10268113206 1.66197 0.011122
1.10896304759 1.66768 0.0116361
1.11522542846 1.67099 0.010603
1.12150212761 1.67626 0.0118381
1.12779257382 1.68017 0.0116949
1.13408955267 1.6858 0.0116721
1.14036404965 1.69009 0.0110664
1.14663918032 1.69384 0.0106618
1.15294241299 1.69902 0.0112222
1.15922890675 1.70323 0.0113319
1.16550872189 1.70851 0.0105986
1.17179307626 1.71249 0.0119613
1.17808743637 1.71816 0.0107703
1.18436765425 1.72231 0.0106878
1.1906346423 1.72776 0.0107313
1.19691220883 1.73258 0.0106649
1.20320157735 1.73737 0.011546
1.20948684444 1.74175 0.0109667
1.21576390207 1.7485 0.0106976
1.22204975517 1.7526 0.0113657
1.22834061662 1.75754 0.01106
1.23463298658 1.76302 0.0115052
1.24090224718 1.76872 0.0112329
1.24717483914 1.77375 0.0105511
1.25346545993 1.77941 0.0116187
1.25974995189 1.78451 0.0122989
1.26603214313 1.78882 0.0108665
1.27231628847 1.79428 0.0116167
1.27860415506 1.8005 0.0104003
1.28488658893 1.80569 0.0112769
1.29117542007 1.8113 0.0111979
1.29746572637 1.81648 0.00996601
1.30374182701 1.82183 0.0115587
1.31001732292 1.82761 0.0106462
1.31630144766 1.83294 0.0116132
1.32258676036 1.83843 0.0103823
1.32886549245 1.84443 0.0102783
1.33514480495 1.85112 0.0103482
1.34144051627 1.85491 0.0116841
1.34773086842 1.86263 0.011246
1.35400158999 1.86725 0.0103762
1.3602826093 1.87308 0.0115896
1.36656568646 1.87878 0.0116469
1.37285149848 1.88514 0.0111675
1.37913537293 1.89139 0.0111639
1.38540956715 1.8964 0.010746
1.39169864122 1.9025 0.0111603
1.39798445144 1.90856 0.0112104
1.40426788341 1.91409 0.0104399
1.41055477948 1.92035 0.0103981
1.41683783355 1.92516 0.0106755
1.42311817719 1.93221 0.0122546
1.42939780116 1.93739 0.0105058
1.43568692182 1.94411 0.011864
1.44197712177 1.94933 0.0109392
1.44825366785 1.9557 0.0111685
1.45453234897 1.96156 0.0111181
1.46081931915 1.96702 0.0108425
1.4671103644 1.97305 0.0108268
1.47339290895 1.97861 0.0109107
1.47966996524 1.98529 0.0113816
1.4859561446 1.99118 0.0108756
1.49223361076 1.99634 0.0105347
1.49850247038 2.00208 0.0114682
1.50478575205 2.00741 0.0117227
1.51107599189 2.01418 0.0106228
1.51736163499 2.01838 0.010753
1.52364857097 2.0252 0.0111418
1.52993803572 2.03018 0.0123102
1.53623017691 2.03661 0.0107901
1.54251071878 2.04248 0.0110676
1.54878396308 2.04721 0.0114507
1.55507306978 2.05244 0.0121889
1.56135732493 2.05842 0.0109939
1.56762912105 2.06292 0.0113451
1.5739136974 2.0698 0.011195
1.58020354523 2.07386 0.0123677
1.58648539343 2.07872 0.0114867
1.59276001426 2.08375 0.0116049
1.59904643639 2.08914 0.0118117
1.60534213664 2.09389 0.0123909
1.61161976836 2.10039 0.011487
1.61789716835 2.10569 0.0118684
1.62418270854 2.11262 0.0109869
1.63046407995 2.12015 0.0102537
1.63674824683 2.12586 0.0117218
1.64303013827 2.13228 0.0116174
1.64930808063 2.13926 0.0114596
1.65559224863 2.1468 0.0119219
1.66187827598 2.15268 0.0117276
1.66816823994 2.15869 0.0107085
1.6744495611 2.16608 0.0103379
1.68072138563 2.17245 0.0111522
1.68701215424 2.18016 0.012311
1.6933074808 2.18482 0.0122516
1.69958064303 2.19242 0.0114911
1.70586179344 2.19857 0.0121387
1.71215172419 2.20557 0.0127753
1.71843538617 2.21174 0.0121312
1.72471844694 2.21806 0.0123525
1.73099491844 2.22467 0.0115232
1.73728636032 2.23141 0.0125491
1.74356630258 2.23801 0.0126134
1.74983600778 2.24447 0.0116539
1.75612327869 2.2515 0.0113608
1.76241061606 2.25879 0.012245
1.76869357896 2.26394 0.0120487
1.77497674839 2.27079 0.0125203
1.78126362161 2.27747 0.0118934
1.78754574761 2.28369 0.0127549
1.7938272923 2.29119 0.012647
1.80010772174 2.29857 0.0122435
1.80639091391 2.3042 0.0118851
1.81267451427 2.31107 0.0121416
1.81895363524 2.31798 0.0131947
1.82523850291 2.32434 0.0124614
1.8315236862 2.33142 0.0124299
1.83781040898 2.3379 0.0118502
1.84409642612 2.34417 0.0115658
1.8503769215 2.35017 0.0133607
1.85666074594 2.35774 0.0137406
1.86294359809 2.36362 0.0120749
1.86922204917 2.3706 0.0121069
1.87550781357 2.37745 0.0135204
1.88179499507 2.38411 0.0133913
1.88807781314 2.39052 0.0132584
1.89435244502 2.39668 0.0127676
1.90063796885 2.4034 0.0120209
1.90692833723 2.40963 0.0134772
1.91320221586 2.41659 0.0129437
1.91948223445 2.42386 0.0133329
1.92577010575 2.43091 0.0138166
1.93206491035 2.4367 0.0132977
1.93834071151 2.44365 0.0125917
1.94460828613 2.44923 0.0145854
1.9508968614 2.45609 0.0141321
1.95718811973 2.46372 0.0137951
1.96347509207 2.46962 0.0132104
1.9697553281 2.47704 0.0144714
1.9760413775 2.48317 0.0142443
1.98233260336 2.48996 0.0140869
1.98861171931 2.49639 0.0141159
1.99488792869 2.50378 0.0152219
2.00117304134 2.50801 0.013833
2.00745262249 2.51493 0.0150449
2.01372721862 2.52253 0.0155438
2.02001108039 2.5304 0.0149558
2.02630405283 2.53513 0.0152846
2.03258735828 2.54149 0.0142381
2.03886100377 2.54727 0.0146729
2.04514489951 2.55413 0.0147106
2.05143683626 2.56067 0.0157035
2.05772382203 2.56713 0.014883
2.0640044634 2.57233 0.0155806
2.07029278421 2.57856 0.0154964
2.07658471853 2.58318 0.0170907
2.08285424307 2.59146 0.0163242
2.08912259138 2.59726 0.0169599
2.09541730178 2.60503 0.0163881
2.10170304464 2.6088 0.0170246
2.10797273337 2.6167 0.0166585
2.11425579676 2.62211 0.0162697
2.12053788985 2.62806 0.0172413
2.12682075079 2.63283 0.0174373
2.13310670204 2.63892 0.0176621
2.13940011923 2.64725 0.0178159
2.14568939859 2.65185 0.0166366
2.15195789682 2.65682 0.0181085
2.15824033347 2.66165 0.0178594
2.16453048092 2.66927 0.0178841
2.17081716829 2.67273 0.0180367
2.17709912993 2.6798 0.0181682
2.18337674027 2.68582 0.0175236
2.18965452646 2.69061 0.0175406
2.19593814184 2.69568 0.0192542
2.20221722867 2.70195 0.0194858
2.20849850085 2.70961 0.0204879
2.21479372465 2.71442 0.0209662
2.22107581834 2.72061 0.0198828
2.22733812199 2.72207 0.0199194
2.23362792264 2.72984 0.0182933
2.2399287897 2.73631 0.0194317
2.24620084223 2.7421 0.0191687
2.2524810722 2.74804 0.0192735
2.25875993301 2.7543 0.0208288
2.26503776668 2.7624 0.0196512
2.27130391144 2.76952 0.0189714
2.27758972822 2.77857 0.0195603
2.28389830542 2.78463 0.0222685
2.29017001225 2.79 0.0229721
2.29645357402 2.79717 0.0217114
2.30275372852 2.80609 0.0238048
2.30903325986 2.81388 0.0236183
2.31530674049 2.82001 0.023095
2.32158490306 2.8291 0.0240269
2.3278758488 2.83324 0.0221176
2.33415543799 2.84042 0.0239416
2.34041936871 2.84445 0.0271569
2.34670710068 2.85397 0.0256943
2.3530032916 2.85791 0.0259753
2.35928989445 2.8666 0.0259603
2.36555387699 2.87329 0.0295403
2.37182578571 2.87654 0.0271278
2.3781409032 2.88273 0.0267388
2.38442809259 2.8893 0.0272884
2.39069258243 2.89405 0.0281268
2.39698813839 2.89989 0.0272503
2.40330354843 2.90837 0.0251913
2.40957307365 2.91703 0.0294512
2.41583080138 2.92049 0.0342258
2.42214385676 2.93166 0.0302091
2.42843005755 2.93252 0.0339657
2.43467776878 2.9371 0.032146
2.44097021258 2.94947 0.0317772
2.44729898127 2.95522 0.0331245
2.45356911846 2.95612 0.0380047
2.45980003814 2.96458 0.0326928
2.4661092349 2.96805 0.0323694
2.47241430729 2.97072 0.0379945
2.47866355169 2.98481 0.0347273
2.48493431628 2.98327 0.0317545
2.49124283111 2.9942 0.0359331
2.49755537626 2.99492 0.0380011
2.50380379021 2.99898 0.0347337
2.51005045336 3.00718 0.0389867
2.51638815336 3.01149 0.0422387
2.52269694929 3.01834 0.0390909
2.52891211798 3.02085 0.0445134
2.53519495098 3.03509 0.0456675
2.54155301509 3.03939 0.0416986
2.54783359884 3.0403 0.0407224
2.55402772623 3.04451 0.0456287
2.56033571996 3.05399 0.0453287
2.56672381747 3.06354 0.0466908
2.57294751341 3.05739 0.0530412
2.57911252531 3.06995 0.0500909
2.58547549612 3.06847 0.0456293
2.59185019505 3.0746 0.0454837
2.59805932148 3.0786 0.0556905
2.60429715989 3.08062 0.049959
2.61067449751 3.08895 0.0569578
2.61693283418 3.08663 0.0592751
2.62300854502 3.10052 0.0633692
2.62939753095 3.09182 0.0537081
2.63591057571 3.09737 0.067499
2.64202978624 3.10868 0.0666152
2.64803951219 3.10371 0.072013
2.65454096229 3.11124 0.0710829
2.66118028258 3.11978 0.0757335
2.66719514746 3.12714 0.0909929
2.67309090101 3.13146 0.0792803
2.67973176445 3.12839 0.093771
2.68646693102 3.12584 0.0893192
2.69219835647 3.12145 0.0996428
2.69796467721 3.13062 0.107437
2.70489193937 3.1296 0.104497
2.71182026315 3.16494 0.0993249
2.71709790339 3.13556 0.154567
2.7227864466 3.13298 0.135719
2.72994784687 3.12944 0.150463
2.73706528781 3.11644 0.188754
2.74248820391 3.12922 0.290103
2.74787331837 3.10646 0.212092
2.75504313834 3.17135 0.245239
2.76219934437 3.10874 0.355627
2.76789278819 3.22989 0.663524
2.77283198247 3.10836 0.68654
2.77965581172 3.14759 1.37408
2.78599582346 -35.9654 331.191
