0.0088996412247 2.26419 0.150189
0.0150791221651 2.26711 0.0956388
0.0214479018646 2.27827 0.0557841
0.0278366077649 2.2847 0.0479551
0.034350997858 2.28126 0.0405707
0.0404788676143 2.28616 0.0449227
0.0467671668358 2.28373 0.0400617
0.0530822510177 2.27726 0.0346057
0.0594536244094 2.27459 0.0316193
0.0657622481459 2.2738 0.031972
0.071966329067 2.27436 0.0304271
0.0782786091569 2.27754 0.0288482
0.0847039894583 2.27204 0.0260604
0.0909685462053 2.27296 0.0277897
0.0972078977683 2.27634 0.0296394
0.103476303896 2.26792 0.0261627
0.109757644425 2.26951 0.0260153
0.116054308478 2.26197 0.0214653
0.122366966654 2.25692 0.0262991
0.128681726309 2.24608 0.0221815
0.134950080166 2.23992 0.0247939
0.141194955884 2.2361 0.0233378
0.147513357575 2.23159 0.0199619
0.153786507425 2.23013 0.0221402
0.160065754405 2.21889 0.0200644
0.166399116869 2.21456 0.0226919
0.172719564578 2.20381 0.0193648
0.178976521338 2.19495 0.0204569
0.185235369065 2.18958 0.0233439
0.191480678734 2.17388 0.0196024
0.197788986865 2.16656 0.0201707
0.204093773545 2.15525 0.0205815
0.210393930261 2.14842 0.0193015
0.216690970982 2.13662 0.0208441
0.222970028122 2.12468 0.0213191
0.229262002709 2.11766 0.0200003
0.235514150837 2.10186 0.016857
0.241791058382 2.0919 0.0177831
0.248085653944 2.07917 0.0193271
0.254349225687 2.06424 0.020327
0.260633425188 2.05294 0.0183983
0.26692573709 2.04102 0.0176251
0.273242334314 2.02989 0.0152844
0.279552968008 2.01705 0.016614
0.285836629231 2.00293 0.0174066
0.292087627139 1.99143 0.0174851
0.298344984444 1.98241 0.0170565
0.304638263941 1.96213 0.0173651
0.3109279127 1.95442 0.0165388
0.317216817162 1.9392 0.0171874
0.323518756794 1.92763 0.0183191
0.329816821755 1.91596 0.0161184
0.336117642946 1.90383 0.0176585
0.342370037571 1.89325 0.016867
0.348647819267 1.87635 0.0171556
0.354941161441 1.86777 0.0165698
0.361191693542 1.85386 0.0170989
0.367476708956 1.84304 0.0144574
0.373764779528 1.83384 0.0156633
0.380065403148 1.82019 0.0166688
0.386353986126 1.81019 0.0158813
0.392614018136 1.79738 0.0134538
0.398926450032 1.79262 0.0152099
0.405207324458 1.78062 0.0137326
0.411491647757 1.77054 0.0149974
0.417781427212 1.76117 0.0148666
0.424040064873 1.74925 0.0154104
0.430342569027 1.74093 0.0161578
0.436635856026 1.73249 0.015128
0.442899618322 1.7242 0.0139756
0.449163441853 1.71512 0.0145451
0.455441414625 1.70669 0.0157365
0.46176344703 1.69996 0.0127602
0.468064424202 1.6908 0.0149033
0.474348524276 1.68298 0.0137345
0.480635613682 1.67679 0.0131598
0.486901925839 1.66989 0.014343
0.49316970996 1.66166 0.0144691
0.499450674714 1.65662 0.0148332
0.505715905134 1.64805 0.0142452
0.511992399627 1.64436 0.0133334
0.518312609777 1.63802 0.0131636
0.524608963803 1.63156 0.0143251
0.530875730848 1.62976 0.0138428
0.537157352795 1.62366 0.0121944
0.543457956378 1.61929 0.0145374
0.549743065239 1.61271 0.0132456
0.55599374275 1.60982 0.0137573
0.562285467661 1.60644 0.012738
0.568601153723 1.59982 0.0117699
0.574880458942 1.59633 0.0139284
0.581155021034 1.59398 0.0125032
0.587439449666 1.59058 0.0143881
0.59371762203 1.5866 0.0126327
0.599997195479 1.58583 0.0130615
0.606267911512 1.58271 0.0129006
0.612546957644 1.57772 0.0119832
0.618847773304 1.57589 0.0132082
0.625131056744 1.57334 0.0129739
0.631402745038 1.57281 0.0138813
0.637700356273 1.5702 0.0133577
0.643985778331 1.56793 0.0120185
0.650268541717 1.56555 0.0120377
0.65655861177 1.56537 0.012598
0.662836928236 1.56289 0.0129027
0.669118544496 1.56127 0.0131661
0.675407019858 1.56111 0.0119033
0.681683551459 1.55985 0.0123206
0.687959253386 1.55974 0.0130569
0.694234431704 1.55739 0.0120827
0.700517540243 1.55698 0.0120445
0.706812495661 1.55631 0.012616
0.713101900967 1.55469 0.0121687
0.719391825117 1.55435 0.0125588
0.72568338076 1.55556 0.013434
0.731965268271 1.55437 0.0139661
0.738250799048 1.55496 0.0117621
0.744526584212 1.55378 0.0115796
0.750787110194 1.55479 0.0123163
0.757075846532 1.55336 0.0118304
0.76336412336 1.55532 0.0119988
0.769646295986 1.55532 0.0130295
0.775939486518 1.55676 0.0131832
0.782232914199 1.55733 0.0126668
0.788531493652 1.55693 0.0119825
0.794789656698 1.55695 0.0117715
0.801049109659 1.55987 0.0124431
0.807336406173 1.559 0.0123794
0.813622948837 1.56064 0.0111616
0.819915299896 1.56056 0.0110821
0.826195263639 1.56329 0.0119452
0.832489707008 1.56339 0.0123372
0.838795930921 1.5651 0.0118146
0.84506346397 1.56551 0.0132158
0.851328286756 1.56707 0.0114527
0.85761982639 1.56857 0.0118932
0.863905847706 1.56902 0.0128681
0.870183874549 1.5718 0.0109049
0.876464109608 1.57267 0.0124325
0.88275038734 1.57403 0.0109145
0.889033276839 1.57691 0.0126422
0.895308424711 1.57903 0.0121588
0.901595652167 1.58089 0.0116612
0.907883332809 1.58234 0.0104933
0.914174410632 1.58443 0.0130863
0.920463081772 1.58611 0.0108723
0.926743441526 1.58914 0.0117524
0.933032419735 1.58959 0.0110089
0.939326578557 1.59287 0.0121034
0.94559748104 1.59523 0.0122049
0.951866001855 1.598 0.0109489
0.958141325553 1.59879 0.0111529
0.964435094511 1.60425 0.0115493
0.970735563357 1.60531 0.0116839
0.977008076845 1.60799 0.0118051
0.983282332536 1.61047 0.0118277
0.989556969197 1.61348 0.0108291
0.995845630192 1.61625 0.0116005
1.00213621074 1.61996 0.0109453
1.00840482534 1.62231 0.0114087
1.01469414984 1.62549 0.0109162
1.02099255544 1.62837 0.0115537
1.02727398044 1.63225 0.0119962
1.0335591819 1.63529 0.0103849
1.03984755739 1.63895 0.0119692
1.04612697494 1.64169 0.0111649
1.05240343681 1.64531 0.0117704
1.05868070465 1.64868 0.0118951
1.06496433307 1.65136 0.0113969
1.07125677744 1.65444 0.0105333
1.0775440488 1.6583 0.0112009
1.08382482019 1.66307 0.011317
1.09010802394 1.66672 0.011942
1.09638966596 1.67082 0.0112032
1.10268113206 1.67327 0.0119043
1.10896304759 1.67775 0.012163
1.11522542846 1.68202 0.0109139
1.12150212761 1.68576 0.0116907
1.12779257382 1.68898 0.0112341
1.13408955267 1.69378 0.0108682
1.14036404965 1.69742 0.0113889
1.14663918032 1.70154 0.011493
1.15294241299 1.70647 0.0109683
1.15922890675 1.70993 0.0114499
1.16550872189 1.71483 0.00979536
1.17179307626 1.71962 0.0111675
1.17808743637 1.72435 0.0106165
1.18436765425 1.72734 0.0107002
1.1906346423 1.733 0.010654
1.19691220883 1.7377 0.010934
1.20320157735 1.74187 0.0104824
1.20948684444 1.7473 0.0110542
1.21576390207 1.75177 0.0102382
1.22204975517 1.75646 0.0102677
1.22834061662 1.76114 0.0115898
1.23463298658 1.76465 0.0116894
1.24090224718 1.77022 0.0114318
1.24717483914 1.7768 0.0108608
1.25346545993 1.78109 0.0116035
1.25974995189 1.78701 0.0115154
1.26603214313 1.7905 0.0103273
1.27231628847 1.79568 0.0112354
1.27860415506 1.80169 0.0104356
1.28488658893 1.80682 0.0118004
1.29117542007 1.81093 0.0119391
1.29746572637 1.81688 0.0100665
1.30374182701 1.82243 0.0115662
1.31001732292 1.82766 0.0106403
1.31630144766 1.83222 0.0110072
1.32258676036 1.83844 0.0110171
1.32886549245 1.84434 0.0104184
1.33514480495 1.85021 0.0105768
1.34144051627 1.85404 0.0112089
1.34773086842 1.86174 0.0111536
1.35400158999 1.86619 0.0104553
1.3602826093 1.87217 0.0102763
1.36656568646 1.87753 0.0117383
1.37285149848 1.88364 0.0108295
1.37913537293 1.8888 0.0113264
1.38540956715 1.89462 0.00979125
1.39169864122 1.90105 0.0111404
1.39798445144 1.90628 0.0114078
1.40426788341 1.9121 0.0109899
1.41055477948 1.91838 0.0105105
1.41683783355 1.92289 0.0108397
1.42311817719 1.92896 0.0107035
1.42939780116 1.93545 0.0103813
1.43568692182 1.94175 0.0106892
1.44197712177 1.94758 0.0108942
1.44825366785 1.95231 0.0108568
1.45453234897 1.95927 0.0115158
1.46081931915 1.96453 0.0107028
1.4671103644 1.97074 0.0109232
1.47339290895 1.97625 0.011905
1.47966996524 1.9828 0.0104264
1.4859561446 1.98777 0.0107828
1.49223361076 1.99433 0.0107125
1.49850247038 1.9998 0.0109288
1.50478575205 2.00456 0.0116122
1.51107599189 2.01086 0.0103936
1.51736163499 2.0163 0.0101102
1.52364857097 2.02229 0.0107772
1.52993803572 2.02772 0.0118168
1.53623017691 2.0349 0.0117901
1.54251071878 2.03906 0.0112714
1.54878396308 2.04417 0.0114256
1.55507306978 2.05059 0.0123773
1.56135732493 2.05635 0.0112287
1.56762912105 2.06108 0.0107144
1.5739136974 2.0665 0.0107268
1.58020354523 2.07196 0.0117764
1.58648539343 2.07692 0.0113327
1.59276001426 2.08154 0.0115928
1.59904643639 2.08797 0.0114105
1.60534213664 2.09198 0.0120929
1.61161976836 2.09763 0.0116347
1.61789716835 2.10415 0.0111402
1.62418270854 2.11084 0.0105989
1.63046407995 2.11808 0.0106827
1.63674824683 2.12366 0.0113886
1.64303013827 2.13057 0.0122665
1.64930808063 2.13764 0.0112033
1.65559224863 2.14592 0.0112122
1.66187827598 2.15061 0.0119075
1.66816823994 2.15798 0.0117124
1.6744495611 2.16413 0.0113604
1.68072138563 2.17134 0.0110957
1.68701215424 2.17834 0.0118936
1.6933074808 2.18345 0.0121619
1.69958064303 2.19077 0.0116537
1.70586179344 2.19738 0.0116653
1.71215172419 2.20392 0.012344
1.71843538617 2.21059 0.0116462
1.72471844694 2.21764 0.0109697
1.73099491844 2.22317 0.0120799
1.73728636032 2.23019 0.012013
1.74356630258 2.23657 0.0124613
1.74983600778 2.24456 0.0123595
1.75612327869 2.2507 0.0117344
1.76241061606 2.25769 0.011423
1.76869357896 2.26393 0.0122911
1.77497674839 2.27114 0.0120765
1.78126362161 2.27752 0.0117839
1.78754574761 2.28344 0.0129219
1.7938272923 2.29157 0.0125473
1.80010772174 2.29775 0.0123295
1.80639091391 2.30526 0.0123793
1.81267451427 2.31238 0.0122158
1.81895363524 2.31762 0.0125964
1.82523850291 2.32465 0.0127179
1.8315236862 2.33198 0.012226
1.83781040898 2.33859 0.0123246
1.84409642612 2.34482 0.0116667
1.8503769215 2.35149 0.01302
1.85666074594 2.35997 0.0132927
1.86294359809 2.36568 0.012693
1.86922204917 2.3721 0.0130946
1.87550781357 2.37886 0.0138156
1.88179499507 2.38646 0.0122168
1.88807781314 2.39265 0.0137509
1.89435244502 2.39947 0.0133825
1.90063796885 2.40632 0.0137898
1.90692833723 2.41304 0.0141916
1.91320221586 2.42002 0.0138757
1.91948223445 2.42767 0.0140279
1.92577010575 2.43469 0.0133235
1.93206491035 2.44097 0.0140155
1.93834071151 2.44851 0.0130753
1.94460828613 2.45342 0.0139653
1.9508968614 2.46081 0.0141228
1.95718811973 2.46826 0.01438
1.96347509207 2.47474 0.0142605
1.9697553281 2.48208 0.0146961
1.9760413775 2.48819 0.014413
1.98233260336 2.49563 0.0149868
1.98861171931 2.50221 0.0146712
1.99488792869 2.50931 0.0141977
2.00117304134 2.51398 0.01489
2.00745262249 2.52138 0.0151285
2.01372721862 2.5289 0.0163996
2.02001108039 2.53798 0.0149183
2.02630405283 2.54269 0.015736
2.03258735828 2.55047 0.015066
2.03886100377 2.555 0.015352
2.04514489951 2.56241 0.0157593
2.05143683626 2.56933 0.0148547
2.05772382203 2.5762 0.0159336
2.0640044634 2.582 0.0167342
2.07029278421 2.58759 0.0169545
2.07658471853 2.5943 0.0169542
2.08285424307 2.60234 0.0159328
2.08912259138 2.60933 0.0172304
2.09541730178 2.61602 0.0180174
2.10170304464 2.62024 0.0163514
2.10797273337 2.62774 0.0161746
2.11425579676 2.63289 0.0180217
2.12053788985 2.63986 0.0184992
2.12682075079 2.64364 0.0178292
2.13310670204 2.65051 0.019002
2.13940011923 2.65865 0.0175114
2.14568939859 2.66443 0.0181759
2.15195789682 2.66951 0.0187581
2.15824033347 2.67524 0.0184793
2.16453048092 2.68206 0.0192533
2.17081716829 2.68712 0.0182789
2.17709912993 2.69343 0.0194261
2.18337674027 2.69997 0.0201926
2.18965452646 2.70407 0.0191552
2.19593814184 2.71036 0.0212877
2.20221722867 2.71585 0.0192649
2.20849850085 2.7224 0.0203262
2.21479372465 2.72989 0.0194546
2.22107581834 2.73582 0.0190945
2.22733812199 2.74002 0.0214429
2.23362792264 2.74471 0.0203105
2.2399287897 2.75298 0.0191293
2.24620084223 2.75923 0.0203406
2.2524810722 2.76748 0.0224017
2.25875993301 2.77363 0.0209321
2.26503776668 2.77965 0.0195999
2.27130391144 2.78623 0.0186528
2.27758972822 2.79441 0.0190463
2.28389830542 2.80365 0.0209274
2.29017001225 2.81176 0.0230035
2.29645357402 2.81652 0.0232527
2.30275372852 2.82786 0.0227655
2.30903325986 2.8355 0.024895
2.31530674049 2.83892 0.0238696
2.32158490306 2.84994 0.0252089
2.3278758488 2.8544 0.0242316
2.33415543799 2.85979 0.0238029
2.34041936871 2.8643 0.0263261
2.34670710068 2.87336 0.023507
2.3530032916 2.87983 0.0266342
2.35928989445 2.88716 0.0250985
2.36555387699 2.89479 0.028213
2.37182578571 2.90017 0.0265845
2.3781409032 2.90662 0.026974
2.38442809259 2.91553 0.0278567
2.39069258243 2.91622 0.0305635
2.39698813839 2.924 0.0306775
2.40330354843 2.93222 0.0294185
2.40957307365 2.94313 0.0312486
2.41583080138 2.94717 0.0321732
2.42214385676 2.95612 0.0316372
2.42843005755 2.95621 0.0321835
2.43467776878 2.96396 0.0288612
2.44097021258 2.97272 0.0316783
2.44729898127 2.9798 0.0315654
2.45356911846 2.98307 0.0310767
2.45980003814 2.99217 0.0325344
2.4661092349 2.99557 0.0355513
2.47241430729 3.00186 0.0346441
2.47866355169 3.00991 0.0371166
2.48493431628 3.01584 0.0330756
2.49124283111 3.02379 0.0355516
2.49755537626 3.02414 0.0333515
2.50380379021 3.03334 0.0355097
2.51005045336 3.04015 0.0398353
2.51638815336 3.04652 0.0429245
2.52269694929 3.04902 0.0413245
2.52891211798 3.05086 0.0414978
2.53519495098 3.06727 0.0433996
2.54155301509 3.07045 0.0455663
2.54783359884 3.07659 0.0466365
2.55402772623 3.07845 0.0419578
2.56033571996 3.08542 0.0470037
2.56672381747 3.09266 0.0479949
2.57294751341 3.09414 0.0470187
2.57911252531 3.10114 0.05493
2.58547549612 3.09625 0.0422491
2.59185019505 3.10717 0.0542545
2.59805932148 3.11262 0.0521836
2.60429715989 3.10499 0.0491014
2.61067449751 3.12286 0.0539355
2.61693283418 3.12869 0.0571408
2.62300854502 3.12719 0.0637418
2.62939753095 3.12545 0.0624813
2.63591057571 3.12859 0.0676444
2.64202978624 3.146 0.0720411
2.64803951219 3.13774 0.0674663
2.65454096229 3.1354 0.0677628
2.66118028258 3.15035 0.0765273
2.66719514746 3.14596 0.0944352
2.67309090101 3.16746 0.0806973
2.67973176445 3.16015 0.0889458
2.68646693102 3.16395 0.0951084
2.69219835647 3.16542 0.105956
2.69796467721 3.15902 0.105159
2.70489193937 3.17926 0.108933
2.71182026315 3.1902 0.124287
2.71709790339 3.17219 0.166965
2.7227864466 3.17932 0.132625
2.72994784687 3.17427 0.142008
2.73706528781 3.19027 0.183941
2.74248820391 3.18437 0.286682
2.74787331837 3.16809 0.202838
2.75504313834 3.23121 0.247453
2.76219934437 3.18728 0.320785
2.76789278819 3.25079 0.710553
2.77283198247 3.2577 0.666842
2.77965581172 3.11229 1.59411
2.78599582346 -15.534 301.599
