0.0088996412247 -2.11937 0.292311
0.0150791221651 -2.0506 0.162505
0.0214479018646 -1.88662 0.0971176
0.0278366077649 -1.75168 0.0815888
0.034350997858 -1.54696 0.0798076
0.0404788676143 -1.32958 0.0752317
0.0467671668358 -1.09999 0.0612474
0.0530822510177 -0.847288 0.060542
0.0594536244094 -0.588858 0.0492979
0.0657622481459 -0.345367 0.0451022
0.071966329067 -0.112906 0.0442178
0.0782786091569 0.104712 0.0358651
0.0847039894583 0.312066 0.0301601
0.0909685462053 0.479651 0.0335463
0.0972078977683 0.617019 0.0332288
0.103476303896 0.75503 0.029432
0.109757644425 0.877671 0.0309
0.116054308478 0.976235 0.0267651
0.122366966654 1.06455 0.0260485
0.128681726309 1.13596 0.0268164
0.134950080166 1.18295 0.0266118
0.141194955884 1.20903 0.02411
0.147513357575 1.22614 0.0214264
0.153786507425 1.23523 0.0185019
0.160065754405 1.24328 0.0230639
0.166399116869 1.24693 0.0215656
0.172719564578 1.25245 0.0176912
0.178976521338 1.25726 0.0198581
0.185235369065 1.26593 0.0210177
0.191480678734 1.26657 0.0186004
0.197788986865 1.26773 0.0180453
0.204093773545 1.2626 0.0177592
0.210393930261 1.26452 0.0180972
0.216690970982 1.25941 0.0180384
0.222970028122 1.25831 0.0160307
0.229262002709 1.26103 0.0202246
0.235514150837 1.25963 0.017029
0.241791058382 1.26251 0.0152769
0.248085653944 1.26294 0.0172149
0.254349225687 1.2661 0.0150672
0.260633425188 1.26914 0.0150617
0.26692573709 1.2683 0.0161563
0.273242334314 1.26913 0.0154784
0.279552968008 1.26984 0.0172261
0.285836629231 1.27032 0.013442
0.292087627139 1.27108 0.0155649
0.298344984444 1.27265 0.0151655
0.304638263941 1.27546 0.0152816
0.3109279127 1.27446 0.0144208
0.317216817162 1.28 0.0146609
0.323518756794 1.28002 0.0125631
0.329816821755 1.28355 0.0148771
0.336117642946 1.28482 0.0159903
0.342370037571 1.28562 0.0147442
0.348647819267 1.28666 0.0137238
0.354941161441 1.28869 0.0147042
0.361191693542 1.28836 0.0140428
0.367476708956 1.29278 0.0138284
0.373764779528 1.29513 0.0133143
0.380065403148 1.29552 0.0135592
0.386353986126 1.29751 0.012698
0.392614018136 1.29999 0.0134656
0.398926450032 1.30165 0.0138924
0.405207324458 1.30344 0.0138817
0.411491647757 1.30201 0.0125291
0.417781427212 1.30673 0.0140914
0.424040064873 1.30732 0.0129752
0.430342569027 1.30978 0.0139513
0.436635856026 1.31259 0.0145515
0.442899618322 1.31407 0.012562
0.449163441853 1.31482 0.0137775
0.455441414625 1.3166 0.0122065
0.46176344703 1.31837 0.0128885
0.468064424202 1.31924 0.0114251
0.474348524276 1.32239 0.0134986
0.480635613682 1.32517 0.0116663
0.486901925839 1.32691 0.0133274
0.49316970996 1.32661 0.0128792
0.499450674714 1.33128 0.01207
0.505715905134 1.33127 0.0124411
0.511992399627 1.3318 0.0139775
0.518312609777 1.33606 0.0109229
0.524608963803 1.33706 0.0116829
0.530875730848 1.34097 0.0124874
0.537157352795 1.34346 0.0117486
0.543457956378 1.34389 0.0133032
0.549743065239 1.34694 0.0121513
0.55599374275 1.34785 0.0127207
0.562285467661 1.35129 0.0129823
0.568601153723 1.35476 0.0129209
0.574880458942 1.35557 0.0126579
0.581155021034 1.35826 0.0132027
0.587439449666 1.3607 0.0133681
0.59371762203 1.36248 0.0121863
0.599997195479 1.36569 0.013508
0.606267911512 1.36763 0.0135876
0.612546957644 1.3701 0.011904
0.618847773304 1.37337 0.0132883
0.625131056744 1.37495 0.0123166
0.631402745038 1.37865 0.0114318
0.637700356273 1.38114 0.012109
0.643985778331 1.38337 0.0120471
0.650268541717 1.38498 0.0116859
0.65655861177 1.38915 0.0116615
0.662836928236 1.39231 0.011867
0.669118544496 1.39417 0.0120964
0.675407019858 1.39737 0.0124646
0.681683551459 1.39932 0.012318
0.687959253386 1.40395 0.0126246
0.694234431704 1.4042 0.0115921
0.700517540243 1.4083 0.0107065
0.706812495661 1.4107 0.011595
0.713101900967 1.41329 0.0119549
0.719391825117 1.41783 0.0118273
0.72568338076 1.4203 0.0121189
0.731965268271 1.42378 0.012159
0.738250799048 1.42692 0.0108192
0.744526584212 1.42914 0.0112956
0.750787110194 1.43333 0.0119747
0.757075846532 1.43502 0.0121343
0.76336412336 1.44 0.0123946
0.769646295986 1.44268 0.0120346
0.775939486518 1.44614 0.0114387
0.782232914199 1.45046 0.0121417
0.788531493652 1.45322 0.0113601
0.794789656698 1.45787 0.0119704
0.801049109659 1.45925 0.0115117
0.807336406173 1.46387 0.0118241
0.813622948837 1.46683 0.0102237
0.819915299896 1.46983 0.0115954
0.826195263639 1.47431 0.0109877
0.832489707008 1.47687 0.0120653
0.838795930921 1.47991 0.0108797
0.84506346397 1.48471 0.0112851
0.851328286756 1.4889 0.00981468
0.85761982639 1.49123 0.0112521
0.863905847706 1.4953 0.0119326
0.870183874549 1.49974 0.0111909
0.876464109608 1.50363 0.0101615
0.88275038734 1.50707 0.0123544
0.889033276839 1.51074 0.0108674
0.895308424711 1.51524 0.0118374
0.901595652167 1.51965 0.0113338
0.907883332809 1.5232 0.0117816
0.914174410632 1.5257 0.0116234
0.920463081772 1.53033 0.0110897
0.926743441526 1.53585 0.0114175
0.933032419735 1.53999 0.0110073
0.939326578557 1.54318 0.0112787
0.94559748104 1.54632 0.0107431
0.951866001855 1.55207 0.0112146
0.958141325553 1.55491 0.0101489
0.964435094511 1.55898 0.0112991
0.970735563357 1.56495 0.0104381
0.977008076845 1.56997 0.0107456
0.983282332536 1.57242 0.0109297
0.989556969197 1.57742 0.0100862
0.995845630192 1.58147 0.00976385
1.00213621074 1.58704 0.0106301
1.00840482534 1.59085 0.0111139
1.01469414984 1.59531 0.0105976
1.02099255544 1.60078 0.0104883
1.02727398044 1.60421 0.0118515
1.0335591819 1.61025 0.0106074
1.03984755739 1.6141 0.0106572
1.04612697494 1.6189 0.0112138
1.05240343681 1.62273 0.0106316
1.05868070465 1.62869 0.0106372
1.06496433307 1.63366 0.0113408
1.07125677744 1.63756 0.0111999
1.0775440488 1.64129 0.0106206
1.08382482019 1.64769 0.0116812
1.09010802394 1.65184 0.0110507
1.09638966596 1.65797 0.0104801
1.10268113206 1.66251 0.0109216
1.10896304759 1.66666 0.01151
1.11522542846 1.67334 0.0108531
1.12150212761 1.67772 0.0125034
1.12779257382 1.68183 0.00976006
1.13408955267 1.6879 0.0108459
1.14036404965 1.69261 0.0113955
1.14663918032 1.69843 0.0108913
1.15294241299 1.70406 0.0103113
1.15922890675 1.70826 0.0114965
1.16550872189 1.71316 0.0102734
1.17179307626 1.71906 0.0102542
1.17808743637 1.7257 0.0105747
1.18436765425 1.72978 0.0100173
1.1906346423 1.73529 0.0105067
1.19691220883 1.74094 0.0101474
1.20320157735 1.74583 0.0107522
1.20948684444 1.75326 0.0104524
1.21576390207 1.75757 0.010844
1.22204975517 1.76309 0.0104356
1.22834061662 1.76922 0.0108227
1.23463298658 1.77399 0.0114183
1.24090224718 1.77969 0.0100898
1.24717483914 1.78653 0.0104704
1.25346545993 1.79205 0.0102892
1.25974995189 1.79724 0.00982326
1.26603214313 1.80294 0.00964531
1.27231628847 1.80879 0.00951123
1.27860415506 1.81408 0.0111733
1.28488658893 1.82053 0.0108794
1.29117542007 1.82569 0.00994616
1.29746572637 1.8321 0.0100715
1.30374182701 1.8385 0.0100799
1.31001732292 1.84403 0.0111312
1.31630144766 1.84985 0.0103469
1.32258676036 1.85601 0.010192
1.32886549245 1.86242 0.0100277
1.33514480495 1.86786 0.00997352
1.34144051627 1.87388 0.0101657
1.34773086842 1.88073 0.0108876
1.35400158999 1.88681 0.0107713
1.3602826093 1.89334 0.0104144
1.36656568646 1.89925 0.011402
1.37285149848 1.9048 0.0101405
1.37913537293 1.91027 0.0108532
1.38540956715 1.91754 0.0090667
1.39169864122 1.92276 0.0109402
1.39798445144 1.92968 0.0102986
1.40426788341 1.93554 0.0106578
1.41055477948 1.94215 0.00992194
1.41683783355 1.9483 0.0110281
1.42311817719 1.95327 0.0104027
1.42939780116 1.96011 0.0101275
1.43568692182 1.96574 0.0108209
1.44197712177 1.97402 0.0107887
1.44825366785 1.97828 0.0100506
1.45453234897 1.98467 0.0107618
1.46081931915 1.99141 0.0114543
1.4671103644 1.99692 0.0112105
1.47339290895 2.00315 0.0115814
1.47966996524 2.00968 0.0103148
1.4859561446 2.01527 0.0106724
1.49223361076 2.0217 0.0106339
1.49850247038 2.02829 0.00950983
1.50478575205 2.03338 0.0107654
1.51107599189 2.03863 0.00999078
1.51736163499 2.04486 0.010435
1.52364857097 2.0512 0.0104505
1.52993803572 2.05727 0.0103342
1.53623017691 2.06245 0.0112476
1.54251071878 2.06767 0.0108095
1.54878396308 2.07415 0.010476
1.55507306978 2.08028 0.0107875
1.56135732493 2.08537 0.0112113
1.56762912105 2.0916 0.0110957
1.5739136974 2.0957 0.0103489
1.58020354523 2.10214 0.0108359
1.58648539343 2.10704 0.0106397
1.59276001426 2.11162 0.0107556
1.59904643639 2.11688 0.0105736
1.60534213664 2.12206 0.0107147
1.61161976836 2.12756 0.011222
1.61789716835 2.13501 0.010664
1.62418270854 2.14156 0.0105486
1.63046407995 2.14816 0.0110597
1.63674824683 2.15524 0.0104115
1.64303013827 2.16153 0.0110277
1.64930808063 2.16904 0.0104259
1.65559224863 2.17635 0.0109311
1.66187827598 2.182 0.0114249
1.66816823994 2.1895 0.0113049
1.6744495611 2.19463 0.011614
1.68072138563 2.20194 0.0122649
1.68701215424 2.20824 0.0108259
1.6933074808 2.21546 0.0116517
1.69958064303 2.22226 0.0108768
1.70586179344 2.22768 0.0109915
1.71215172419 2.23503 0.0119229
1.71843538617 2.24214 0.0120224
1.72471844694 2.24865 0.0113951
1.73099491844 2.25463 0.0115048
1.73728636032 2.26253 0.0110881
1.74356630258 2.26766 0.0119919
1.74983600778 2.27587 0.0123442
1.75612327869 2.28249 0.0108842
1.76241061606 2.28899 0.0116231
1.76869357896 2.29515 0.0121242
1.77497674839 2.303 0.0116241
1.78126362161 2.3081 0.0118281
1.78754574761 2.31532 0.011785
1.7938272923 2.32212 0.0116026
1.80010772174 2.32821 0.0130231
1.80639091391 2.33613 0.0128167
1.81267451427 2.34294 0.0122535
1.81895363524 2.3484 0.0115277
1.82523850291 2.35589 0.0124091
1.8315236862 2.36294 0.0123255
1.83781040898 2.37002 0.0118197
1.84409642612 2.37602 0.012684
1.8503769215 2.38338 0.012998
1.85666074594 2.39113 0.0123307
1.86294359809 2.39626 0.0120988
1.86922204917 2.40339 0.0128146
1.87550781357 2.40981 0.0127882
1.88179499507 2.41723 0.012183
1.88807781314 2.42344 0.0120673
1.89435244502 2.4302 0.0117371
1.90063796885 2.43822 0.0130495
1.90692833723 2.44472 0.0120109
1.91320221586 2.45111 0.013921
1.91948223445 2.45713 0.0141689
1.92577010575 2.46591 0.0120193
1.93206491035 2.47171 0.0133747
1.93834071151 2.47808 0.0137256
1.94460828613 2.48389 0.0132917
1.9508968614 2.49208 0.0129126
1.95718811973 2.49855 0.0136554
1.96347509207 2.50398 0.0122694
1.9697553281 2.51083 0.0134848
1.9760413775 2.51958 0.0128381
1.98233260336 2.52502 0.0147777
1.98861171931 2.53226 0.0132596
1.99488792869 2.53713 0.0127421
2.00117304134 2.54474 0.0147269
2.00745262249 2.55135 0.0122367
2.01372721862 2.55917 0.0142789
2.02001108039 2.56598 0.0137092
2.02630405283 2.57215 0.0145084
2.03258735828 2.57849 0.0140468
2.03886100377 2.58386 0.01493
2.04514489951 2.59101 0.0149525
2.05143683626 2.598 0.0140894
2.05772382203 2.60485 0.0145734
2.0640044634 2.611 0.0151816
2.07029278421 2.61543 0.0138861
2.07658471853 2.62447 0.0151431
2.08285424307 2.63119 0.0147635
2.08912259138 2.63647 0.0154377
2.09541730178 2.64234 0.0150814
2.10170304464 2.64835 0.016305
2.10797273337 2.65361 0.0150016
2.11425579676 2.66085 0.0170459
2.12053788985 2.66761 0.0152675
2.12682075079 2.67172 0.0162961
2.13310670204 2.67768 0.0178482
2.13940011923 2.68281 0.0170339
2.14568939859 2.69131 0.0159162
2.15195789682 2.69657 0.015882
2.15824033347 2.7023 0.0174748
2.16453048092 2.70651 0.0159506
2.17081716829 2.71526 0.0162768
2.17709912993 2.7189 0.0167332
2.18337674027 2.72507 0.01768
2.18965452646 2.72994 0.01583
2.19593814184 2.73697 0.0182454
2.20221722867 2.73876 0.0176346
2.20849850085 2.74629 0.0176597
2.21479372465 2.75316 0.0155369
2.22107581834 2.75875 0.0168683
2.22733812199 2.76757 0.0172146
2.23362792264 2.77006 0.017939
2.2399287897 2.78043 0.0206834
2.24620084223 2.78464 0.0186872
2.2524810722 2.79253 0.0200618
2.25875993301 2.80006 0.0176452
2.26503776668 2.80579 0.0180423
2.27130391144 2.8118 0.0207849
2.27758972822 2.8189 0.0196179
2.28389830542 2.82766 0.0199339
2.29017001225 2.83984 0.021679
2.29645357402 2.84326 0.023054
2.30275372852 2.85048 0.0219465
2.30903325986 2.85786 0.0211707
2.31530674049 2.86396 0.0203812
2.32158490306 2.86971 0.0217173
2.3278758488 2.87569 0.0208445
2.33415543799 2.88546 0.0221918
2.34041936871 2.8918 0.0233233
2.34670710068 2.89543 0.021458
2.3530032916 2.90644 0.0246501
2.35928989445 2.90909 0.0220242
2.36555387699 2.92079 0.0237688
2.37182578571 2.92195 0.0234781
2.3781409032 2.92859 0.0253826
2.38442809259 2.93725 0.0248908
2.39069258243 2.94261 0.024764
2.39698813839 2.9499 0.0274431
2.40330354843 2.95688 0.0268226
2.40957307365 2.96204 0.024441
2.41583080138 2.97028 0.0281227
2.42214385676 2.97527 0.0293435
2.42843005755 2.98204 0.0295819
2.43467776878 2.99038 0.0272897
2.44097021258 2.99181 0.0257293
2.44729898127 3.00297 0.0287672
2.45356911846 3.00592 0.0275634
2.45980003814 3.01012 0.0307975
2.4661092349 3.01929 0.0292293
2.47241430729 3.02526 0.0312748
2.47866355169 3.03035 0.0285519
2.48493431628 3.03643 0.0297949
2.49124283111 3.04317 0.0342384
2.49755537626 3.0523 0.0301572
2.50380379021 3.05799 0.0338416
2.51005045336 3.06222 0.0384198
2.51638815336 3.06508 0.0343801
2.52269694929 3.0726 0.0356956
2.52891211798 3.07549 0.0372907
2.53519495098 3.08039 0.0372089
2.54155301509 3.0836 0.0392429
2.54783359884 3.08639 0.0428741
2.55402772623 3.10013 0.0391181
2.56033571996 3.10127 0.041287
2.56672381747 3.10312 0.0493213
2.57294751341 3.11336 0.0387916
2.57911252531 3.11623 0.0396383
2.58547549612 3.11733 0.0410576
2.59185019505 3.12709 0.0503365
2.59805932148 3.12425 0.050881
2.60429715989 3.13269 0.0435207
2.61067449751 3.15087 0.059922
2.61693283418 3.15045 0.05345
2.62300854502 3.13802 0.0591323
2.62939753095 3.14847 0.0598227
2.63591057571 3.15299 0.0613597
2.64202978624 3.15608 0.0647524
2.64803951219 3.16669 0.0660542
2.65454096229 3.16166 0.0635116
2.66118028258 3.16085 0.0805007
2.66719514746 3.16094 0.0770696
2.67309090101 3.17374 0.083328
2.67973176445 3.17733 0.0762023
2.68646693102 3.18439 0.0871463
2.69219835647 3.16636 0.108524
2.69796467721 3.15964 0.0982036
2.70489193937 3.19077 0.104903
2.71182026315 3.16373 0.115714
2.71709790339 3.20297 0.170255
2.7227864466 3.19613 0.132344
2.72994784687 3.1822 0.172027
2.73706528781 3.22452 0.164073
2.74248820391 3.22746 0.277718
2.74787331837 3.22534 0.222206
2.75504313834 3.22708 0.282496
2.76219934437 3.22661 0.363617
2.76789278819 3.09094 0.586917
2.77283198247 3.25173 0.57866
2.77965581172 3.03169 1.25465
2.78599582346 60.0418 620.052
