0.0088996412247 1.12777 0.0908331
0.0150791221651 1.11909 0.0639505
0.0214479018646 1.11822 0.0383032
0.0278366077649 1.12658 0.0387294
0.034350997858 1.13162 0.024958
0.0404788676143 1.12673 0.0252669
0.0467671668358 1.1259 0.0252403
0.0530822510177 1.13139 0.0210922
0.0594536244094 1.13163 0.0203356
0.0657622481459 1.13183 0.0178573
0.071966329067 1.13248 0.018353
0.0782786091569 1.13073 0.0176103
0.0847039894583 1.12743 0.0180602
0.0909685462053 1.12678 0.0180077
0.0972078977683 1.12376 0.0149677
0.103476303896 1.11925 0.01546
0.109757644425 1.12075 0.0167172
0.116054308478 1.11683 0.0160935
0.122366966654 1.11754 0.01479
0.128681726309 1.11992 0.0167476
0.134950080166 1.11851 0.0155611
0.141194955884 1.11237 0.0147251
0.147513357575 1.10901 0.014578
0.153786507425 1.10414 0.0143361
0.160065754405 1.10389 0.014546
0.166399116869 1.09806 0.0127822
0.172719564578 1.0975 0.0140297
0.178976521338 1.09329 0.0142931
0.185235369065 1.0945 0.0143491
0.191480678734 1.09412 0.0135066
0.197788986865 1.09151 0.0138261
0.204093773545 1.08911 0.0126728
0.210393930261 1.08621 0.0132991
0.216690970982 1.08438 0.0128416
0.222970028122 1.0828 0.0136787
0.229262002709 1.07851 0.0140865
0.235514150837 1.07652 0.0150691
0.241791058382 1.07586 0.0133612
0.248085653944 1.07862 0.0132257
0.254349225687 1.07508 0.0104852
0.260633425188 1.07418 0.0114559
0.26692573709 1.07248 0.0136374
0.273242334314 1.07118 0.0109628
0.279552968008 1.07216 0.0131693
0.285836629231 1.07102 0.0121227
0.292087627139 1.06994 0.0108353
0.298344984444 1.0702 0.0127062
0.304638263941 1.06878 0.0111352
0.3109279127 1.06624 0.0104018
0.317216817162 1.06905 0.012595
0.323518756794 1.06701 0.0125036
0.329816821755 1.06957 0.0118219
0.336117642946 1.07113 0.0119599
0.342370037571 1.07131 0.0119163
0.348647819267 1.07138 0.0103991
0.354941161441 1.07127 0.0120184
0.361191693542 1.07091 0.0118796
0.367476708956 1.07343 0.0107459
0.373764779528 1.07329 0.0107425
0.380065403148 1.07553 0.0111085
0.386353986126 1.07639 0.0118343
0.392614018136 1.0792 0.0116386
0.398926450032 1.07925 0.0113056
0.405207324458 1.08079 0.0109397
0.411491647757 1.08195 0.0103436
0.417781427212 1.08396 0.0117944
0.424040064873 1.08668 0.0111079
0.430342569027 1.08919 0.010562
0.436635856026 1.09114 0.0114485
0.442899618322 1.09208 0.01072
0.449163441853 1.09407 0.0107052
0.455441414625 1.09685 0.0119401
0.46176344703 1.09895 0.0107383
0.468064424202 1.10137 0.0118026
0.474348524276 1.1051 0.0116595
0.480635613682 1.108 0.00985581
0.486901925839 1.11004 0.010868
0.49316970996 1.11298 0.011166
0.499450674714 1.11762 0.0115801
0.505715905134 1.11927 0.0103352
0.511992399627 1.12208 0.0112168
0.518312609777 1.12596 0.00927155
0.524608963803 1.12767 0.0104969
0.530875730848 1.13274 0.0110968
0.537157352795 1.13573 0.0119303
0.543457956378 1.13819 0.0110427
0.549743065239 1.14272 0.0110708
0.55599374275 1.14511 0.010647
0.562285467661 1.15102 0.010121
0.568601153723 1.15574 0.0110012
0.574880458942 1.15868 0.0106128
0.581155021034 1.16212 0.0103854
0.587439449666 1.1663 0.0115871
0.59371762203 1.16983 0.0103055
0.599997195479 1.17502 0.0122493
0.606267911512 1.17862 0.0102134
0.612546957644 1.18255 0.0101217
0.618847773304 1.18678 0.0109972
0.625131056744 1.19264 0.010913
0.631402745038 1.19519 0.0100894
0.637700356273 1.20024 0.0116946
0.643985778331 1.2048 0.0105297
0.650268541717 1.2096 0.0105352
0.65655861177 1.21368 0.010383
0.662836928236 1.21816 0.0109981
0.669118544496 1.22374 0.010179
0.675407019858 1.2275 0.0116193
0.681683551459 1.23356 0.011218
0.687959253386 1.23806 0.0118151
0.694234431704 1.24296 0.0104026
0.700517540243 1.24828 0.0102819
0.706812495661 1.2532 0.0108946
0.713101900967 1.25886 0.0103606
0.719391825117 1.26429 0.0101249
0.72568338076 1.26804 0.0116414
0.731965268271 1.27413 0.0109219
0.738250799048 1.27795 0.0102574
0.744526584212 1.28276 0.00916028
0.750787110194 1.28959 0.0106154
0.757075846532 1.2941 0.0114462
0.76336412336 1.30112 0.0102798
0.769646295986 1.30583 0.0104331
0.775939486518 1.31024 0.00990952
0.782232914199 1.31739 0.010821
0.788531493652 1.32192 0.0110144
0.794789656698 1.32709 0.0106033
0.801049109659 1.33196 0.0108023
0.807336406173 1.33786 0.01166
0.813622948837 1.34406 0.00952663
0.819915299896 1.34839 0.0115486
0.826195263639 1.35509 0.0112973
0.832489707008 1.36023 0.0116318
0.838795930921 1.36518 0.0102279
0.84506346397 1.37121 0.0106619
0.851328286756 1.37625 0.00960646
0.85761982639 1.38105 0.00983814
0.863905847706 1.38745 0.0104929
0.870183874549 1.3923 0.0107108
0.876464109608 1.39932 0.0109419
0.88275038734 1.40584 0.0105955
0.889033276839 1.40941 0.0109035
0.895308424711 1.41526 0.0110513
0.901595652167 1.42148 0.010457
0.907883332809 1.42727 0.0111554
0.914174410632 1.43197 0.009998
0.920463081772 1.43753 0.00992905
0.926743441526 1.44576 0.0101237
0.933032419735 1.45098 0.0112984
0.939326578557 1.45569 0.0105686
0.94559748104 1.46144 0.00923093
0.951866001855 1.46717 0.0113095
0.958141325553 1.47192 0.0102544
0.964435094511 1.47848 0.0109558
0.970735563357 1.4853 0.0102974
0.977008076845 1.49147 0.0107657
0.983282332536 1.49565 0.00957924
0.989556969197 1.50189 0.0101952
0.995845630192 1.50829 0.00963879
1.00213621074 1.51278 0.00928936
1.00840482534 1.52001 0.0104012
1.01469414984 1.52461 0.010241
1.02099255544 1.53096 0.0105062
1.02727398044 1.53664 0.0112572
1.0335591819 1.54378 0.0102243
1.03984755739 1.54924 0.0115734
1.04612697494 1.5547 0.0106796
1.05240343681 1.55879 0.00951046
1.05868070465 1.56542 0.0100649
1.06496433307 1.57235 0.010846
1.07125677744 1.57708 0.0105285
1.0775440488 1.58165 0.00948789
1.08382482019 1.58889 0.0113939
1.09010802394 1.59513 0.0108029
1.09638966596 1.60022 0.00932172
1.10268113206 1.60608 0.0103257
1.10896304759 1.61127 0.0107046
1.11522542846 1.61756 0.0100781
1.12150212761 1.62423 0.0114744
1.12779257382 1.62854 0.00997468
1.13408955267 1.63551 0.0102713
1.14036404965 1.6403 0.0114235
1.14663918032 1.64633 0.0104682
1.15294241299 1.65191 0.0110964
1.15922890675 1.65761 0.0106889
1.16550872189 1.66289 0.0114957
1.17179307626 1.66854 0.010815
1.17808743637 1.6751 0.0112265
1.18436765425 1.68028 0.0107629
1.1906346423 1.68591 0.0106385
1.19691220883 1.69183 0.0101249
1.20320157735 1.69717 0.0112438
1.20948684444 1.7037 0.0105787
1.21576390207 1.71016 0.0113215
1.22204975517 1.71422 0.010725
1.22834061662 1.72109 0.010414
1.23463298658 1.72644 0.0106697
1.24090224718 1.73218 0.0102762
1.24717483914 1.7371 0.0100058
1.25346545993 1.74399 0.0102184
1.25974995189 1.74838 0.0102221
1.26603214313 1.7538 0.0102753
1.27231628847 1.75908 0.010325
1.27860415506 1.76525 0.0105156
1.28488658893 1.77099 0.0104296
1.29117542007 1.77694 0.0100372
1.29746572637 1.7819 0.00964961
1.30374182701 1.78799 0.0101811
1.31001732292 1.79373 0.0105886
1.31630144766 1.79898 0.0102346
1.32258676036 1.80429 0.0103827
1.32886549245 1.81026 0.00921682
1.33514480495 1.81666 0.0102569
1.34144051627 1.82071 0.0103414
1.34773086842 1.82753 0.0104729
1.35400158999 1.83205 0.0102928
1.3602826093 1.83901 0.0108548
1.36656568646 1.84392 0.0104872
1.37285149848 1.84897 0.0101437
1.37913537293 1.85444 0.0112268
1.38540956715 1.86067 0.0102252
1.39169864122 1.86518 0.0110026
1.39798445144 1.8714 0.00970394
1.40426788341 1.87549 0.0100018
1.41055477948 1.88199 0.00991716
1.41683783355 1.88675 0.0105385
1.42311817719 1.89268 0.0110819
1.42939780116 1.89769 0.0100438
1.43568692182 1.90271 0.0113255
1.44197712177 1.90908 0.0108734
1.44825366785 1.91338 0.0106613
1.45453234897 1.91824 0.00978307
1.46081931915 1.92426 0.0104949
1.4671103644 1.92877 0.0108314
1.47339290895 1.93343 0.0108338
1.47966996524 1.93923 0.0103238
1.4859561446 1.94438 0.0104143
1.49223361076 1.94891 0.0106834
1.49850247038 1.95514 0.0112439
1.50478575205 1.95886 0.010889
1.51107599189 1.96389 0.00999258
1.51736163499 1.96804 0.0102848
1.52364857097 1.97388 0.0108595
1.52993803572 1.97875 0.0112067
1.53623017691 1.9822 0.0113176
1.54251071878 1.98727 0.0113918
1.54878396308 1.9922 0.0100376
1.55507306978 1.9966 0.0117651
1.56135732493 2.00164 0.0109211
1.56762912105 2.00543 0.0110592
1.5739136974 2.00976 0.0109435
1.58020354523 2.01424 0.0109923
1.58648539343 2.01806 0.0107174
1.59276001426 2.02243 0.0104805
1.59904643639 2.02566 0.010721
1.60534213664 2.02959 0.0106792
1.61161976836 2.03883 0.0126193
1.61789716835 2.03975 0.0110247
1.62418270854 2.0449 0.0105695
1.63046407995 2.05061 0.0108932
1.63674824683 2.0554 0.010761
1.64303013827 2.06109 0.011522
1.64930808063 2.0665 0.0104669
1.65559224863 2.07169 0.0120719
1.66187827598 2.07715 0.0113286
1.66816823994 2.08198 0.0103676
1.6744495611 2.08669 0.0106889
1.68072138563 2.09153 0.0123737
1.68701215424 2.09662 0.0118732
1.6933074808 2.10197 0.0117563
1.69958064303 2.10722 0.0107164
1.70586179344 2.11228 0.0117635
1.71215172419 2.11712 0.0116864
1.71843538617 2.12262 0.0114661
1.72471844694 2.12653 0.010917
1.73099491844 2.13161 0.0112225
1.73728636032 2.1371 0.011755
1.74356630258 2.14161 0.0107328
1.74983600778 2.14689 0.0108463
1.75612327869 2.15144 0.0111773
1.76241061606 2.1567 0.0120721
1.76869357896 2.1605 0.0118574
1.77497674839 2.16757 0.0113368
1.78126362161 2.17165 0.0114999
1.78754574761 2.17491 0.0108605
1.7938272923 2.18085 0.0116165
1.80010772174 2.18514 0.0121202
1.80639091391 2.1899 0.0129311
1.81267451427 2.19546 0.0124526
1.81895363524 2.20007 0.0115616
1.82523850291 2.20479 0.0124745
1.8315236862 2.21023 0.0118923
1.83781040898 2.21497 0.0114952
1.84409642612 2.21993 0.0128427
1.8503769215 2.2242 0.0132824
1.85666074594 2.23035 0.0120838
1.86294359809 2.2326 0.012054
1.86922204917 2.23694 0.0120924
1.87550781357 2.24309 0.0129126
1.88179499507 2.24799 0.0124553
1.88807781314 2.25265 0.0113505
1.89435244502 2.25606 0.0114153
1.90063796885 2.26168 0.0121829
1.90692833723 2.26594 0.0125714
1.91320221586 2.27061 0.0134543
1.91948223445 2.27469 0.0138958
1.92577010575 2.28035 0.0119905
1.93206491035 2.28472 0.0143042
1.93834071151 2.28753 0.0127407
1.94460828613 2.29134 0.0134551
1.9508968614 2.29731 0.0130726
1.95718811973 2.30213 0.012705
1.96347509207 2.30602 0.0122175
1.9697553281 2.30998 0.01374
1.9760413775 2.31698 0.0139592
1.98233260336 2.3199 0.0138483
1.98861171931 2.32481 0.0125184
1.99488792869 2.32893 0.0136339
2.00117304134 2.33226 0.0145667
2.00745262249 2.33689 0.0142894
2.01372721862 2.342 0.014335
2.02001108039 2.34538 0.0132321
2.02630405283 2.35053 0.0138504
2.03258735828 2.35444 0.0148578
2.03886100377 2.3576 0.0150226
2.04514489951 2.36266 0.0154247
2.05143683626 2.3667 0.0144091
2.05772382203 2.37146 0.0138635
2.0640044634 2.37423 0.0147573
2.07029278421 2.37782 0.0140359
2.07658471853 2.38295 0.0144076
2.08285424307 2.38751 0.0140899
2.08912259138 2.39007 0.0139931
2.09541730178 2.39504 0.0157146
2.10170304464 2.39811 0.0158986
2.10797273337 2.40192 0.0134853
2.11425579676 2.40592 0.0152282
2.12053788985 2.40997 0.0164979
2.12682075079 2.41222 0.0159713
2.13310670204 2.41605 0.0167037
2.13940011923 2.42021 0.0169909
2.14568939859 2.42455 0.0145475
2.15195789682 2.42852 0.0171738
2.15824033347 2.43046 0.0159938
2.16453048092 2.43332 0.0158306
2.17081716829 2.43836 0.0159145
2.17709912993 2.44299 0.0149391
2.18337674027 2.44642 0.015615
2.18965452646 2.44832 0.015134
2.19593814184 2.45276 0.0165525
2.20221722867 2.45343 0.0175734
2.20849850085 2.46027 0.015502
2.21479372465 2.46249 0.0168151
2.22107581834 2.46723 0.0174876
2.22733812199 2.46923 0.0167872
2.23362792264 2.47258 0.0165039
2.2399287897 2.47979 0.0179578
2.24620084223 2.48004 0.0176346
2.2524810722 2.48425 0.0198022
2.25875993301 2.48883 0.0182346
2.26503776668 2.49412 0.0181688
2.27130391144 2.49558 0.0189768
2.27758972822 2.50302 0.0174101
2.28389830542 2.50496 0.0223042
2.29017001225 2.51207 0.0209138
2.29645357402 2.51426 0.0199643
2.30275372852 2.51855 0.0201559
2.30903325986 2.52352 0.0209903
2.31530674049 2.52781 0.0212602
2.32158490306 2.52956 0.021512
2.3278758488 2.53286 0.0209503
2.33415543799 2.5381 0.0199111
2.34041936871 2.54035 0.019793
2.34670710068 2.54165 0.0205318
2.3530032916 2.54926 0.0217895
2.35928989445 2.55136 0.0210318
2.36555387699 2.5554 0.0273425
2.37182578571 2.55493 0.024357
2.3781409032 2.55908 0.0222668
2.38442809259 2.56456 0.0222443
2.39069258243 2.56492 0.0229058
2.39698813839 2.56848 0.0248656
2.40330354843 2.57397 0.0265683
2.40957307365 2.57629 0.0241363
2.41583080138 2.57859 0.0280702
2.42214385676 2.58177 0.0268266
2.42843005755 2.58504 0.0260312
2.43467776878 2.58734 0.0275565
2.44097021258 2.59292 0.0278579
2.44729898127 2.59336 0.0307969
2.45356911846 2.59674 0.0290297
2.45980003814 2.5967 0.0302906
2.4661092349 2.60442 0.0309432
2.47241430729 2.6006 0.0295923
2.47866355169 2.61075 0.0311575
2.48493431628 2.60722 0.0297885
2.49124283111 2.60956 0.0324645
2.49755537626 2.61432 0.0310917
2.50380379021 2.61829 0.0334701
2.51005045336 2.61943 0.0377231
2.51638815336 2.61659 0.0336861
2.52269694929 2.62285 0.0307564
2.52891211798 2.62295 0.033173
2.53519495098 2.62568 0.036748
2.54155301509 2.62682 0.0378555
2.54783359884 2.62699 0.0388898
2.55402772623 2.63857 0.0399072
2.56033571996 2.63717 0.0425388
2.56672381747 2.63617 0.043369
2.57294751341 2.63841 0.0423847
2.57911252531 2.6439 0.044374
2.58547549612 2.64609 0.0462312
2.59185019505 2.64716 0.048168
2.59805932148 2.64252 0.0474445
2.60429715989 2.65674 0.0407785
2.61067449751 2.65584 0.0519769
2.61693283418 2.64772 0.0543556
2.62300854502 2.65562 0.0495098
2.62939753095 2.64651 0.05939
2.63591057571 2.65166 0.0599712
2.64202978624 2.65692 0.0669791
2.64803951219 2.65907 0.068059
2.65454096229 2.6582 0.066232
2.66118028258 2.65113 0.0691991
2.66719514746 2.66063 0.0617505
2.67309090101 2.6661 0.0683024
2.67973176445 2.66261 0.072452
2.68646693102 2.67791 0.0785836
2.69219835647 2.65707 0.0918141
2.69796467721 2.65998 0.0940265
2.70489193937 2.66769 0.10483
2.71182026315 2.66552 0.113379
2.71709790339 2.67989 0.150297
2.7227864466 2.68104 0.118146
2.72994784687 2.6558 0.124201
2.73706528781 2.67698 0.167131
2.74248820391 2.67048 0.248135
2.74787331837 2.66978 0.209945
2.75504313834 2.70647 0.245134
2.76219934437 2.67557 0.332628
2.76789278819 2.65405 0.465727
2.77283198247 2.69772 0.5554
2.77965581172 2.56857 1.47294
2.78599582346 -194.853 7707.33
