0.0088996412247 -0.273791 0.167501
0.0150791221651 -0.26485 0.10359
0.0214479018646 -0.242388 0.0560484
0.0278366077649 -0.234196 0.0542422
0.034350997858 -0.203825 0.0468285
0.0404788676143 -0.179076 0.0472287
0.0467671668358 -0.148083 0.0412389
0.0530822510177 -0.103465 0.0393571
0.0594536244094 -0.0638412 0.0312266
0.0657622481459 -0.0247754 0.0312072
0.071966329067 0.0218476 0.0287735
0.0782786091569 0.0658814 0.0259482
0.0847039894583 0.114143 0.0236601
0.0909685462053 0.154816 0.0288048
0.0972078977683 0.192202 0.0253802
0.103476303896 0.243438 0.0239203
0.109757644425 0.297157 0.0247886
0.116054308478 0.351292 0.0216687
0.122366966654 0.407615 0.0198759
0.128681726309 0.464174 0.0231554
0.134950080166 0.51945 0.0220196
0.141194955884 0.560128 0.0204813
0.147513357575 0.601307 0.0171011
0.153786507425 0.639418 0.016139
0.160065754405 0.683533 0.0195874
0.166399116869 0.722269 0.0187853
0.172719564578 0.764883 0.0149393
0.178976521338 0.803019 0.0161498
0.185235369065 0.848077 0.0158335
0.191480678734 0.883197 0.0164109
0.197788986865 0.918365 0.0167834
0.204093773545 0.945674 0.0167047
0.210393930261 0.974035 0.0159028
0.216690970982 0.995452 0.0139514
0.222970028122 1.01739 0.0146702
0.229262002709 1.03953 0.0166813
0.235514150837 1.05869 0.0175573
0.241791058382 1.0767 0.0141111
0.248085653944 1.09618 0.0156059
0.254349225687 1.11048 0.0141525
0.260633425188 1.1248 0.013666
0.26692573709 1.13564 0.0131562
0.273242334314 1.14774 0.0123322
0.279552968008 1.15545 0.0136718
0.285836629231 1.16271 0.0133337
0.292087627139 1.16851 0.0128003
0.298344984444 1.17569 0.0140375
0.304638263941 1.18251 0.0141811
0.3109279127 1.18595 0.0132672
0.317216817162 1.19368 0.0130161
0.323518756794 1.19629 0.013109
0.329816821755 1.20063 0.014273
0.336117642946 1.20431 0.0145552
0.342370037571 1.20573 0.0145199
0.348647819267 1.20974 0.0120128
0.354941161441 1.21103 0.0138033
0.361191693542 1.21262 0.01303
0.367476708956 1.21672 0.0127204
0.373764779528 1.22012 0.0137027
0.380065403148 1.22178 0.011548
0.386353986126 1.22395 0.0127898
0.392614018136 1.2288 0.012531
0.398926450032 1.22916 0.0116883
0.405207324458 1.23126 0.0134657
0.411491647757 1.23215 0.0124493
0.417781427212 1.23707 0.0132459
0.424040064873 1.23951 0.0135379
0.430342569027 1.23943 0.0139983
0.436635856026 1.24609 0.0126047
0.442899618322 1.24703 0.0108012
0.449163441853 1.24909 0.0128294
0.455441414625 1.25211 0.0122513
0.46176344703 1.25455 0.0118638
0.468064424202 1.25638 0.0116381
0.474348524276 1.25957 0.0119238
0.480635613682 1.2642 0.011502
0.486901925839 1.26672 0.0122516
0.49316970996 1.26953 0.0113501
0.499450674714 1.27409 0.0122866
0.505715905134 1.27561 0.0109402
0.511992399627 1.27749 0.0132683
0.518312609777 1.28096 0.0112688
0.524608963803 1.28286 0.0121413
0.530875730848 1.28714 0.0121524
0.537157352795 1.29153 0.0127451
0.543457956378 1.29291 0.0117192
0.549743065239 1.29607 0.0110542
0.55599374275 1.29834 0.0119562
0.562285467661 1.30351 0.0122187
0.568601153723 1.3088 0.0123504
0.574880458942 1.30997 0.0121735
0.581155021034 1.31225 0.0126164
0.587439449666 1.31654 0.0125251
0.59371762203 1.3193 0.0110911
0.599997195479 1.3235 0.0126524
0.606267911512 1.32588 0.0117777
0.612546957644 1.32893 0.0111675
0.618847773304 1.33384 0.0130408
0.625131056744 1.33638 0.011925
0.631402745038 1.34035 0.0100183
0.637700356273 1.34296 0.0117449
0.643985778331 1.34739 0.0110914
0.650268541717 1.34946 0.0109676
0.65655861177 1.35433 0.0116468
0.662836928236 1.35774 0.0116715
0.669118544496 1.36021 0.0122047
0.675407019858 1.36487 0.0130001
0.681683551459 1.36712 0.0122992
0.687959253386 1.37187 0.0121245
0.694234431704 1.37425 0.011412
0.700517540243 1.37809 0.0105783
0.706812495661 1.3805 0.0111296
0.713101900967 1.38597 0.0120984
0.719391825117 1.39049 0.0112548
0.72568338076 1.39255 0.0119954
0.731965268271 1.39661 0.0118698
0.738250799048 1.40055 0.0106657
0.744526584212 1.40395 0.011173
0.750787110194 1.40841 0.0110916
0.757075846532 1.41107 0.0117316
0.76336412336 1.41618 0.0120348
0.769646295986 1.42072 0.0117702
0.775939486518 1.42342 0.011081
0.782232914199 1.42778 0.0120162
0.788531493652 1.43202 0.0110165
0.794789656698 1.43651 0.0117078
0.801049109659 1.43895 0.0114344
0.807336406173 1.44411 0.0119778
0.813622948837 1.4469 0.010293
0.819915299896 1.45176 0.0119326
0.826195263639 1.45641 0.0106665
0.832489707008 1.45984 0.0125387
0.838795930921 1.46339 0.0111894
0.84506346397 1.46792 0.010625
0.851328286756 1.47172 0.0100441
0.85761982639 1.4753 0.0112178
0.863905847706 1.48083 0.0111824
0.870183874549 1.48415 0.0110252
0.876464109608 1.48902 0.00956988
0.88275038734 1.49274 0.010906
0.889033276839 1.49729 0.0107254
0.895308424711 1.50137 0.0108714
0.901595652167 1.50691 0.0111475
0.907883332809 1.51035 0.0113011
0.914174410632 1.51342 0.0107686
0.920463081772 1.51907 0.0112225
0.926743441526 1.52364 0.0117149
0.933032419735 1.52877 0.0112186
0.939326578557 1.5332 0.0111261
0.94559748104 1.5361 0.0108041
0.951866001855 1.54179 0.0110205
0.958141325553 1.54467 0.0106321
0.964435094511 1.54977 0.0110891
0.970735563357 1.55633 0.0101359
0.977008076845 1.56171 0.0105461
0.983282332536 1.56387 0.0107812
0.989556969197 1.57016 0.0107523
0.995845630192 1.57486 0.0097537
1.00213621074 1.57931 0.0105636
1.00840482534 1.58469 0.010929
1.01469414984 1.58875 0.0103845
1.02099255544 1.59475 0.0107925
1.02727398044 1.59818 0.0110796
1.0335591819 1.60462 0.0110592
1.03984755739 1.6092 0.0117365
1.04612697494 1.61405 0.0113205
1.05240343681 1.61753 0.0102955
1.05868070465 1.62305 0.0106795
1.06496433307 1.63 0.0113238
1.07125677744 1.63352 0.0110094
1.0775440488 1.6376 0.0107504
1.08382482019 1.64447 0.0123765
1.09010802394 1.64884 0.0102295
1.09638966596 1.65518 0.00938801
1.10268113206 1.65936 0.0106508
1.10896304759 1.66483 0.0104744
1.11522542846 1.67066 0.0110085
1.12150212761 1.67577 0.0125429
1.12779257382 1.68047 0.00953687
1.13408955267 1.68647 0.0110293
1.14036404965 1.69217 0.0114159
1.14663918032 1.69706 0.0101696
1.15294241299 1.70262 0.0100176
1.15922890675 1.70781 0.0107616
1.16550872189 1.71294 0.0108711
1.17179307626 1.71837 0.0104578
1.17808743637 1.72548 0.0108853
1.18436765425 1.73007 0.0105885
1.1906346423 1.73483 0.010815
1.19691220883 1.74155 0.0108105
1.20320157735 1.74584 0.0110855
1.20948684444 1.75348 0.0101673
1.21576390207 1.75919 0.0106847
1.22204975517 1.76422 0.0103152
1.22834061662 1.77046 0.0111655
1.23463298658 1.7759 0.0100504
1.24090224718 1.78217 0.0100697
1.24717483914 1.78763 0.00989267
1.25346545993 1.79455 0.0104095
1.25974995189 1.79923 0.00952182
1.26603214313 1.80521 0.0102557
1.27231628847 1.8112 0.00985069
1.27860415506 1.81718 0.0103411
1.28488658893 1.8232 0.0108557
1.29117542007 1.82896 0.00942221
1.29746572637 1.83534 0.0104817
1.30374182701 1.84112 0.0104197
1.31001732292 1.84839 0.0113319
1.31630144766 1.85377 0.0105058
1.32258676036 1.85967 0.0101332
1.32886549245 1.86599 0.0099796
1.33514480495 1.87184 0.0100914
1.34144051627 1.87799 0.0107158
1.34773086842 1.88505 0.0109883
1.35400158999 1.89097 0.0105808
1.3602826093 1.8978 0.0111466
1.36656568646 1.90351 0.011197
1.37285149848 1.90885 0.0106905
1.37913537293 1.91614 0.0113382
1.38540956715 1.92253 0.00960929
1.39169864122 1.9274 0.0106005
1.39798445144 1.93497 0.00992975
1.40426788341 1.94048 0.0101496
1.41055477948 1.94768 0.0101401
1.41683783355 1.95411 0.0111052
1.42311817719 1.95949 0.0109452
1.42939780116 1.96546 0.00994816
1.43568692182 1.97094 0.0112507
1.44197712177 1.97962 0.0106171
1.44825366785 1.98435 0.0101933
1.45453234897 1.99078 0.0108111
1.46081931915 1.9976 0.0109509
1.4671103644 2.00348 0.0115929
1.47339290895 2.00948 0.0112474
1.47966996524 2.01547 0.0105953
1.4859561446 2.02208 0.011382
1.49223361076 2.02767 0.00969134
1.49850247038 2.0347 0.0104222
1.50478575205 2.0396 0.0105096
1.51107599189 2.04546 0.0104254
1.51736163499 2.05108 0.0105546
1.52364857097 2.05788 0.0099665
1.52993803572 2.06388 0.0106667
1.53623017691 2.069 0.0107882
1.54251071878 2.07487 0.0111678
1.54878396308 2.081 0.0105508
1.55507306978 2.08684 0.0110162
1.56135732493 2.09126 0.0116235
1.56762912105 2.09815 0.0111272
1.5739136974 2.10331 0.0104693
1.58020354523 2.10913 0.010884
1.58648539343 2.11372 0.0111761
1.59276001426 2.11896 0.0110043
1.59904643639 2.12399 0.0102008
1.60534213664 2.12938 0.0104703
1.61161976836 2.13443 0.0110722
1.61789716835 2.14154 0.0112673
1.62418270854 2.14884 0.0109412
1.63046407995 2.15544 0.0110464
1.63674824683 2.16302 0.0107419
1.64303013827 2.16893 0.0109666
1.64930808063 2.17611 0.0106004
1.65559224863 2.1837 0.0112943
1.66187827598 2.18953 0.0121592
1.66816823994 2.19697 0.0109266
1.6744495611 2.20265 0.0112883
1.68072138563 2.2093 0.0119421
1.68701215424 2.21607 0.0109332
1.6933074808 2.22389 0.0116296
1.69958064303 2.22998 0.0110016
1.70586179344 2.23461 0.0114365
1.71215172419 2.24351 0.0119424
1.71843538617 2.24995 0.0121846
1.72471844694 2.25636 0.0116411
1.73099491844 2.26251 0.0111564
1.73728636032 2.27041 0.0111762
1.74356630258 2.27597 0.0113655
1.74983600778 2.28385 0.0117896
1.75612327869 2.29104 0.0108391
1.76241061606 2.29776 0.011704
1.76869357896 2.30315 0.0117959
1.77497674839 2.31145 0.0119251
1.78126362161 2.31611 0.0117461
1.78754574761 2.32339 0.0112126
1.7938272923 2.33069 0.0116892
1.80010772174 2.33706 0.0120726
1.80639091391 2.34432 0.0125786
1.81267451427 2.35164 0.0116402
1.81895363524 2.35718 0.0108168
1.82523850291 2.36379 0.0119341
1.8315236862 2.37203 0.0119478
1.83781040898 2.37862 0.0121097
1.84409642612 2.38548 0.0130997
1.8503769215 2.39233 0.0128825
1.85666074594 2.39922 0.0121124
1.86294359809 2.40541 0.011589
1.86922204917 2.41243 0.0119824
1.87550781357 2.41872 0.0127354
1.88179499507 2.42592 0.0125175
1.88807781314 2.43255 0.011675
1.89435244502 2.4392 0.0121688
1.90063796885 2.44688 0.0130661
1.90692833723 2.45254 0.011632
1.91320221586 2.46061 0.0131847
1.91948223445 2.46636 0.0141798
1.92577010575 2.47534 0.0126168
1.93206491035 2.48051 0.0133373
1.93834071151 2.4865 0.0133951
1.94460828613 2.49374 0.0133538
1.9508968614 2.50123 0.0136687
1.95718811973 2.50838 0.0132375
1.96347509207 2.51355 0.0128024
1.9697553281 2.51984 0.0131067
1.9760413775 2.52954 0.013634
1.98233260336 2.53412 0.0138927
1.98861171931 2.54202 0.013001
1.99488792869 2.54752 0.0126814
2.00117304134 2.55425 0.0141648
2.00745262249 2.56121 0.012535
2.01372721862 2.56852 0.014315
2.02001108039 2.57507 0.0135663
2.02630405283 2.5802 0.0149049
2.03258735828 2.58724 0.0140201
2.03886100377 2.59301 0.0147111
2.04514489951 2.60067 0.0143126
2.05143683626 2.60733 0.0141305
2.05772382203 2.61385 0.0135963
2.0640044634 2.62129 0.0146711
2.07029278421 2.62474 0.0144855
2.07658471853 2.63325 0.0147702
2.08285424307 2.63986 0.0140805
2.08912259138 2.64469 0.0152902
2.09541730178 2.65276 0.015544
2.10170304464 2.65671 0.0164973
2.10797273337 2.66328 0.015185
2.11425579676 2.67096 0.0163884
2.12053788985 2.67615 0.0152697
2.12682075079 2.68128 0.015615
2.13310670204 2.68823 0.0169528
2.13940011923 2.69364 0.0159742
2.14568939859 2.6999 0.0160374
2.15195789682 2.70578 0.0154142
2.15824033347 2.71122 0.0177967
2.16453048092 2.71589 0.0162792
2.17081716829 2.72401 0.0165052
2.17709912993 2.72841 0.0159858
2.18337674027 2.73504 0.0167803
2.18965452646 2.73935 0.0149445
2.19593814184 2.74658 0.017338
2.20221722867 2.74948 0.0179026
2.20849850085 2.75673 0.0183421
2.21479372465 2.76219 0.0157738
2.22107581834 2.769 0.0177219
2.22733812199 2.77623 0.0169539
2.23362792264 2.77953 0.0176611
2.2399287897 2.78901 0.0197176
2.24620084223 2.79302 0.0185592
2.2524810722 2.80063 0.0188355
2.25875993301 2.80916 0.0188703
2.26503776668 2.81572 0.0190142
2.27130391144 2.8214 0.0205604
2.27758972822 2.82935 0.0182188
2.28389830542 2.83626 0.0188047
2.29017001225 2.84831 0.0208996
2.29645357402 2.85369 0.0213243
2.30275372852 2.8585 0.0232101
2.30903325986 2.86717 0.0187112
2.31530674049 2.87317 0.0206041
2.32158490306 2.88014 0.0217184
2.3278758488 2.88376 0.0213548
2.33415543799 2.89469 0.0229297
2.34041936871 2.9013 0.0220979
2.34670710068 2.90677 0.0201855
2.3530032916 2.9147 0.0239276
2.35928989445 2.91853 0.0217366
2.36555387699 2.93137 0.0229313
2.37182578571 2.93295 0.0212765
2.3781409032 2.9384 0.0249278
2.38442809259 2.94549 0.0251418
2.39069258243 2.9546 0.0238947
2.39698813839 2.9596 0.025637
2.40330354843 2.96637 0.0251601
2.40957307365 2.97045 0.0254437
2.41583080138 2.97983 0.0280537
2.42214385676 2.98764 0.0271142
2.42843005755 2.99307 0.0281617
2.43467776878 3.00304 0.0283161
2.44097021258 3.00356 0.0266473
2.44729898127 3.01396 0.0293781
2.45356911846 3.01523 0.0285577
2.45980003814 3.02162 0.0316186
2.4661092349 3.02878 0.0310597
2.47241430729 3.03433 0.0298146
2.47866355169 3.04227 0.0349501
2.48493431628 3.04429 0.0322123
2.49124283111 3.05164 0.0373266
2.49755537626 3.06221 0.0323656
2.50380379021 3.0626 0.0347681
2.51005045336 3.07241 0.0370883
2.51638815336 3.07064 0.0333061
2.52269694929 3.08211 0.0357991
2.52891211798 3.08566 0.0372877
2.53519495098 3.08718 0.0394832
2.54155301509 3.09778 0.0402164
2.54783359884 3.0956 0.0400539
2.55402772623 3.11101 0.038827
2.56033571996 3.11359 0.0352422
2.56672381747 3.11397 0.0494947
2.57294751341 3.12208 0.0393771
2.57911252531 3.13046 0.0357435
2.58547549612 3.1338 0.0445297
2.59185019505 3.14207 0.0514345
2.59805932148 3.13263 0.0506322
2.60429715989 3.14949 0.0535996
2.61067449751 3.16776 0.05712
2.61693283418 3.15844 0.0528321
2.62300854502 3.15678 0.0586319
2.62939753095 3.15951 0.0588773
2.63591057571 3.15933 0.0610545
2.64202978624 3.16772 0.0636148
2.64803951219 3.1786 0.0727462
2.65454096229 3.17543 0.0595877
2.66118028258 3.17657 0.0757971
2.66719514746 3.18038 0.0836786
2.67309090101 3.18146 0.089298
2.67973176445 3.19109 0.0806931
2.68646693102 3.19223 0.093959
2.69219835647 3.17747 0.10407
2.69796467721 3.17949 0.0829298
2.70489193937 3.19098 0.107551
2.71182026315 3.18568 0.121225
2.71709790339 3.2208 0.176471
2.7227864466 3.22067 0.120815
2.72994784687 3.19124 0.15958
2.73706528781 3.21555 0.181216
2.74248820391 3.25672 0.274309
2.74787331837 3.22007 0.243625
2.75504313834 3.24366 0.24385
2.76219934437 3.22147 0.36573
2.76789278819 3.16318 0.590013
2.77283198247 3.16092 0.597681
2.77965581172 2.9872 1.24871
2.78599582346 50.1945 543.483
