0.0088996412247 0.628879 0.119321
0.0150791221651 0.628397 0.0767432
0.0214479018646 0.628319 0.0398708
0.0278366077649 0.629225 0.0397356
0.034350997858 0.640799 0.0333643
0.0404788676143 0.635039 0.0323656
0.0467671668358 0.639432 0.029681
0.0530822510177 0.648747 0.0259514
0.0594536244094 0.650078 0.0262576
0.0657622481459 0.653027 0.0248335
0.071966329067 0.658851 0.0229001
0.0782786091569 0.660642 0.0196812
0.0847039894583 0.660996 0.0182114
0.0909685462053 0.66318 0.0198772
0.0972078977683 0.658185 0.0189192
0.103476303896 0.662391 0.0185804
0.109757644425 0.668045 0.0185732
0.116054308478 0.674 0.0164459
0.122366966654 0.680941 0.0164233
0.128681726309 0.690607 0.0178718
0.134950080166 0.696006 0.0186081
0.141194955884 0.696792 0.0170338
0.147513357575 0.700234 0.0138758
0.153786507425 0.699454 0.0142484
0.160065754405 0.706957 0.0164558
0.166399116869 0.709167 0.0155215
0.172719564578 0.71725 0.0135338
0.178976521338 0.724729 0.0154281
0.185235369065 0.732416 0.0137937
0.191480678734 0.74519 0.0138748
0.197788986865 0.75343 0.0146348
0.204093773545 0.758098 0.0132854
0.210393930261 0.766697 0.0133393
0.216690970982 0.773497 0.0122978
0.222970028122 0.782495 0.0137493
0.229262002709 0.787463 0.015215
0.235514150837 0.797304 0.0146159
0.241791058382 0.807549 0.0125891
0.248085653944 0.819317 0.013675
0.254349225687 0.829154 0.0110386
0.260633425188 0.840797 0.0111441
0.26692573709 0.849316 0.0130621
0.273242334314 0.858179 0.011795
0.279552968008 0.868626 0.0125295
0.285836629231 0.879334 0.0122771
0.292087627139 0.889258 0.0122521
0.298344984444 0.896574 0.0118274
0.304638263941 0.910718 0.0123135
0.3109279127 0.917206 0.0122991
0.317216817162 0.930855 0.0110054
0.323518756794 0.939737 0.0112329
0.329816821755 0.952011 0.0130614
0.336117642946 0.963033 0.0111271
0.342370037571 0.971363 0.0118983
0.348647819267 0.982222 0.0106434
0.354941161441 0.990358 0.012552
0.361191693542 1.00076 0.011702
0.367476708956 1.01227 0.011478
0.373764779528 1.02126 0.0130516
0.380065403148 1.0304 0.0104943
0.386353986126 1.04139 0.0118343
0.392614018136 1.05089 0.0114119
0.398926450032 1.05867 0.0113986
0.405207324458 1.06603 0.011137
0.411491647757 1.07489 0.0103646
0.417781427212 1.08424 0.0126239
0.424040064873 1.094 0.0121448
0.430342569027 1.10176 0.0111463
0.436635856026 1.11073 0.0119159
0.442899618322 1.1178 0.0122547
0.449163441853 1.12537 0.012251
0.455441414625 1.13275 0.0105498
0.46176344703 1.13929 0.0120376
0.468064424202 1.14752 0.0114266
0.474348524276 1.15523 0.0119169
0.480635613682 1.1626 0.0110121
0.486901925839 1.17072 0.010973
0.49316970996 1.17611 0.012099
0.499450674714 1.18487 0.011871
0.505715905134 1.18994 0.0110876
0.511992399627 1.1957 0.0128075
0.518312609777 1.20255 0.0104565
0.524608963803 1.2073 0.0104641
0.530875730848 1.21398 0.0117662
0.537157352795 1.22057 0.0124793
0.543457956378 1.22447 0.0112147
0.549743065239 1.23252 0.010549
0.55599374275 1.23567 0.0117491
0.562285467661 1.24304 0.0114167
0.568601153723 1.25061 0.0118987
0.574880458942 1.25333 0.0103169
0.581155021034 1.25826 0.0116484
0.587439449666 1.26284 0.0112458
0.59371762203 1.268 0.0106161
0.599997195479 1.27304 0.0120166
0.606267911512 1.27689 0.0112124
0.612546957644 1.28272 0.0106086
0.618847773304 1.28829 0.0124647
0.625131056744 1.29204 0.0114096
0.631402745038 1.29666 0.00997972
0.637700356273 1.30065 0.0110318
0.643985778331 1.30647 0.0109345
0.650268541717 1.30988 0.0114028
0.65655861177 1.31503 0.0103592
0.662836928236 1.31931 0.0110302
0.669118544496 1.32379 0.0115031
0.675407019858 1.32771 0.0128422
0.681683551459 1.33166 0.012179
0.687959253386 1.33612 0.0121426
0.694234431704 1.34069 0.0110775
0.700517540243 1.34456 0.010218
0.706812495661 1.34833 0.0107976
0.713101900967 1.3541 0.0117151
0.719391825117 1.35878 0.0109912
0.72568338076 1.36112 0.0119007
0.731965268271 1.36664 0.0116444
0.738250799048 1.37079 0.0119637
0.744526584212 1.37426 0.010714
0.750787110194 1.37976 0.0105476
0.757075846532 1.38313 0.0116739
0.76336412336 1.38888 0.0115671
0.769646295986 1.39357 0.0113958
0.775939486518 1.39673 0.0106673
0.782232914199 1.40176 0.0114222
0.788531493652 1.4062 0.011183
0.794789656698 1.4108 0.0125512
0.801049109659 1.41307 0.0111229
0.807336406173 1.42069 0.0116843
0.813622948837 1.42349 0.0100949
0.819915299896 1.42849 0.0118783
0.826195263639 1.43242 0.0113604
0.832489707008 1.43814 0.011764
0.838795930921 1.44127 0.0107377
0.84506346397 1.44588 0.0101763
0.851328286756 1.45044 0.00933504
0.85761982639 1.45434 0.0108763
0.863905847706 1.45973 0.0106311
0.870183874549 1.46374 0.0107862
0.876464109608 1.46973 0.0101377
0.88275038734 1.47475 0.0113806
0.889033276839 1.47779 0.0103694
0.895308424711 1.48263 0.0100942
0.901595652167 1.48741 0.0107223
0.907883332809 1.49223 0.0115776
0.914174410632 1.49612 0.0102813
0.920463081772 1.50164 0.0108803
0.926743441526 1.50739 0.0115264
0.933032419735 1.51301 0.0109978
0.939326578557 1.51711 0.0104065
0.94559748104 1.52063 0.0100347
0.951866001855 1.5267 0.0119568
0.958141325553 1.53015 0.0107496
0.964435094511 1.53481 0.0106668
0.970735563357 1.54188 0.0102077
0.977008076845 1.54777 0.0109976
0.983282332536 1.55097 0.0102332
0.989556969197 1.55654 0.010618
0.995845630192 1.56244 0.00974657
1.00213621074 1.56607 0.0103304
1.00840482534 1.57227 0.0109267
1.01469414984 1.57583 0.0102872
1.02099255544 1.58297 0.0108517
1.02727398044 1.58671 0.0116503
1.0335591819 1.59311 0.0115135
1.03984755739 1.59799 0.0112972
1.04612697494 1.60367 0.0110936
1.05240343681 1.60706 0.0101787
1.05868070465 1.61319 0.0103654
1.06496433307 1.61973 0.0105038
1.07125677744 1.62442 0.0106661
1.0775440488 1.62863 0.0107695
1.08382482019 1.6348 0.0120422
1.09010802394 1.64011 0.0103309
1.09638966596 1.64567 0.0091988
1.10268113206 1.65121 0.0101309
1.10896304759 1.65658 0.010803
1.11522542846 1.66231 0.0105296
1.12150212761 1.66822 0.0120456
1.12779257382 1.67301 0.0106701
1.13408955267 1.67992 0.0114421
1.14036404965 1.68528 0.0108838
1.14663918032 1.69072 0.0100524
1.15294241299 1.6966 0.0111256
1.15922890675 1.70156 0.0110195
1.16550872189 1.70684 0.0109346
1.17179307626 1.71193 0.0105594
1.17808743637 1.71951 0.0112506
1.18436765425 1.72475 0.010609
1.1906346423 1.73004 0.0104148
1.19691220883 1.73582 0.0100967
1.20320157735 1.74133 0.011544
1.20948684444 1.74772 0.0104396
1.21576390207 1.75429 0.0111458
1.22204975517 1.75923 0.0110934
1.22834061662 1.76562 0.0111189
1.23463298658 1.77236 0.0104687
1.24090224718 1.77819 0.0104368
1.24717483914 1.78348 0.00969034
1.25346545993 1.79038 0.0103267
1.25974995189 1.79473 0.00991399
1.26603214313 1.80125 0.010111
1.27231628847 1.80739 0.010163
1.27860415506 1.81288 0.0106014
1.28488658893 1.8194 0.0102906
1.29117542007 1.82607 0.00971196
1.29746572637 1.83169 0.0102357
1.30374182701 1.8379 0.0104287
1.31001732292 1.84398 0.01122
1.31630144766 1.85057 0.010655
1.32258676036 1.85599 0.0102192
1.32886549245 1.8625 0.00998157
1.33514480495 1.86877 0.010311
1.34144051627 1.87475 0.0106241
1.34773086842 1.88162 0.0111648
1.35400158999 1.88786 0.0107064
1.3602826093 1.89424 0.0114738
1.36656568646 1.9005 0.0106798
1.37285149848 1.9063 0.0106725
1.37913537293 1.91287 0.0107154
1.38540956715 1.91932 0.0100512
1.39169864122 1.92422 0.0107719
1.39798445144 1.93196 0.0104041
1.40426788341 1.93753 0.00994216
1.41055477948 1.94412 0.0100505
1.41683783355 1.95057 0.0104415
1.42311817719 1.95652 0.0114496
1.42939780116 1.96205 0.00980374
1.43568692182 1.9681 0.0116719
1.44197712177 1.97578 0.0104148
1.44825366785 1.98167 0.0103168
1.45453234897 1.98697 0.00983265
1.46081931915 1.9939 0.0108815
1.4671103644 1.99923 0.0110201
1.47339290895 2.00551 0.0105204
1.47966996524 2.01218 0.0111272
1.4859561446 2.01869 0.0106897
1.49223361076 2.02371 0.0103901
1.49850247038 2.03056 0.0104993
1.50478575205 2.03623 0.0103717
1.51107599189 2.04196 0.010895
1.51736163499 2.04694 0.0106719
1.52364857097 2.0541 0.0108496
1.52993803572 2.05974 0.0111204
1.53623017691 2.06417 0.0107098
1.54251071878 2.07109 0.0109745
1.54878396308 2.07719 0.0102875
1.55507306978 2.08213 0.0106022
1.56135732493 2.08744 0.0113934
1.56762912105 2.09344 0.011665
1.5739136974 2.09899 0.0102357
1.58020354523 2.10403 0.0109434
1.58648539343 2.10884 0.0104456
1.59276001426 2.11383 0.0108153
1.59904643639 2.11805 0.0102494
1.60534213664 2.12397 0.010876
1.61161976836 2.13032 0.0115323
1.61789716835 2.13654 0.0112052
1.62418270854 2.14333 0.010918
1.63046407995 2.15023 0.010541
1.63674824683 2.15744 0.0109362
1.64303013827 2.16324 0.0108186
1.64930808063 2.17066 0.0105809
1.65559224863 2.17723 0.0117616
1.66187827598 2.18407 0.0111099
1.66816823994 2.19021 0.0107159
1.6744495611 2.19658 0.0110498
1.68072138563 2.20305 0.0119552
1.68701215424 2.21006 0.011364
1.6933074808 2.21683 0.0117629
1.69958064303 2.2239 0.0109778
1.70586179344 2.22887 0.0115778
1.71215172419 2.23669 0.0121924
1.71843538617 2.24329 0.0113124
1.72471844694 2.24907 0.0114046
1.73099491844 2.25613 0.0105391
1.73728636032 2.26374 0.0118439
1.74356630258 2.2691 0.0116376
1.74983600778 2.27578 0.0123709
1.75612327869 2.28328 0.0114607
1.76241061606 2.29009 0.0123558
1.76869357896 2.29516 0.0117769
1.77497674839 2.30265 0.0115008
1.78126362161 2.30806 0.0119595
1.78754574761 2.31557 0.0112138
1.7938272923 2.32174 0.0117944
1.80010772174 2.32902 0.0121948
1.80639091391 2.33506 0.0126389
1.81267451427 2.34163 0.01206
1.81895363524 2.34876 0.0117083
1.82523850291 2.35558 0.0122743
1.8315236862 2.36239 0.0116861
1.83781040898 2.36933 0.0113594
1.84409642612 2.37537 0.0131912
1.8503769215 2.38205 0.0132209
1.85666074594 2.3889 0.0122373
1.86294359809 2.39419 0.0115822
1.86922204917 2.40189 0.0116174
1.87550781357 2.4084 0.0120508
1.88179499507 2.41489 0.0124985
1.88807781314 2.42131 0.0109909
1.89435244502 2.4274 0.0117186
1.90063796885 2.4353 0.0116638
1.90692833723 2.44131 0.0114864
1.91320221586 2.44768 0.0132831
1.91948223445 2.45331 0.012714
1.92577010575 2.46213 0.0124893
1.93206491035 2.46744 0.0128726
1.93834071151 2.47322 0.0130575
1.94460828613 2.47971 0.012968
1.9508968614 2.48736 0.0129789
1.95718811973 2.49401 0.0121102
1.96347509207 2.49886 0.0122404
1.9697553281 2.50579 0.0129777
1.9760413775 2.51456 0.0125715
1.98233260336 2.51936 0.0133006
1.98861171931 2.52643 0.012802
1.99488792869 2.53159 0.0139875
2.00117304134 2.53877 0.0140306
2.00745262249 2.5449 0.0143573
2.01372721862 2.5528 0.0140682
2.02001108039 2.55839 0.0136142
2.02630405283 2.5646 0.0142927
2.03258735828 2.56951 0.0136926
2.03886100377 2.57613 0.0145818
2.04514489951 2.58272 0.0145184
2.05143683626 2.58934 0.0148411
2.05772382203 2.59577 0.0148575
2.0640044634 2.60133 0.0154015
2.07029278421 2.60641 0.014231
2.07658471853 2.61335 0.0139706
2.08285424307 2.62031 0.013842
2.08912259138 2.6244 0.0143902
2.09541730178 2.63135 0.0147293
2.10170304464 2.63691 0.0152694
2.10797273337 2.64257 0.0146663
2.11425579676 2.65007 0.0150243
2.12053788985 2.65581 0.0156231
2.12682075079 2.66092 0.0152167
2.13310670204 2.66609 0.016245
2.13940011923 2.67142 0.0169922
2.14568939859 2.67872 0.016416
2.15195789682 2.68387 0.0158346
2.15824033347 2.68871 0.0180676
2.16453048092 2.69371 0.0162131
2.17081716829 2.70087 0.0159282
2.17709912993 2.70527 0.015651
2.18337674027 2.71092 0.0167577
2.18965452646 2.71648 0.0145811
2.19593814184 2.72229 0.0172333
2.20221722867 2.72486 0.0171318
2.20849850085 2.73351 0.0179626
2.21479372465 2.73769 0.0163701
2.22107581834 2.74354 0.0176511
2.22733812199 2.74962 0.0165263
2.23362792264 2.75519 0.0175228
2.2399287897 2.76375 0.0182876
2.24620084223 2.76751 0.0187194
2.2524810722 2.7731 0.019584
2.25875993301 2.78072 0.0166434
2.26503776668 2.78854 0.0174587
2.27130391144 2.79509 0.0211476
2.27758972822 2.80306 0.0172991
2.28389830542 2.80863 0.0204142
2.29017001225 2.81808 0.0211805
2.29645357402 2.8239 0.0203475
2.30275372852 2.82871 0.0223206
2.30903325986 2.83624 0.0198236
2.31530674049 2.84505 0.0203624
2.32158490306 2.84887 0.0223924
2.3278758488 2.85452 0.0229942
2.33415543799 2.86609 0.0221884
2.34041936871 2.87195 0.0202513
2.34670710068 2.87604 0.0204881
2.3530032916 2.88452 0.0226121
2.35928989445 2.88853 0.0201441
2.36555387699 2.89929 0.0241232
2.37182578571 2.89832 0.0237945
2.3781409032 2.9047 0.0246783
2.38442809259 2.91101 0.0255914
2.39069258243 2.92043 0.0239745
2.39698813839 2.92579 0.0214362
2.40330354843 2.93303 0.0250424
2.40957307365 2.93594 0.0261922
2.41583080138 2.9436 0.0292976
2.42214385676 2.95081 0.0291197
2.42843005755 2.95834 0.0274266
2.43467776878 2.96352 0.0266984
2.44097021258 2.96855 0.0284173
2.44729898127 2.97838 0.0295682
2.45356911846 2.97898 0.031304
2.45980003814 2.98253 0.0302565
2.4661092349 2.99177 0.0318999
2.47241430729 2.99412 0.0339477
2.47866355169 3.00524 0.0296336
2.48493431628 3.00385 0.0355706
2.49124283111 3.01359 0.0358407
2.49755537626 3.02308 0.0317089
2.50380379021 3.02364 0.0335939
2.51005045336 3.02924 0.0355555
2.51638815336 3.03005 0.0352055
2.52269694929 3.04192 0.0369042
2.52891211798 3.04547 0.0367956
2.53519495098 3.0482 0.0373295
2.54155301509 3.05253 0.0381619
2.54783359884 3.0501 0.0385599
2.55402772623 3.06619 0.0458694
2.56033571996 3.06984 0.0393047
2.56672381747 3.07399 0.0472522
2.57294751341 3.07661 0.0422042
2.57911252531 3.08503 0.0421142
2.58547549612 3.08955 0.0451703
2.59185019505 3.09452 0.0447019
2.59805932148 3.09023 0.0512529
2.60429715989 3.10832 0.0445963
2.61067449751 3.11696 0.0545613
2.61693283418 3.10838 0.0578385
2.62300854502 3.11135 0.0600981
2.62939753095 3.11483 0.0620713
2.63591057571 3.12177 0.0600893
2.64202978624 3.11875 0.0698681
2.64803951219 3.13266 0.0608113
2.65454096229 3.13751 0.0624194
2.66118028258 3.13028 0.0770838
2.66719514746 3.14213 0.0791923
2.67309090101 3.13773 0.0862394
2.67973176445 3.14556 0.0760581
2.68646693102 3.14628 0.0987062
2.69219835647 3.12238 0.105739
2.69796467721 3.13123 0.0894453
2.70489193937 3.1411 0.106216
2.71182026315 3.13846 0.110134
2.71709790339 3.16634 0.163932
2.7227864466 3.14978 0.115846
2.72994784687 3.13737 0.152507
2.73706528781 3.15068 0.179712
2.74248820391 3.1723 0.263804
2.74787331837 3.1637 0.247724
2.75504313834 3.1672 0.246303
2.76219934437 3.14806 0.327014
2.76789278819 3.07004 0.584273
2.77283198247 3.10237 0.545224
2.77965581172 3.06699 1.35114
2.78599582346 39.6085 594.982
