0.0088996412247 5.86554 0.302151
0.0150791221651 5.80248 0.176884
0.0214479018646 5.60034 0.113982
0.0278366077649 5.42603 0.0966622
0.034350997858 5.18285 0.095736
0.0404788676143 4.92518 0.0831157
0.0467671668358 4.66008 0.0708463
0.0530822510177 4.37266 0.0737755
0.0594536244094 4.07952 0.0608306
0.0657622481459 3.79595 0.0529185
0.071966329067 3.5386 0.0490707
0.0782786091569 3.29642 0.0472956
0.0847039894583 3.06645 0.0433534
0.0909685462053 2.87804 0.0452884
0.0972078977683 2.72331 0.0415265
0.103476303896 2.56481 0.0322266
0.109757644425 2.43728 0.0351626
0.116054308478 2.32566 0.0297686
0.122366966654 2.22931 0.0317172
0.128681726309 2.15696 0.0290515
0.134950080166 2.10741 0.0289337
0.141194955884 2.08041 0.0270924
0.147513357575 2.07022 0.0241345
0.153786507425 2.06102 0.0257134
0.160065754405 2.05269 0.0264818
0.166399116869 2.0525 0.0242101
0.172719564578 2.04571 0.0204761
0.178976521338 2.03936 0.0222544
0.185235369065 2.036 0.0219748
0.191480678734 2.03907 0.0217448
0.197788986865 2.0435 0.0201749
0.204093773545 2.04854 0.0208783
0.210393930261 2.05086 0.0194515
0.216690970982 2.05887 0.0192635
0.222970028122 2.05827 0.0189344
0.229262002709 2.05709 0.0221109
0.235514150837 2.05613 0.019206
0.241791058382 2.05688 0.0191542
0.248085653944 2.05674 0.0177562
0.254349225687 2.05078 0.0195941
0.260633425188 2.05036 0.0178526
0.26692573709 2.05053 0.0185445
0.273242334314 2.05205 0.0173565
0.279552968008 2.05134 0.0181779
0.285836629231 2.04842 0.0199256
0.292087627139 2.04858 0.0182194
0.298344984444 2.048 0.0181908
0.304638263941 2.04281 0.0186424
0.3109279127 2.04546 0.0174227
0.317216817162 2.03955 0.0175797
0.323518756794 2.03739 0.0183051
0.329816821755 2.0394 0.0166421
0.336117642946 2.03847 0.0172569
0.342370037571 2.03661 0.0170759
0.348647819267 2.0329 0.0166337
0.354941161441 2.03091 0.0181315
0.361191693542 2.03047 0.0153933
0.367476708956 2.02957 0.0163381
0.373764779528 2.02689 0.0161041
0.380065403148 2.02392 0.0169757
0.386353986126 2.02642 0.0146422
0.392614018136 2.02176 0.0150203
0.398926450032 2.02357 0.0155414
0.405207324458 2.02002 0.0163786
0.411491647757 2.02255 0.0144227
0.417781427212 2.01821 0.0155797
0.424040064873 2.01894 0.0174875
0.430342569027 2.01633 0.0175692
0.436635856026 2.01681 0.0186031
0.442899618322 2.01487 0.0155524
0.449163441853 2.01369 0.0153539
0.455441414625 2.01225 0.0172205
0.46176344703 2.01372 0.0168243
0.468064424202 2.01048 0.0171054
0.474348524276 2.01121 0.0156729
0.480635613682 2.01039 0.0162274
0.486901925839 2.01078 0.0158562
0.49316970996 2.00931 0.0164028
0.499450674714 2.00937 0.0167155
0.505715905134 2.00672 0.0157784
0.511992399627 2.01034 0.0159924
0.518312609777 2.00758 0.0171057
0.524608963803 2.00599 0.0150022
0.530875730848 2.00824 0.015618
0.537157352795 2.00593 0.0168597
0.543457956378 2.00767 0.0147503
0.549743065239 2.00574 0.0140852
0.55599374275 2.00729 0.0135236
0.562285467661 2.00722 0.0142712
0.568601153723 2.00629 0.0148273
0.574880458942 2.00708 0.0164216
0.581155021034 2.00745 0.0144909
0.587439449666 2.0066 0.0166484
0.59371762203 2.00655 0.0149716
0.599997195479 2.00928 0.0169563
0.606267911512 2.00777 0.0148806
0.612546957644 2.00801 0.0151639
0.618847773304 2.00981 0.0165154
0.625131056744 2.01014 0.0159761
0.631402745038 2.01057 0.0167709
0.637700356273 2.01093 0.016746
0.643985778331 2.01179 0.0157121
0.650268541717 2.01327 0.0160737
0.65655861177 2.01361 0.0146908
0.662836928236 2.0154 0.0166008
0.669118544496 2.01633 0.0163229
0.675407019858 2.0181 0.0150879
0.681683551459 2.01735 0.0165839
0.687959253386 2.01837 0.0154893
0.694234431704 2.02146 0.0146248
0.700517540243 2.02342 0.0164519
0.706812495661 2.02463 0.0148809
0.713101900967 2.02602 0.0150234
0.719391825117 2.02717 0.0164002
0.72568338076 2.02698 0.0160166
0.731965268271 2.02982 0.0164872
0.738250799048 2.0326 0.0161949
0.744526584212 2.03405 0.0145713
0.750787110194 2.03461 0.0153934
0.757075846532 2.03609 0.0164793
0.76336412336 2.03979 0.0147049
0.769646295986 2.04272 0.0163222
0.775939486518 2.04424 0.0158183
0.782232914199 2.04817 0.0161957
0.788531493652 2.04859 0.0163268
0.794789656698 2.04995 0.0168167
0.801049109659 2.05303 0.0155257
0.807336406173 2.05663 0.0153519
0.813622948837 2.05877 0.0163581
0.819915299896 2.06197 0.0148381
0.826195263639 2.06429 0.0167836
0.832489707008 2.06721 0.0145226
0.838795930921 2.0691 0.0162223
0.84506346397 2.07207 0.0155556
0.851328286756 2.07412 0.0147151
0.85761982639 2.07841 0.0145538
0.863905847706 2.08098 0.0161137
0.870183874549 2.08376 0.0146685
0.876464109608 2.08755 0.0159224
0.88275038734 2.09022 0.016012
0.889033276839 2.09339 0.0159911
0.895308424711 2.09605 0.0145525
0.901595652167 2.09997 0.0149833
0.907883332809 2.10389 0.0159931
0.914174410632 2.10704 0.0138439
0.920463081772 2.11117 0.0150355
0.926743441526 2.11483 0.0156711
0.933032419735 2.11635 0.0156854
0.939326578557 2.12054 0.0151392
0.94559748104 2.12486 0.014768
0.951866001855 2.12858 0.0160523
0.958141325553 2.13073 0.0161688
0.964435094511 2.13851 0.0155411
0.970735563357 2.14144 0.0150675
0.977008076845 2.14459 0.0144827
0.983282332536 2.14865 0.0158475
0.989556969197 2.15341 0.0149041
0.995845630192 2.15871 0.0157685
1.00213621074 2.16223 0.0143349
1.00840482534 2.16652 0.0154349
1.01469414984 2.17021 0.0152378
1.02099255544 2.17571 0.0137685
1.02727398044 2.17981 0.0153806
1.0335591819 2.18448 0.0156439
1.03984755739 2.18876 0.0153527
1.04612697494 2.19389 0.0152374
1.05240343681 2.19844 0.0151972
1.05868070465 2.20283 0.0152004
1.06496433307 2.20696 0.0151526
1.07125677744 2.21125 0.0140327
1.0775440488 2.21795 0.0147838
1.08382482019 2.22159 0.0149993
1.09010802394 2.22676 0.014608
1.09638966596 2.23224 0.0136147
1.10268113206 2.23683 0.0144558
1.10896304759 2.24239 0.0147652
1.11522542846 2.24727 0.0148274
1.12150212761 2.25186 0.0164607
1.12779257382 2.25848 0.015511
1.13408955267 2.26422 0.0145914
1.14036404965 2.26847 0.0132953
1.14663918032 2.27405 0.0145971
1.15294241299 2.27925 0.0150998
1.15922890675 2.28412 0.0152832
1.16550872189 2.29118 0.0149735
1.17179307626 2.29564 0.0158267
1.17808743637 2.30181 0.0139231
1.18436765425 2.30632 0.0156856
1.1906346423 2.31455 0.0141428
1.19691220883 2.31904 0.0149877
1.20320157735 2.32435 0.0145906
1.20948684444 2.33098 0.0157671
1.21576390207 2.33612 0.0148862
1.22204975517 2.34255 0.0168364
1.22834061662 2.34728 0.0142378
1.23463298658 2.35433 0.0135096
1.24090224718 2.36044 0.015738
1.24717483914 2.36589 0.013021
1.25346545993 2.37187 0.0145109
1.25974995189 2.37798 0.0150568
1.26603214313 2.38447 0.0141593
1.27231628847 2.39055 0.0134917
1.27860415506 2.39615 0.0142091
1.28488658893 2.40224 0.013982
1.29117542007 2.41004 0.0134451
1.29746572637 2.4153 0.0143704
1.30374182701 2.42173 0.0145054
1.31001732292 2.42759 0.0130379
1.31630144766 2.43453 0.0135136
1.32258676036 2.44142 0.0143624
1.32886549245 2.44804 0.0140678
1.33514480495 2.45352 0.0132285
1.34144051627 2.45934 0.0139664
1.34773086842 2.46761 0.0144103
1.35400158999 2.47344 0.0129366
1.3602826093 2.47988 0.01538
1.36656568646 2.48649 0.0148062
1.37285149848 2.4924 0.0144753
1.37913537293 2.50011 0.0140366
1.38540956715 2.50647 0.0138045
1.39169864122 2.51378 0.01396
1.39798445144 2.51943 0.0133056
1.40426788341 2.52637 0.0151317
1.41055477948 2.53237 0.0141815
1.41683783355 2.53927 0.0138594
1.42311817719 2.54643 0.0150564
1.42939780116 2.55137 0.0138554
1.43568692182 2.56023 0.0148565
1.44197712177 2.5655 0.0147044
1.44825366785 2.57274 0.0148459
1.45453234897 2.57838 0.0152377
1.46081931915 2.58685 0.0150758
1.4671103644 2.5936 0.0135714
1.47339290895 2.59912 0.013184
1.47966996524 2.60576 0.0135475
1.4859561446 2.61242 0.015186
1.49223361076 2.61833 0.0136677
1.49850247038 2.62443 0.015453
1.50478575205 2.6315 0.0146072
1.51107599189 2.63802 0.0134841
1.51736163499 2.64353 0.0134178
1.52364857097 2.65006 0.0151068
1.52993803572 2.65638 0.0158349
1.53623017691 2.6639 0.0143436
1.54251071878 2.66797 0.0128409
1.54878396308 2.67532 0.0147633
1.55507306978 2.68089 0.0140157
1.56135732493 2.68794 0.012795
1.56762912105 2.69278 0.0149644
1.5739136974 2.69944 0.0148694
1.58020354523 2.70428 0.0150128
1.58648539343 2.71049 0.0143352
1.59276001426 2.71607 0.0149069
1.59904643639 2.72188 0.0143174
1.60534213664 2.7266 0.0155483
1.61161976836 2.73293 0.0158233
1.61789716835 2.74209 0.014949
1.62418270854 2.74987 0.0148295
1.63046407995 2.76038 0.0145126
1.63674824683 2.76926 0.015603
1.64303013827 2.77677 0.0145083
1.64930808063 2.78594 0.0159578
1.65559224863 2.79402 0.014995
1.66187827598 2.80272 0.0150339
1.66816823994 2.81076 0.0151687
1.6744495611 2.81904 0.0152214
1.68072138563 2.82748 0.0147018
1.68701215424 2.83713 0.0158734
1.6933074808 2.84501 0.0152156
1.69958064303 2.85178 0.0158255
1.70586179344 2.86091 0.0155711
1.71215172419 2.86959 0.0149377
1.71843538617 2.87684 0.01483
1.72471844694 2.88455 0.0158593
1.73099491844 2.89274 0.0155408
1.73728636032 2.90108 0.0169
1.74356630258 2.90907 0.0155856
1.74983600778 2.91701 0.015135
1.75612327869 2.92451 0.0149318
1.76241061606 2.93327 0.0163486
1.76869357896 2.93936 0.015236
1.77497674839 2.94882 0.0170975
1.78126362161 2.95648 0.0148746
1.78754574761 2.96339 0.0159814
1.7938272923 2.9725 0.0158714
1.80010772174 2.98199 0.0168696
1.80639091391 2.98692 0.0158216
1.81267451427 2.99461 0.0153771
1.81895363524 3.00341 0.0163089
1.82523850291 3.01123 0.0166199
1.8315236862 3.01918 0.0164181
1.83781040898 3.02771 0.0164704
1.84409642612 3.03505 0.0171333
1.8503769215 3.04244 0.0161173
1.85666074594 3.04958 0.0167793
1.86294359809 3.05769 0.0181455
1.86922204917 3.06486 0.0170747
1.87550781357 3.07335 0.0155468
1.88179499507 3.08351 0.0166049
1.88807781314 3.08729 0.0180777
1.89435244502 3.09647 0.016192
1.90063796885 3.10432 0.0164717
1.90692833723 3.11321 0.0149422
1.91320221586 3.11912 0.0171555
1.91948223445 3.12808 0.0164197
1.92577010575 3.13472 0.017724
1.93206491035 3.14336 0.0165442
1.93834071151 3.15082 0.016837
1.94460828613 3.15878 0.0184907
1.9508968614 3.16612 0.015271
1.95718811973 3.17457 0.0162062
1.96347509207 3.18183 0.0152583
1.9697553281 3.1891 0.0178045
1.9760413775 3.1961 0.0183727
1.98233260336 3.20373 0.0174907
1.98861171931 3.2119 0.0168644
1.99488792869 3.21941 0.0182835
2.00117304134 3.22628 0.0173062
2.00745262249 3.23428 0.0182864
2.01372721862 3.23991 0.0194791
2.02001108039 3.24853 0.0175194
2.02630405283 3.25504 0.0188699
2.03258735828 3.26233 0.0196056
2.03886100377 3.26986 0.0193456
2.04514489951 3.2778 0.0187941
2.05143683626 3.2863 0.0194547
2.05772382203 3.29272 0.0195534
2.0640044634 3.29874 0.0199249
2.07029278421 3.30459 0.018638
2.07658471853 3.31338 0.0188167
2.08285424307 3.31811 0.0206893
2.08912259138 3.32496 0.0208578
2.09541730178 3.33269 0.0190922
2.10170304464 3.34067 0.021107
2.10797273337 3.34654 0.0205353
2.11425579676 3.35452 0.0207558
2.12053788985 3.35907 0.0189274
2.12682075079 3.36802 0.0196616
2.13310670204 3.37471 0.0205971
2.13940011923 3.38107 0.0205119
2.14568939859 3.38898 0.0212191
2.15195789682 3.39464 0.0209453
2.15824033347 3.39892 0.0211219
2.16453048092 3.40458 0.0208168
2.17081716829 3.41284 0.0215417
2.17709912993 3.42023 0.0229663
2.18337674027 3.42847 0.0214915
2.18965452646 3.43147 0.0200648
2.19593814184 3.43791 0.0211532
2.20221722867 3.44609 0.0219695
2.20849850085 3.45398 0.0212783
2.21479372465 3.45709 0.0239211
2.22107581834 3.46873 0.0228664
2.22733812199 3.47263 0.0229471
2.23362792264 3.47853 0.0226522
2.2399287897 3.48917 0.0216194
2.24620084223 3.49181 0.0223237
2.2524810722 3.50069 0.0251422
2.25875993301 3.51093 0.0240509
2.26503776668 3.51974 0.0272578
2.27130391144 3.53051 0.0247895
2.27758972822 3.53765 0.0236235
2.28389830542 3.54723 0.0261397
2.29017001225 3.55477 0.0277318
2.29645357402 3.56185 0.0275021
2.30275372852 3.57229 0.0276376
2.30903325986 3.5809 0.0279776
2.31530674049 3.58581 0.0235241
2.32158490306 3.59811 0.0316026
2.3278758488 3.60086 0.0304484
2.33415543799 3.61132 0.0285712
2.34041936871 3.61801 0.0271507
2.34670710068 3.62302 0.0270842
2.3530032916 3.63282 0.0316843
2.35928989445 3.64311 0.0330424
2.36555387699 3.65203 0.0316843
2.37182578571 3.65517 0.0330308
2.3781409032 3.65848 0.0317806
2.38442809259 3.67019 0.0323057
2.39069258243 3.67526 0.0319642
2.39698813839 3.68142 0.0325024
2.40330354843 3.69272 0.0358521
2.40957307365 3.6925 0.0372771
2.41583080138 3.70775 0.0352895
2.42214385676 3.70972 0.0348858
2.42843005755 3.7152 0.0350911
2.43467776878 3.72225 0.0424897
2.44097021258 3.73027 0.0365523
2.44729898127 3.73513 0.0363076
2.45356911846 3.741 0.0407937
2.45980003814 3.75243 0.0382927
2.4661092349 3.75297 0.0384396
2.47241430729 3.76113 0.0431701
2.47866355169 3.76677 0.0394066
2.48493431628 3.77285 0.0443553
2.49124283111 3.77847 0.039692
2.49755537626 3.79138 0.0507147
2.50380379021 3.79568 0.0405424
2.51005045336 3.8044 0.0477957
2.51638815336 3.80367 0.0501025
2.52269694929 3.81269 0.0499911
2.52891211798 3.81568 0.0484195
2.53519495098 3.81952 0.0494202
2.54155301509 3.82841 0.0510447
2.54783359884 3.83121 0.0476622
2.55402772623 3.84267 0.0534834
2.56033571996 3.84229 0.0561372
2.56672381747 3.84923 0.0584916
2.57294751341 3.85628 0.0584784
2.57911252531 3.86437 0.0591574
2.58547549612 3.86953 0.0546686
2.59185019505 3.86585 0.0599018
2.59805932148 3.86825 0.060676
2.60429715989 3.87827 0.0756307
2.61067449751 3.8768 0.0634034
2.61693283418 3.89233 0.0728063
2.62300854502 3.90361 0.08272
2.62939753095 3.91002 0.0716475
2.63591057571 3.88797 0.0754333
2.64202978624 3.90053 0.0845874
2.64803951219 3.90245 0.0890556
2.65454096229 3.89921 0.0810151
2.66118028258 3.91193 0.0925368
2.66719514746 3.9089 0.105806
2.67309090101 3.91487 0.0982245
2.67973176445 3.92433 0.102923
2.68646693102 3.92804 0.0981553
2.69219835647 3.91956 0.129629
2.69796467721 3.92697 0.132952
2.70489193937 3.9358 0.123357
2.71182026315 3.93426 0.147376
2.71709790339 3.92041 0.173124
2.7227864466 3.95036 0.170751
2.72994784687 3.91688 0.198871
2.73706528781 3.94521 0.21021
2.74248820391 3.97482 0.337358
2.74787331837 3.95252 0.323922
2.75504313834 3.93865 0.346612
2.76219934437 3.95241 0.43031
2.76789278819 4.06257 0.847384
2.77283198247 3.74602 0.726424
2.77965581172 3.89169 1.63357
2.78599582346 5.95688 88.46
