0.0088996412247 3.92691 0.19093
0.0150791221651 3.92262 0.116242
0.0214479018646 3.87928 0.0728231
0.0278366077649 3.87152 0.0706998
0.034350997858 3.82802 0.0588303
0.0404788676143 3.78908 0.0572874
0.0467671668358 3.75191 0.0546094
0.0530822510177 3.69991 0.0532966
0.0594536244094 3.64824 0.0413946
0.0657622481459 3.5946 0.040953
0.071966329067 3.53951 0.0391979
0.0782786091569 3.48552 0.0352973
0.0847039894583 3.42313 0.0323308
0.0909685462053 3.37474 0.0379675
0.0972078977683 3.32473 0.0366001
0.103476303896 3.26129 0.0302545
0.109757644425 3.19558 0.0333148
0.116054308478 3.12587 0.0276569
0.122366966654 3.05665 0.0305447
0.128681726309 2.9902 0.0254675
0.134950080166 2.9248 0.028718
0.141194955884 2.87479 0.0247981
0.147513357575 2.82534 0.0247057
0.153786507425 2.77852 0.0280195
0.160065754405 2.72251 0.0263353
0.166399116869 2.67476 0.0258229
0.172719564578 2.62068 0.0219688
0.178976521338 2.57085 0.0216464
0.185235369065 2.52022 0.0219839
0.191480678734 2.4788 0.0216615
0.197788986865 2.44396 0.0210101
0.204093773545 2.40374 0.0218816
0.210393930261 2.37765 0.0190558
0.216690970982 2.35013 0.0190695
0.222970028122 2.32577 0.0193291
0.229262002709 2.29931 0.021601
0.235514150837 2.27609 0.0210125
0.241791058382 2.25738 0.020193
0.248085653944 2.23733 0.0197123
0.254349225687 2.21752 0.0213036
0.260633425188 2.20297 0.0173348
0.26692573709 2.19265 0.01789
0.273242334314 2.1834 0.0172348
0.279552968008 2.17558 0.0163652
0.285836629231 2.16774 0.017954
0.292087627139 2.1639 0.0187863
0.298344984444 2.15865 0.0184058
0.304638263941 2.1481 0.0180472
0.3109279127 2.147 0.0184019
0.317216817162 2.14155 0.0166294
0.323518756794 2.13675 0.017869
0.329816821755 2.14062 0.0161207
0.336117642946 2.13814 0.0172055
0.342370037571 2.1369 0.0168705
0.348647819267 2.13273 0.0161101
0.354941161441 2.12728 0.0174844
0.361191693542 2.12936 0.0171695
0.367476708956 2.12816 0.0165821
0.373764779528 2.12544 0.0153953
0.380065403148 2.12262 0.0170654
0.386353986126 2.12392 0.0165424
0.392614018136 2.11963 0.016601
0.398926450032 2.12148 0.0163998
0.405207324458 2.118 0.0175984
0.411491647757 2.11934 0.0152129
0.417781427212 2.11277 0.016965
0.424040064873 2.11394 0.0163036
0.430342569027 2.11162 0.0170837
0.436635856026 2.10947 0.0164886
0.442899618322 2.10532 0.0156178
0.449163441853 2.10496 0.0168468
0.455441414625 2.10239 0.0178043
0.46176344703 2.10184 0.0155182
0.468064424202 2.09814 0.0163841
0.474348524276 2.09712 0.0151784
0.480635613682 2.09377 0.0176775
0.486901925839 2.09404 0.016224
0.49316970996 2.09016 0.0188235
0.499450674714 2.08964 0.0165551
0.505715905134 2.08536 0.0162752
0.511992399627 2.08786 0.0170675
0.518312609777 2.08382 0.0159876
0.524608963803 2.08178 0.0155477
0.530875730848 2.08295 0.0160271
0.537157352795 2.07788 0.0172509
0.543457956378 2.07737 0.0138894
0.549743065239 2.07642 0.0155629
0.55599374275 2.07527 0.0151514
0.562285467661 2.07414 0.0154641
0.568601153723 2.07212 0.0142505
0.574880458942 2.07131 0.0175506
0.581155021034 2.06965 0.0149116
0.587439449666 2.06884 0.0161968
0.59371762203 2.06639 0.0159672
0.599997195479 2.06789 0.0174453
0.606267911512 2.06725 0.0154627
0.612546957644 2.06581 0.0152851
0.618847773304 2.066 0.016636
0.625131056744 2.06559 0.0159172
0.631402745038 2.06383 0.015922
0.637700356273 2.06456 0.0164589
0.643985778331 2.0629 0.0157715
0.650268541717 2.06442 0.0168155
0.65655861177 2.06411 0.0152922
0.662836928236 2.06459 0.0178221
0.669118544496 2.06445 0.0153969
0.675407019858 2.06554 0.0150988
0.681683551459 2.06464 0.0169336
0.687959253386 2.06345 0.0162718
0.694234431704 2.06455 0.0142915
0.700517540243 2.06578 0.0159017
0.706812495661 2.06818 0.0152102
0.713101900967 2.06653 0.0145441
0.719391825117 2.06752 0.0168633
0.72568338076 2.0675 0.0160592
0.731965268271 2.06894 0.0167313
0.738250799048 2.07091 0.016014
0.744526584212 2.07065 0.015006
0.750787110194 2.0719 0.0154169
0.757075846532 2.07164 0.0159496
0.76336412336 2.07576 0.0148527
0.769646295986 2.07552 0.0167095
0.775939486518 2.07743 0.0162012
0.782232914199 2.0805 0.0160146
0.788531493652 2.08036 0.0154854
0.794789656698 2.08154 0.0171008
0.801049109659 2.08324 0.0153956
0.807336406173 2.08568 0.0156404
0.813622948837 2.08763 0.0147742
0.819915299896 2.08973 0.0151447
0.826195263639 2.09109 0.0171253
0.832489707008 2.09394 0.0141918
0.838795930921 2.09524 0.0157199
0.84506346397 2.09738 0.0167418
0.851328286756 2.09859 0.0147848
0.85761982639 2.10255 0.0151942
0.863905847706 2.10359 0.016414
0.870183874549 2.10652 0.015741
0.876464109608 2.10942 0.0161837
0.88275038734 2.11213 0.0166145
0.889033276839 2.11372 0.0158045
0.895308424711 2.11666 0.0150923
0.901595652167 2.12038 0.015539
0.907883332809 2.12314 0.0152697
0.914174410632 2.12536 0.0148809
0.920463081772 2.12922 0.0151886
0.926743441526 2.1329 0.014268
0.933032419735 2.13339 0.0152308
0.939326578557 2.13774 0.0142509
0.94559748104 2.14164 0.0144341
0.951866001855 2.1446 0.015007
0.958141325553 2.1471 0.0157926
0.964435094511 2.15327 0.0155155
0.970735563357 2.15518 0.0153971
0.977008076845 2.15822 0.0144068
0.983282332536 2.16258 0.0158421
0.989556969197 2.16534 0.015171
0.995845630192 2.16969 0.0161339
1.00213621074 2.17316 0.0141202
1.00840482534 2.17762 0.0152841
1.01469414984 2.18114 0.0146644
1.02099255544 2.1861 0.0147432
1.02727398044 2.19056 0.0147681
1.0335591819 2.19379 0.0153803
1.03984755739 2.1976 0.0152538
1.04612697494 2.20276 0.0159699
1.05240343681 2.20728 0.0162513
1.05868070465 2.21091 0.014578
1.06496433307 2.21526 0.0154653
1.07125677744 2.2194 0.0141479
1.0775440488 2.22555 0.0159125
1.08382482019 2.2281 0.0145147
1.09010802394 2.23334 0.015349
1.09638966596 2.23834 0.014192
1.10268113206 2.24239 0.0153654
1.10896304759 2.24746 0.0160099
1.11522542846 2.25236 0.0147903
1.12150212761 2.25689 0.0165135
1.12779257382 2.26256 0.0152768
1.13408955267 2.26793 0.0147065
1.14036404965 2.27142 0.0134612
1.14663918032 2.27779 0.014039
1.15294241299 2.28263 0.0148342
1.15922890675 2.2865 0.0162598
1.16550872189 2.29426 0.014077
1.17179307626 2.29872 0.0155018
1.17808743637 2.30298 0.0139001
1.18436765425 2.30829 0.0152801
1.1906346423 2.31613 0.0144986
1.19691220883 2.32002 0.0149273
1.20320157735 2.32523 0.0151768
1.20948684444 2.33212 0.0159273
1.21576390207 2.33655 0.0153262
1.22204975517 2.34282 0.0159983
1.22834061662 2.34742 0.0145285
1.23463298658 2.35377 0.0142331
1.24090224718 2.35918 0.0151651
1.24717483914 2.36441 0.0136165
1.25346545993 2.37074 0.0142536
1.25974995189 2.3767 0.0155389
1.26603214313 2.38188 0.0143867
1.27231628847 2.38876 0.0133746
1.27860415506 2.39439 0.0138023
1.28488658893 2.39988 0.0131702
1.29117542007 2.40713 0.014314
1.29746572637 2.41208 0.0138297
1.30374182701 2.41985 0.0139817
1.31001732292 2.42457 0.0131674
1.31630144766 2.43103 0.0139407
1.32258676036 2.43741 0.0145316
1.32886549245 2.44462 0.0139423
1.33514480495 2.45088 0.0137343
1.34144051627 2.45528 0.0129498
1.34773086842 2.46386 0.0147536
1.35400158999 2.46924 0.0135771
1.3602826093 2.47558 0.0148377
1.36656568646 2.48164 0.0143384
1.37285149848 2.48776 0.0139649
1.37913537293 2.49516 0.014116
1.38540956715 2.50174 0.012914
1.39169864122 2.50842 0.0148913
1.39798445144 2.51448 0.0137037
1.40426788341 2.5209 0.0154975
1.41055477948 2.52714 0.0140403
1.41683783355 2.53288 0.013586
1.42311817719 2.54109 0.0136844
1.42939780116 2.54563 0.0140821
1.43568692182 2.55449 0.0143672
1.44197712177 2.55984 0.0144324
1.44825366785 2.5662 0.0139811
1.45453234897 2.57284 0.0146965
1.46081931915 2.58069 0.0149126
1.4671103644 2.58678 0.012918
1.47339290895 2.59274 0.0134795
1.47966996524 2.59846 0.0132013
1.4859561446 2.60494 0.0143064
1.49223361076 2.61135 0.0136067
1.49850247038 2.61721 0.0149707
1.50478575205 2.62476 0.0141076
1.51107599189 2.63048 0.0137027
1.51736163499 2.63564 0.0136519
1.52364857097 2.64176 0.0147227
1.52993803572 2.64934 0.0144041
1.53623017691 2.65563 0.0143113
1.54251071878 2.66017 0.0129888
1.54878396308 2.66741 0.0144557
1.55507306978 2.67366 0.0136462
1.56135732493 2.68023 0.0138362
1.56762912105 2.6843 0.0144885
1.5739136974 2.69042 0.0145481
1.58020354523 2.69679 0.0141727
1.58648539343 2.70205 0.0139578
1.59276001426 2.70781 0.0149249
1.59904643639 2.71294 0.0142903
1.60534213664 2.71841 0.0150381
1.61161976836 2.72468 0.0158325
1.61789716835 2.73394 0.014123
1.62418270854 2.74165 0.0140008
1.63046407995 2.75151 0.0147534
1.63674824683 2.75962 0.0150115
1.64303013827 2.76776 0.0138443
1.64930808063 2.77673 0.0158822
1.65559224863 2.78497 0.0151443
1.66187827598 2.79374 0.0150607
1.66816823994 2.80162 0.015299
1.6744495611 2.80942 0.0150705
1.68072138563 2.81805 0.015072
1.68701215424 2.82751 0.0160401
1.6933074808 2.83535 0.0155847
1.69958064303 2.843 0.0152306
1.70586179344 2.85165 0.0155995
1.71215172419 2.8599 0.0151494
1.71843538617 2.86753 0.0150791
1.72471844694 2.8747 0.015148
1.73099491844 2.88336 0.0150887
1.73728636032 2.89029 0.0160742
1.74356630258 2.89853 0.0158165
1.74983600778 2.90686 0.0154885
1.75612327869 2.91446 0.0149722
1.76241061606 2.92261 0.0161779
1.76869357896 2.92933 0.0152811
1.77497674839 2.93915 0.0161676
1.78126362161 2.94648 0.0152055
1.78754574761 2.95364 0.0164492
1.7938272923 2.96158 0.016857
1.80010772174 2.97054 0.0159175
1.80639091391 2.97685 0.0155036
1.81267451427 2.98471 0.016057
1.81895363524 2.99319 0.0150152
1.82523850291 3.0007 0.0158636
1.8315236862 3.00905 0.0159479
1.83781040898 3.01666 0.0162712
1.84409642612 3.02397 0.0173356
1.8503769215 3.03192 0.01626
1.85666074594 3.03969 0.0167892
1.86294359809 3.04696 0.0184329
1.86922204917 3.0546 0.0181924
1.87550781357 3.06196 0.0161954
1.88179499507 3.07194 0.0167459
1.88807781314 3.07599 0.0169888
1.89435244502 3.08542 0.0170614
1.90063796885 3.09346 0.0170138
1.90692833723 3.10272 0.0157287
1.91320221586 3.1087 0.016559
1.91948223445 3.11638 0.0159156
1.92577010575 3.12422 0.0186757
1.93206491035 3.13183 0.0161974
1.93834071151 3.13906 0.0158548
1.94460828613 3.14716 0.0182267
1.9508968614 3.15466 0.016156
1.95718811973 3.16341 0.0158688
1.96347509207 3.17067 0.0155572
1.9697553281 3.1777 0.0177313
1.9760413775 3.18623 0.018473
1.98233260336 3.19291 0.0176467
1.98861171931 3.20031 0.0168567
1.99488792869 3.2084 0.0186568
2.00117304134 3.21447 0.0184206
2.00745262249 3.22206 0.0177351
2.01372721862 3.22861 0.0194617
2.02001108039 3.23721 0.0175185
2.02630405283 3.24345 0.0177076
2.03258735828 3.25054 0.0200096
2.03886100377 3.25741 0.0200339
2.04514489951 3.26633 0.0174702
2.05143683626 3.27493 0.0193425
2.05772382203 3.28125 0.0203687
2.0640044634 3.28689 0.018649
2.07029278421 3.29343 0.0180652
2.07658471853 3.30228 0.0188228
2.08285424307 3.30768 0.0203767
2.08912259138 3.31415 0.0205782
2.09541730178 3.32139 0.0187816
2.10170304464 3.32924 0.022051
2.10797273337 3.33534 0.0203678
2.11425579676 3.3427 0.0207557
2.12053788985 3.34818 0.0196612
2.12682075079 3.35488 0.0204067
2.13310670204 3.36277 0.0209129
2.13940011923 3.3703 0.019805
2.14568939859 3.37613 0.0217067
2.15195789682 3.38278 0.022217
2.15824033347 3.38674 0.0201355
2.16453048092 3.39386 0.020951
2.17081716829 3.40071 0.02194
2.17709912993 3.40928 0.0226862
2.18337674027 3.41608 0.0220124
2.18965452646 3.41887 0.0187718
2.19593814184 3.42687 0.019816
2.20221722867 3.43154 0.0202814
2.20849850085 3.44144 0.0228915
2.21479372465 3.44544 0.0228481
2.22107581834 3.45595 0.0240531
2.22733812199 3.46223 0.0220645
2.23362792264 3.46509 0.021714
2.2399287897 3.4781 0.0213069
2.24620084223 3.48015 0.0233161
2.2524810722 3.48886 0.0248051
2.25875993301 3.49795 0.0231236
2.26503776668 3.50733 0.0253781
2.27130391144 3.51865 0.0244892
2.27758972822 3.52388 0.0250953
2.28389830542 3.53621 0.0243568
2.29017001225 3.54341 0.0267118
2.29645357402 3.54748 0.0297468
2.30275372852 3.56084 0.0271692
2.30903325986 3.57114 0.0277456
2.31530674049 3.57546 0.0268398
2.32158490306 3.58389 0.0307025
2.3278758488 3.58962 0.0272473
2.33415543799 3.59851 0.0276058
2.34041936871 3.60394 0.0309695
2.34670710068 3.60924 0.0281006
2.3530032916 3.62231 0.0324349
2.35928989445 3.62864 0.0350383
2.36555387699 3.63635 0.0304937
2.37182578571 3.64341 0.0316996
2.3781409032 3.64759 0.0325482
2.38442809259 3.6592 0.0319266
2.39069258243 3.66051 0.0299259
2.39698813839 3.66778 0.0360694
2.40330354843 3.68043 0.0349985
2.40957307365 3.67911 0.0357736
2.41583080138 3.69385 0.0326929
2.42214385676 3.69826 0.0338606
2.42843005755 3.7015 0.0351778
2.43467776878 3.70858 0.0401056
2.44097021258 3.71406 0.0338655
2.44729898127 3.72269 0.0388726
2.45356911846 3.72925 0.0396034
2.45980003814 3.73768 0.0419733
2.4661092349 3.73992 0.0371027
2.47241430729 3.74994 0.0415422
2.47866355169 3.75447 0.0437155
2.48493431628 3.76355 0.0414519
2.49124283111 3.76504 0.0382096
2.49755537626 3.7741 0.0495589
2.50380379021 3.77914 0.0467214
2.51005045336 3.78633 0.0451082
2.51638815336 3.78879 0.0486693
2.52269694929 3.79278 0.0507458
2.52891211798 3.80052 0.0508693
2.53519495098 3.80741 0.0492246
2.54155301509 3.81123 0.0541543
2.54783359884 3.81803 0.0520802
2.55402772623 3.83423 0.0522348
2.56033571996 3.82708 0.0512552
2.56672381747 3.83898 0.0575241
2.57294751341 3.84247 0.0587174
2.57911252531 3.84684 0.0633632
2.58547549612 3.85845 0.0539603
2.59185019505 3.85216 0.0633862
2.59805932148 3.84914 0.0642241
2.60429715989 3.86437 0.067047
2.61067449751 3.85904 0.0692445
2.61693283418 3.8705 0.0777091
2.62300854502 3.87812 0.075431
2.62939753095 3.88462 0.0745742
2.63591057571 3.87188 0.0814977
2.64202978624 3.87525 0.0787017
2.64803951219 3.89692 0.0835879
2.65454096229 3.88442 0.0880248
2.66118028258 3.89511 0.0903037
2.66719514746 3.89603 0.10911
2.67309090101 3.88467 0.104004
2.67973176445 3.90221 0.0968496
2.68646693102 3.92362 0.100525
2.69219835647 3.90808 0.12321
2.69796467721 3.92295 0.132282
2.70489193937 3.92027 0.137156
2.71182026315 3.90839 0.140479
2.71709790339 3.88801 0.184609
2.7227864466 3.94268 0.152856
2.72994784687 3.91997 0.179074
2.73706528781 3.94033 0.227199
2.74248820391 3.97085 0.333967
2.74787331837 3.97619 0.295022
2.75504313834 3.92755 0.339857
2.76219934437 3.927 0.462423
2.76789278819 4.01718 0.859959
2.77283198247 3.77735 0.780804
2.77965581172 3.82138 1.64801
2.78599582346 17.1779 63.3861
