0.0088996412247 2.97716 0.134227
0.0150791221651 2.97851 0.0898979
0.0214479018646 2.97042 0.0591558
0.0278366077649 2.98153 0.0547091
0.034350997858 2.96726 0.0431144
0.0404788676143 2.97072 0.0433068
0.0467671668358 2.967 0.0464004
0.0530822510177 2.95824 0.0383858
0.0594536244094 2.95566 0.0346793
0.0657622481459 2.94951 0.0322854
0.071966329067 2.94641 0.032103
0.0782786091569 2.94689 0.0283877
0.0847039894583 2.9405 0.0268969
0.0909685462053 2.94092 0.0292389
0.0972078977683 2.9437 0.0279485
0.103476303896 2.93507 0.0260957
0.109757644425 2.93068 0.0301598
0.116054308478 2.92202 0.0232029
0.122366966654 2.90926 0.0250972
0.128681726309 2.89859 0.0212018
0.134950080166 2.88826 0.0250681
0.141194955884 2.88621 0.0218486
0.147513357575 2.88106 0.0206277
0.153786507425 2.88038 0.023693
0.160065754405 2.86564 0.0235154
0.166399116869 2.85845 0.0250106
0.172719564578 2.8464 0.018676
0.178976521338 2.83118 0.0209164
0.185235369065 2.81662 0.0195123
0.191480678734 2.80119 0.0197091
0.197788986865 2.79087 0.0207068
0.204093773545 2.77499 0.0211487
0.210393930261 2.76721 0.0201906
0.216690970982 2.7525 0.019711
0.222970028122 2.73793 0.0193337
0.229262002709 2.7266 0.0222285
0.235514150837 2.70874 0.0197636
0.241791058382 2.69374 0.020514
0.248085653944 2.67491 0.0185829
0.254349225687 2.65557 0.0210668
0.260633425188 2.64041 0.0187091
0.26692573709 2.62602 0.0179153
0.273242334314 2.60968 0.0179367
0.279552968008 2.59464 0.0168348
0.285836629231 2.57809 0.0214549
0.292087627139 2.5636 0.0204943
0.298344984444 2.54741 0.0193324
0.304638263941 2.52615 0.0172839
0.3109279127 2.51504 0.0202122
0.317216817162 2.49584 0.0191295
0.323518756794 2.4796 0.0191
0.329816821755 2.4677 0.017038
0.336117642946 2.45283 0.0192322
0.342370037571 2.43723 0.0185797
0.348647819267 2.42164 0.0171495
0.354941161441 2.40485 0.0176362
0.361191693542 2.39196 0.0198073
0.367476708956 2.37796 0.0166658
0.373764779528 2.36674 0.0175063
0.380065403148 2.34979 0.0191576
0.386353986126 2.33996 0.0176349
0.392614018136 2.32535 0.0173144
0.398926450032 2.31598 0.0161371
0.405207324458 2.30399 0.0177826
0.411491647757 2.29383 0.0157939
0.417781427212 2.28121 0.0180791
0.424040064873 2.2726 0.0172796
0.430342569027 2.26162 0.0184328
0.436635856026 2.25279 0.0177712
0.442899618322 2.24141 0.0166201
0.449163441853 2.23394 0.0173607
0.455441414625 2.22477 0.0182507
0.46176344703 2.2191 0.014612
0.468064424202 2.20769 0.0175486
0.474348524276 2.20268 0.017329
0.480635613682 2.19549 0.0180316
0.486901925839 2.18987 0.0177281
0.49316970996 2.18407 0.0189549
0.499450674714 2.17673 0.0167535
0.505715905134 2.17091 0.0169
0.511992399627 2.16809 0.017276
0.518312609777 2.16253 0.0172786
0.524608963803 2.15548 0.0154969
0.530875730848 2.15475 0.0168615
0.537157352795 2.14913 0.017156
0.543457956378 2.14576 0.0150443
0.549743065239 2.14091 0.0164609
0.55599374275 2.13976 0.0157274
0.562285467661 2.13752 0.0150004
0.568601153723 2.13271 0.0141633
0.574880458942 2.12979 0.0176827
0.581155021034 2.12752 0.0150412
0.587439449666 2.12654 0.0177542
0.59371762203 2.12201 0.0167361
0.599997195479 2.123 0.0174947
0.606267911512 2.11976 0.0155317
0.612546957644 2.1187 0.0150561
0.618847773304 2.1189 0.0175497
0.625131056744 2.11881 0.0156844
0.631402745038 2.11586 0.0177151
0.637700356273 2.11584 0.0161531
0.643985778331 2.11408 0.0152704
0.650268541717 2.11473 0.0160699
0.65655861177 2.11491 0.015564
0.662836928236 2.1143 0.0174628
0.669118544496 2.11382 0.0151326
0.675407019858 2.11487 0.0151458
0.681683551459 2.11205 0.0173271
0.687959253386 2.11365 0.0163704
0.694234431704 2.11275 0.015197
0.700517540243 2.11416 0.0154477
0.706812495661 2.11458 0.0149859
0.713101900967 2.11456 0.0149855
0.719391825117 2.11542 0.0165376
0.72568338076 2.11486 0.0163646
0.731965268271 2.11615 0.017306
0.738250799048 2.11678 0.0156326
0.744526584212 2.11763 0.0148894
0.750787110194 2.11814 0.0156198
0.757075846532 2.11596 0.0171891
0.76336412336 2.1206 0.0146088
0.769646295986 2.12114 0.0171356
0.775939486518 2.12278 0.0164153
0.782232914199 2.12564 0.0164881
0.788531493652 2.12343 0.0154791
0.794789656698 2.12541 0.017058
0.801049109659 2.12715 0.0151309
0.807336406173 2.12762 0.0145863
0.813622948837 2.12968 0.0155396
0.819915299896 2.13027 0.0154629
0.826195263639 2.13229 0.0168179
0.832489707008 2.13407 0.014915
0.838795930921 2.13627 0.0159837
0.84506346397 2.13627 0.0166403
0.851328286756 2.13728 0.0149723
0.85761982639 2.14083 0.0155062
0.863905847706 2.14203 0.0164675
0.870183874549 2.14404 0.0165253
0.876464109608 2.14603 0.015555
0.88275038734 2.14777 0.0169597
0.889033276839 2.14939 0.016199
0.895308424711 2.15131 0.0146404
0.901595652167 2.15575 0.0145271
0.907883332809 2.15641 0.0150939
0.914174410632 2.15859 0.0151969
0.920463081772 2.16313 0.014967
0.926743441526 2.16494 0.0148609
0.933032419735 2.16534 0.0155185
0.939326578557 2.16929 0.0143113
0.94559748104 2.1719 0.0150072
0.951866001855 2.17464 0.0145226
0.958141325553 2.17589 0.0158443
0.964435094511 2.18179 0.0156251
0.970735563357 2.18323 0.0155516
0.977008076845 2.18656 0.0141922
0.983282332536 2.18929 0.0160021
0.989556969197 2.19201 0.0148099
0.995845630192 2.19541 0.0163976
1.00213621074 2.1991 0.0142923
1.00840482534 2.2032 0.0160113
1.01469414984 2.2065 0.0149285
1.02099255544 2.21052 0.015032
1.02727398044 2.21338 0.0144593
1.0335591819 2.21726 0.0147067
1.03984755739 2.22051 0.0154862
1.04612697494 2.22453 0.0161108
1.05240343681 2.22838 0.0164237
1.05868070465 2.23291 0.0146499
1.06496433307 2.23664 0.0148631
1.07125677744 2.24012 0.0144689
1.0775440488 2.24489 0.0151873
1.08382482019 2.24824 0.0153524
1.09010802394 2.25175 0.0151576
1.09638966596 2.25734 0.0143655
1.10268113206 2.26108 0.0155082
1.10896304759 2.26574 0.0161268
1.11522542846 2.27075 0.0145144
1.12150212761 2.27422 0.0164801
1.12779257382 2.27959 0.0149028
1.13408955267 2.28463 0.0149296
1.14036404965 2.28806 0.0140098
1.14663918032 2.29453 0.014382
1.15294241299 2.29826 0.0142182
1.15922890675 2.30179 0.0156874
1.16550872189 2.30919 0.0138472
1.17179307626 2.31446 0.0155429
1.17808743637 2.3192 0.0140461
1.18436765425 2.32265 0.0136286
1.1906346423 2.33046 0.0139507
1.19691220883 2.33403 0.0145318
1.20320157735 2.33934 0.0143241
1.20948684444 2.34601 0.0161626
1.21576390207 2.35003 0.0147459
1.22204975517 2.35637 0.0153962
1.22834061662 2.36005 0.0142499
1.23463298658 2.36667 0.0140738
1.24090224718 2.37202 0.0152604
1.24717483914 2.37665 0.0142654
1.25346545993 2.38275 0.0136013
1.25974995189 2.3889 0.0152605
1.26603214313 2.39387 0.0135022
1.27231628847 2.40087 0.0131349
1.27860415506 2.40671 0.0145398
1.28488658893 2.41139 0.0142448
1.29117542007 2.41728 0.014221
1.29746572637 2.42355 0.013672
1.30374182701 2.43012 0.0145448
1.31001732292 2.43527 0.0132736
1.31630144766 2.44105 0.0137664
1.32258676036 2.44836 0.0143542
1.32886549245 2.45427 0.0133124
1.33514480495 2.46018 0.0130358
1.34144051627 2.46508 0.0135766
1.34773086842 2.47328 0.014211
1.35400158999 2.47866 0.0139332
1.3602826093 2.48477 0.0146591
1.36656568646 2.4903 0.0136024
1.37285149848 2.49695 0.0132905
1.37913537293 2.50344 0.0148558
1.38540956715 2.50949 0.0133829
1.39169864122 2.51779 0.0147888
1.39798445144 2.52314 0.0140344
1.40426788341 2.52931 0.016292
1.41055477948 2.53587 0.0141168
1.41683783355 2.54141 0.0137012
1.42311817719 2.54921 0.0134374
1.42939780116 2.55384 0.0149624
1.43568692182 2.56295 0.0150247
1.44197712177 2.56809 0.0148205
1.44825366785 2.57355 0.0141038
1.45453234897 2.58093 0.0146451
1.46081931915 2.58826 0.0148071
1.4671103644 2.59434 0.0126543
1.47339290895 2.60044 0.0132361
1.47966996524 2.60656 0.0135461
1.4859561446 2.6124 0.0138506
1.49223361076 2.61825 0.0135307
1.49850247038 2.62492 0.0144123
1.50478575205 2.63165 0.0137258
1.51107599189 2.638 0.0140848
1.51736163499 2.64298 0.0139947
1.52364857097 2.65008 0.0150582
1.52993803572 2.6564 0.0152213
1.53623017691 2.66344 0.0142035
1.54251071878 2.66768 0.0129135
1.54878396308 2.67497 0.0141475
1.55507306978 2.6807 0.0130758
1.56135732493 2.68761 0.0137716
1.56762912105 2.69251 0.0155381
1.5739136974 2.69838 0.0146021
1.58020354523 2.70404 0.0138255
1.58648539343 2.70966 0.0137234
1.59276001426 2.71478 0.0152109
1.59904643639 2.7216 0.0150367
1.60534213664 2.72623 0.0154707
1.61161976836 2.73204 0.0158683
1.61789716835 2.74119 0.0140438
1.62418270854 2.74947 0.0142405
1.63046407995 2.75861 0.0143269
1.63674824683 2.76809 0.0152756
1.64303013827 2.77565 0.0140767
1.64930808063 2.78469 0.0151988
1.65559224863 2.79253 0.0161328
1.66187827598 2.80099 0.0156209
1.66816823994 2.80981 0.0154683
1.6744495611 2.81831 0.0152503
1.68072138563 2.82619 0.0156974
1.68701215424 2.83489 0.0156536
1.6933074808 2.8425 0.016775
1.69958064303 2.85021 0.0155375
1.70586179344 2.85859 0.0155316
1.71215172419 2.86849 0.0148447
1.71843538617 2.87599 0.0160516
1.72471844694 2.88251 0.0148199
1.73099491844 2.89131 0.0158502
1.73728636032 2.89895 0.0158812
1.74356630258 2.90641 0.0151952
1.74983600778 2.91593 0.0147718
1.75612327869 2.92262 0.0145065
1.76241061606 2.93085 0.0171175
1.76869357896 2.93841 0.0152534
1.77497674839 2.94792 0.0168473
1.78126362161 2.9558 0.0156242
1.78754574761 2.96342 0.0166066
1.7938272923 2.97035 0.0165574
1.80010772174 2.97993 0.0158516
1.80639091391 2.98701 0.0152656
1.81267451427 2.99432 0.0162343
1.81895363524 3.00279 0.015124
1.82523850291 3.01045 0.0162298
1.8315236862 3.01802 0.0159235
1.83781040898 3.02627 0.0162436
1.84409642612 3.03416 0.0181065
1.8503769215 3.04209 0.0168836
1.85666074594 3.05019 0.0154263
1.86294359809 3.05726 0.017838
1.86922204917 3.06518 0.0172461
1.87550781357 3.07294 0.0165922
1.88179499507 3.08123 0.0170326
1.88807781314 3.08775 0.0168087
1.89435244502 3.09624 0.016939
1.90063796885 3.10417 0.0170763
1.90692833723 3.11386 0.0160915
1.91320221586 3.12024 0.0159738
1.91948223445 3.12769 0.0162947
1.92577010575 3.13546 0.0175195
1.93206491035 3.14327 0.0167875
1.93834071151 3.15122 0.0164754
1.94460828613 3.159 0.0184914
1.9508968614 3.16722 0.015681
1.95718811973 3.17631 0.0165338
1.96347509207 3.18264 0.0171988
1.9697553281 3.19055 0.0181844
1.9760413775 3.19894 0.0189588
1.98233260336 3.20582 0.0178833
1.98861171931 3.2131 0.0178727
1.99488792869 3.22082 0.0183718
2.00117304134 3.2266 0.0177582
2.00745262249 3.23683 0.0180285
2.01372721862 3.24208 0.018891
2.02001108039 3.24991 0.0179084
2.02630405283 3.25834 0.016671
2.03258735828 3.26507 0.019574
2.03886100377 3.27205 0.0196488
2.04514489951 3.27955 0.0170522
2.05143683626 3.29011 0.0200173
2.05772382203 3.29583 0.0195713
2.0640044634 3.30148 0.0196984
2.07029278421 3.30868 0.017511
2.07658471853 3.31837 0.0193193
2.08285424307 3.32451 0.0206404
2.08912259138 3.33036 0.0199318
2.09541730178 3.33819 0.0194589
2.10170304464 3.34603 0.0213957
2.10797273337 3.35127 0.0215789
2.11425579676 3.35938 0.0207502
2.12053788985 3.36512 0.02054
2.12682075079 3.37316 0.020354
2.13310670204 3.38036 0.0211456
2.13940011923 3.38804 0.0198731
2.14568939859 3.39441 0.0226178
2.15195789682 3.40043 0.0221764
2.15824033347 3.40566 0.0207935
2.16453048092 3.41307 0.0204463
2.17081716829 3.41911 0.0208549
2.17709912993 3.4291 0.0217482
2.18337674027 3.43483 0.0217314
2.18965452646 3.43766 0.0191081
2.19593814184 3.44709 0.020663
2.20221722867 3.45212 0.0211185
2.20849850085 3.46014 0.0205193
2.21479372465 3.46584 0.0232159
2.22107581834 3.47624 0.0237748
2.22733812199 3.48283 0.0227131
2.23362792264 3.48775 0.0219029
2.2399287897 3.4972 0.0212806
2.24620084223 3.50163 0.024754
2.2524810722 3.5083 0.0254206
2.25875993301 3.52054 0.0254966
2.26503776668 3.52908 0.025543
2.27130391144 3.54139 0.0236517
2.27758972822 3.54906 0.0261292
2.28389830542 3.55798 0.0238488
2.29017001225 3.56723 0.0254908
2.29645357402 3.5716 0.0278646
2.30275372852 3.5838 0.0281378
2.30903325986 3.59503 0.0281579
2.31530674049 3.60068 0.0266378
2.32158490306 3.60683 0.0272643
2.3278758488 3.61473 0.0290145
2.33415543799 3.62455 0.0282593
2.34041936871 3.63026 0.0292012
2.34670710068 3.634 0.0286674
2.3530032916 3.64669 0.0306349
2.35928989445 3.65529 0.0344885
2.36555387699 3.66232 0.0323391
2.37182578571 3.66963 0.0308899
2.3781409032 3.67456 0.0310916
2.38442809259 3.68455 0.0341516
2.39069258243 3.68915 0.030274
2.39698813839 3.69621 0.0322116
2.40330354843 3.70797 0.0404944
2.40957307365 3.70891 0.0348775
2.41583080138 3.72382 0.0374346
2.42214385676 3.72516 0.0341545
2.42843005755 3.72994 0.0364659
2.43467776878 3.74098 0.0409593
2.44097021258 3.74637 0.0360063
2.44729898127 3.75343 0.0409297
2.45356911846 3.76004 0.0400831
2.45980003814 3.76671 0.0428335
2.4661092349 3.77121 0.0395566
2.47241430729 3.78145 0.0403074
2.47866355169 3.78287 0.0439873
2.48493431628 3.79923 0.0406251
2.49124283111 3.7995 0.0393967
2.49755537626 3.80712 0.0492636
2.50380379021 3.8103 0.0469487
2.51005045336 3.81652 0.0476685
2.51638815336 3.82036 0.056646
2.52269694929 3.83084 0.0519278
2.52891211798 3.83461 0.0529056
2.53519495098 3.8448 0.0494211
2.54155301509 3.84499 0.0518237
2.54783359884 3.85247 0.0523842
2.55402772623 3.86778 0.0563465
2.56033571996 3.86367 0.0535136
2.56672381747 3.86913 0.0643986
2.57294751341 3.88539 0.0601781
2.57911252531 3.8858 0.0596267
2.58547549612 3.88867 0.0584362
2.59185019505 3.89028 0.0619904
2.59805932148 3.88906 0.0649572
2.60429715989 3.89395 0.0633354
2.61067449751 3.89651 0.0660016
2.61693283418 3.90747 0.0793385
2.62300854502 3.91305 0.0692066
2.62939753095 3.9188 0.0741034
2.63591057571 3.91297 0.0743036
2.64202978624 3.91884 0.0833633
2.64803951219 3.92647 0.0837823
2.65454096229 3.92474 0.090735
2.66118028258 3.93507 0.0926373
2.66719514746 3.92399 0.114372
2.67309090101 3.92869 0.105715
2.67973176445 3.9422 0.100307
2.68646693102 3.95697 0.106865
2.69219835647 3.94906 0.130846
2.69796467721 3.95829 0.130337
2.70489193937 3.94722 0.11625
2.71182026315 3.96323 0.151297
2.71709790339 3.92404 0.197531
2.7227864466 3.96368 0.155931
2.72994784687 3.96376 0.189943
2.73706528781 3.9943 0.212249
2.74248820391 3.98147 0.331784
2.74787331837 4.01118 0.321615
2.75504313834 3.99001 0.336864
2.76219934437 3.96305 0.481906
2.76789278819 4.03436 0.929612
2.77283198247 3.80488 0.746241
2.77965581172 3.9186 1.60775
2.78599582346 18.3722 87.0821
