0.0088996412247 2.41986 0.135185
0.0150791221651 2.42207 0.0727717
0.0214479018646 2.42955 0.0531432
0.0278366077649 2.43727 0.0437227
0.034350997858 2.43177 0.0350336
0.0404788676143 2.43453 0.0390912
0.0467671668358 2.44202 0.0367973
0.0530822510177 2.43831 0.0305148
0.0594536244094 2.4384 0.0268502
0.0657622481459 2.44166 0.0246801
0.071966329067 2.4468 0.0267399
0.0782786091569 2.45411 0.0227628
0.0847039894583 2.45787 0.0255799
0.0909685462053 2.46382 0.0280514
0.0972078977683 2.46929 0.0223243
0.103476303896 2.47274 0.0210139
0.109757644425 2.47858 0.024674
0.116054308478 2.48585 0.0196236
0.122366966654 2.48439 0.020628
0.128681726309 2.48371 0.0186172
0.134950080166 2.48784 0.0232524
0.141194955884 2.49567 0.0181886
0.147513357575 2.5037 0.017084
0.153786507425 2.51333 0.0209341
0.160065754405 2.5128 0.0202162
0.166399116869 2.51672 0.0190106
0.172719564578 2.5174 0.0174523
0.178976521338 2.52033 0.0192076
0.185235369065 2.5195 0.0173373
0.191480678734 2.51994 0.0177951
0.197788986865 2.5269 0.0194191
0.204093773545 2.52543 0.0186153
0.210393930261 2.53356 0.0175597
0.216690970982 2.53308 0.0187333
0.222970028122 2.53383 0.019968
0.229262002709 2.53705 0.0197511
0.235514150837 2.5378 0.0178174
0.241791058382 2.53816 0.0189373
0.248085653944 2.5335 0.016789
0.254349225687 2.53274 0.0186999
0.260633425188 2.53183 0.0172874
0.26692573709 2.5334 0.0171645
0.273242334314 2.5313 0.0176761
0.279552968008 2.53178 0.0165703
0.285836629231 2.52968 0.0202507
0.292087627139 2.5284 0.0200921
0.298344984444 2.52702 0.0178256
0.304638263941 2.52024 0.0167343
0.3109279127 2.52288 0.0184724
0.317216817162 2.51763 0.0189265
0.323518756794 2.5135 0.0167779
0.329816821755 2.51232 0.0169817
0.336117642946 2.50938 0.0150594
0.342370037571 2.50703 0.0185969
0.348647819267 2.50222 0.0171935
0.354941161441 2.49758 0.0183445
0.361191693542 2.49261 0.0172157
0.367476708956 2.48946 0.0170737
0.373764779528 2.48678 0.0170872
0.380065403148 2.4786 0.0177389
0.386353986126 2.47798 0.0185362
0.392614018136 2.47094 0.0159332
0.398926450032 2.46902 0.0171973
0.405207324458 2.46304 0.0183692
0.411491647757 2.46008 0.0157395
0.417781427212 2.45357 0.0188163
0.424040064873 2.44929 0.0174206
0.430342569027 2.44342 0.0188728
0.436635856026 2.44006 0.0179684
0.442899618322 2.43248 0.0179685
0.449163441853 2.42863 0.0194792
0.455441414625 2.4237 0.0180602
0.46176344703 2.41904 0.0171981
0.468064424202 2.41181 0.0177822
0.474348524276 2.40827 0.0173528
0.480635613682 2.40193 0.0192994
0.486901925839 2.39786 0.0167659
0.49316970996 2.39199 0.0198941
0.499450674714 2.38631 0.0178987
0.505715905134 2.37956 0.0165458
0.511992399627 2.37676 0.0192934
0.518312609777 2.37116 0.0193215
0.524608963803 2.36493 0.0166276
0.530875730848 2.36196 0.0175631
0.537157352795 2.35526 0.0181471
0.543457956378 2.35153 0.0167587
0.549743065239 2.34467 0.0153387
0.55599374275 2.3413 0.0170784
0.562285467661 2.33745 0.0157203
0.568601153723 2.33023 0.0153659
0.574880458942 2.32415 0.0173994
0.581155021034 2.31889 0.0167227
0.587439449666 2.31596 0.0189588
0.59371762203 2.30935 0.0178572
0.599997195479 2.30801 0.0176166
0.606267911512 2.30047 0.015789
0.612546957644 2.29649 0.0162042
0.618847773304 2.29403 0.0184638
0.625131056744 2.28829 0.0161993
0.631402745038 2.28549 0.0178528
0.637700356273 2.28148 0.017556
0.643985778331 2.27634 0.0161118
0.650268541717 2.27328 0.0165874
0.65655861177 2.26905 0.0159141
0.662836928236 2.26515 0.0176517
0.669118544496 2.26229 0.0156039
0.675407019858 2.25982 0.0158784
0.681683551459 2.25452 0.0167762
0.687959253386 2.25099 0.0173541
0.694234431704 2.24832 0.0162161
0.700517540243 2.24624 0.0166742
0.706812495661 2.24289 0.0153595
0.713101900967 2.23991 0.0165755
0.719391825117 2.23774 0.016903
0.72568338076 2.23419 0.0169827
0.731965268271 2.23081 0.0176357
0.738250799048 2.23011 0.0175214
0.744526584212 2.2282 0.0153251
0.750787110194 2.22527 0.0161968
0.757075846532 2.22224 0.0177006
0.76336412336 2.22163 0.0168548
0.769646295986 2.22128 0.0183678
0.775939486518 2.22102 0.0168597
0.782232914199 2.22055 0.0175501
0.788531493652 2.21571 0.0162166
0.794789656698 2.21496 0.017372
0.801049109659 2.21443 0.0170791
0.807336406173 2.2143 0.0158701
0.813622948837 2.21242 0.0151453
0.819915299896 2.21373 0.015711
0.826195263639 2.2116 0.0168551
0.832489707008 2.21186 0.0168649
0.838795930921 2.2125 0.0175319
0.84506346397 2.21129 0.0166761
0.851328286756 2.21099 0.0156604
0.85761982639 2.21238 0.0160929
0.863905847706 2.21186 0.0168793
0.870183874549 2.21239 0.0158499
0.876464109608 2.21356 0.0163025
0.88275038734 2.21357 0.0171638
0.889033276839 2.21517 0.016725
0.895308424711 2.21445 0.0157719
0.901595652167 2.21758 0.0146473
0.907883332809 2.21774 0.0164581
0.914174410632 2.21944 0.0154641
0.920463081772 2.22344 0.0152396
0.926743441526 2.22203 0.0168608
0.933032419735 2.22407 0.0158623
0.939326578557 2.22573 0.0153231
0.94559748104 2.22743 0.0153332
0.951866001855 2.22901 0.0153146
0.958141325553 2.23051 0.0163972
0.964435094511 2.23531 0.0160968
0.970735563357 2.23628 0.0158762
0.977008076845 2.23936 0.0158346
0.983282332536 2.2419 0.0164337
0.989556969197 2.24349 0.015664
0.995845630192 2.24735 0.0173891
1.00213621074 2.24961 0.0153622
1.00840482534 2.25315 0.0156134
1.01469414984 2.25655 0.0160196
1.02099255544 2.26139 0.0152573
1.02727398044 2.26358 0.0146605
1.0335591819 2.26687 0.0147561
1.03984755739 2.27068 0.0163535
1.04612697494 2.27423 0.0163772
1.05240343681 2.27815 0.0161394
1.05868070465 2.28204 0.0143765
1.06496433307 2.28672 0.0148761
1.07125677744 2.29026 0.0154576
1.0775440488 2.29577 0.0141557
1.08382482019 2.29914 0.0141499
1.09010802394 2.30144 0.0158711
1.09638966596 2.30781 0.0140526
1.10268113206 2.3117 0.0157894
1.10896304759 2.31642 0.015259
1.11522542846 2.32337 0.0147647
1.12150212761 2.32563 0.0163528
1.12779257382 2.33206 0.0153775
1.13408955267 2.33645 0.0159964
1.14036404965 2.34118 0.0140838
1.14663918032 2.34763 0.0142369
1.15294241299 2.35306 0.0143439
1.15922890675 2.35571 0.0147521
1.16550872189 2.36329 0.0138824
1.17179307626 2.36977 0.0158298
1.17808743637 2.37474 0.0140058
1.18436765425 2.37856 0.0136361
1.1906346423 2.38648 0.0140624
1.19691220883 2.39073 0.0149033
1.20320157735 2.3956 0.0146465
1.20948684444 2.40365 0.0148845
1.21576390207 2.40927 0.0156002
1.22204975517 2.41615 0.015852
1.22834061662 2.42027 0.0141232
1.23463298658 2.42773 0.0140761
1.24090224718 2.43316 0.0151982
1.24717483914 2.4394 0.0141752
1.25346545993 2.44616 0.0147854
1.25974995189 2.4534 0.0154501
1.26603214313 2.45896 0.0139794
1.27231628847 2.46666 0.0143953
1.27860415506 2.47263 0.0141578
1.28488658893 2.47855 0.0141495
1.29117542007 2.48596 0.0137957
1.29746572637 2.49161 0.0136066
1.30374182701 2.4997 0.0150942
1.31001732292 2.50653 0.0135938
1.31630144766 2.51282 0.0140712
1.32258676036 2.51989 0.0136147
1.32886549245 2.52866 0.0140664
1.33514480495 2.5333 0.0133895
1.34144051627 2.54064 0.0132455
1.34773086842 2.54914 0.0154011
1.35400158999 2.55526 0.0146913
1.3602826093 2.56278 0.015125
1.36656568646 2.56927 0.0143618
1.37285149848 2.5767 0.0148755
1.37913537293 2.58439 0.0141102
1.38540956715 2.59015 0.0135428
1.39169864122 2.60003 0.0141393
1.39798445144 2.60566 0.0145591
1.40426788341 2.61442 0.0157962
1.41055477948 2.62052 0.0144763
1.41683783355 2.62852 0.0138315
1.42311817719 2.63661 0.0150376
1.42939780116 2.64227 0.0143395
1.43568692182 2.6522 0.0151096
1.44197712177 2.65825 0.0145293
1.44825366785 2.66525 0.0145957
1.45453234897 2.67306 0.0153577
1.46081931915 2.68084 0.0157948
1.4671103644 2.68832 0.0129549
1.47339290895 2.69597 0.014026
1.47966996524 2.70297 0.0148512
1.4859561446 2.70943 0.0133817
1.49223361076 2.71699 0.014493
1.49850247038 2.72387 0.0148044
1.50478575205 2.73158 0.0147954
1.51107599189 2.73893 0.0139355
1.51736163499 2.74547 0.0141031
1.52364857097 2.75253 0.0150418
1.52993803572 2.76075 0.0150281
1.53623017691 2.76889 0.0146999
1.54251071878 2.77406 0.0137334
1.54878396308 2.78171 0.0145857
1.55507306978 2.78822 0.013401
1.56135732493 2.79663 0.0140725
1.56762912105 2.80215 0.0149682
1.5739136974 2.80847 0.0150216
1.58020354523 2.81566 0.0149141
1.58648539343 2.82152 0.0143191
1.59276001426 2.828 0.0149561
1.59904643639 2.83471 0.015569
1.60534213664 2.84081 0.0153677
1.61161976836 2.84572 0.0164306
1.61789716835 2.85786 0.0145868
1.62418270854 2.86792 0.0152371
1.63046407995 2.87811 0.0143125
1.63674824683 2.88806 0.0155115
1.64303013827 2.89832 0.0143639
1.64930808063 2.90744 0.0156372
1.65559224863 2.91674 0.0158529
1.66187827598 2.9249 0.0154837
1.66816823994 2.93598 0.0158461
1.6744495611 2.94535 0.0156449
1.68072138563 2.95452 0.0153122
1.68701215424 2.96493 0.0156207
1.6933074808 2.97225 0.01638
1.69958064303 2.98211 0.0152829
1.70586179344 2.99048 0.0161212
1.71215172419 3.00208 0.0147408
1.71843538617 3.01072 0.0156951
1.72471844694 3.01929 0.0153712
1.73099491844 3.0287 0.0165976
1.73728636032 3.038 0.0167079
1.74356630258 3.04711 0.015641
1.74983600778 3.05661 0.0154363
1.75612327869 3.06537 0.0160202
1.76241061606 3.07478 0.0164396
1.76869357896 3.0832 0.0166856
1.77497674839 3.09337 0.0171185
1.78126362161 3.10271 0.0163687
1.78754574761 3.11191 0.0166657
1.7938272923 3.12162 0.0163914
1.80010772174 3.131 0.0169817
1.80639091391 3.13909 0.0156047
1.81267451427 3.1471 0.0160945
1.81895363524 3.15794 0.0158069
1.82523850291 3.16564 0.0156519
1.8315236862 3.17524 0.0165246
1.83781040898 3.18487 0.0160394
1.84409642612 3.1941 0.0172025
1.8503769215 3.20378 0.0169016
1.85666074594 3.21339 0.0158734
1.86294359809 3.22202 0.0169257
1.86922204917 3.23083 0.0174981
1.87550781357 3.23967 0.0169783
1.88179499507 3.25041 0.0167926
1.88807781314 3.25733 0.0189914
1.89435244502 3.26658 0.0171802
1.90063796885 3.27687 0.0179433
1.90692833723 3.28737 0.0162157
1.91320221586 3.29512 0.0165657
1.91948223445 3.30466 0.016736
1.92577010575 3.3141 0.0187121
1.93206491035 3.32276 0.0176808
1.93834071151 3.33256 0.0170575
1.94460828613 3.34211 0.0187069
1.9508968614 3.35131 0.0163791
1.95718811973 3.36182 0.0166878
1.96347509207 3.36995 0.0166963
1.9697553281 3.3788 0.0190335
1.9760413775 3.38925 0.0185464
1.98233260336 3.39792 0.0186812
1.98861171931 3.40698 0.0180279
1.99488792869 3.41574 0.0188538
2.00117304134 3.42354 0.0175984
2.00745262249 3.4359 0.0197881
2.01372721862 3.4423 0.0190067
2.02001108039 3.45158 0.0186621
2.02630405283 3.461 0.0175258
2.03258735828 3.46971 0.0188798
2.03886100377 3.47904 0.020115
2.04514489951 3.4874 0.0169376
2.05143683626 3.49799 0.0203603
2.05772382203 3.50556 0.0196811
2.0640044634 3.51357 0.0189172
2.07029278421 3.52321 0.0192609
2.07658471853 3.53315 0.0191426
2.08285424307 3.54169 0.0212164
2.08912259138 3.55039 0.0186216
2.09541730178 3.55753 0.0201641
2.10170304464 3.56877 0.0223384
2.10797273337 3.5761 0.022678
2.11425579676 3.58351 0.0208715
2.12053788985 3.59148 0.0209157
2.12682075079 3.6 0.0206555
2.13310670204 3.60975 0.0218087
2.13940011923 3.61947 0.0207906
2.14568939859 3.62685 0.0217985
2.15195789682 3.63483 0.0220171
2.15824033347 3.64139 0.0230432
2.16453048092 3.65073 0.0218052
2.17081716829 3.65747 0.0215598
2.17709912993 3.66644 0.021818
2.18337674027 3.67566 0.0230146
2.18965452646 3.67941 0.0185637
2.19593814184 3.68994 0.0222519
2.20221722867 3.69838 0.0234042
2.20849850085 3.70784 0.0213841
2.21479372465 3.71614 0.0230513
2.22107581834 3.72665 0.0250988
2.22733812199 3.73587 0.0243112
2.23362792264 3.74148 0.0218782
2.2399287897 3.75352 0.0218276
2.24620084223 3.75984 0.0243415
2.2524810722 3.76835 0.0240688
2.25875993301 3.78102 0.0244479
2.26503776668 3.79181 0.026405
2.27130391144 3.80635 0.0245764
2.27758972822 3.81388 0.0254433
2.28389830542 3.82693 0.0251852
2.29017001225 3.83696 0.0240746
2.29645357402 3.84761 0.0285285
2.30275372852 3.86018 0.0278916
2.30903325986 3.87125 0.0287383
2.31530674049 3.87741 0.0256691
2.32158490306 3.88921 0.02804
2.3278758488 3.90003 0.0286505
2.33415543799 3.90807 0.0304277
2.34041936871 3.91475 0.0316096
2.34670710068 3.92554 0.0290884
2.3530032916 3.93893 0.0314338
2.35928989445 3.95196 0.0339947
2.36555387699 3.95879 0.0295869
2.37182578571 3.96686 0.0323077
2.3781409032 3.97533 0.0326435
2.38442809259 3.98409 0.0316143
2.39069258243 3.99129 0.0287676
2.39698813839 4.00476 0.0351975
2.40330354843 4.02008 0.0406577
2.40957307365 4.01846 0.0332009
2.41583080138 4.03877 0.0367548
2.42214385676 4.03964 0.0352182
2.42843005755 4.04772 0.0395383
2.43467776878 4.05845 0.0368767
2.44097021258 4.07092 0.0350954
2.44729898127 4.08118 0.0423281
2.45356911846 4.08462 0.0422719
2.45980003814 4.09147 0.041544
2.4661092349 4.10148 0.0380459
2.47241430729 4.10998 0.0371717
2.47866355169 4.11578 0.0418383
2.48493431628 4.1342 0.0363195
2.49124283111 4.13477 0.0438006
2.49755537626 4.14764 0.0491552
2.50380379021 4.15289 0.0472271
2.51005045336 4.16102 0.0494136
2.51638815336 4.16804 0.0563895
2.52269694929 4.17972 0.0492504
2.52891211798 4.18509 0.0490243
2.53519495098 4.18818 0.0496066
2.54155301509 4.20176 0.0505216
2.54783359884 4.20849 0.0469403
2.55402772623 4.2217 0.0540046
2.56033571996 4.23059 0.0607812
2.56672381747 4.23744 0.0561257
2.57294751341 4.24429 0.0570026
2.57911252531 4.24639 0.0601446
2.58547549612 4.25764 0.0581792
2.59185019505 4.26205 0.0553844
2.59805932148 4.26084 0.0676274
2.60429715989 4.27315 0.0659811
2.61067449751 4.27152 0.0680331
2.61693283418 4.28702 0.0664184
2.62300854502 4.28419 0.0743971
2.62939753095 4.2963 0.07761
2.63591057571 4.29103 0.086866
2.64202978624 4.30265 0.0777002
2.64803951219 4.31875 0.0849488
2.65454096229 4.30723 0.0972034
2.66118028258 4.32189 0.0934059
2.66719514746 4.31415 0.111658
2.67309090101 4.31121 0.101497
2.67973176445 4.3412 0.114233
2.68646693102 4.34912 0.113636
2.69219835647 4.33256 0.133088
2.69796467721 4.34317 0.134346
2.70489193937 4.36332 0.123659
2.71182026315 4.36453 0.138836
2.71709790339 4.3185 0.19815
2.7227864466 4.37353 0.16935
2.72994784687 4.339 0.198102
2.73706528781 4.37997 0.243384
2.74248820391 4.36426 0.357303
2.74787331837 4.41704 0.285951
2.75504313834 4.37112 0.321175
2.76219934437 4.4046 0.496285
2.76789278819 4.31885 0.950856
2.77283198247 4.16063 0.861009
2.77965581172 4.21811 1.63132
2.78599582346 96.5168 2624.3
