0.0088996412247 -0.526807 0.207111
0.0150791221651 -0.510375 0.125064
0.0214479018646 -0.456799 0.0685562
0.0278366077649 -0.435571 0.0732797
0.034350997858 -0.385115 0.056942
0.0404788676143 -0.343102 0.053533
0.0467671668358 -0.296253 0.050381
0.0530822510177 -0.236569 0.049733
0.0594536244094 -0.181923 0.039221
0.0657622481459 -0.12505 0.0386074
0.071966329067 -0.0563058 0.0365698
0.0782786091569 0.00808404 0.0272874
0.0847039894583 0.071455 0.030255
0.0909685462053 0.129061 0.0324553
0.0972078977683 0.186251 0.0314379
0.103476303896 0.25312 0.0298939
0.109757644425 0.328022 0.0280404
0.116054308478 0.40366 0.026692
0.122366966654 0.479906 0.0258556
0.128681726309 0.549231 0.0243952
0.134950080166 0.621008 0.0269061
0.141194955884 0.674705 0.0237065
0.147513357575 0.73309 0.022353
0.153786507425 0.784217 0.0179746
0.160065754405 0.842277 0.023775
0.166399116869 0.895344 0.020969
0.172719564578 0.955804 0.0206546
0.178976521338 1.0085 0.0190739
0.185235369065 1.06592 0.0174411
0.191480678734 1.11306 0.0191924
0.197788986865 1.15701 0.0170556
0.204093773545 1.19691 0.0211898
0.210393930261 1.23281 0.0150155
0.216690970982 1.26116 0.0167281
0.222970028122 1.28755 0.0194626
0.229262002709 1.3213 0.0195135
0.235514150837 1.34359 0.0197324
0.241791058382 1.37071 0.018789
0.248085653944 1.39361 0.0183646
0.254349225687 1.41686 0.0193057
0.260633425188 1.43511 0.0164879
0.26692573709 1.44914 0.0174058
0.273242334314 1.46389 0.014529
0.279552968008 1.47481 0.0169751
0.285836629231 1.48418 0.0173747
0.292087627139 1.49213 0.0170388
0.298344984444 1.50263 0.0162346
0.304638263941 1.50994 0.0172436
0.3109279127 1.51877 0.0150765
0.317216817162 1.52713 0.0148872
0.323518756794 1.53221 0.015755
0.329816821755 1.53633 0.0162164
0.336117642946 1.54438 0.0163543
0.342370037571 1.54676 0.0189174
0.348647819267 1.55359 0.0144796
0.354941161441 1.55987 0.0161508
0.361191693542 1.56008 0.015027
0.367476708956 1.56772 0.0144137
0.373764779528 1.57464 0.0165461
0.380065403148 1.57614 0.016483
0.386353986126 1.58116 0.0159359
0.392614018136 1.5891 0.0159966
0.398926450032 1.59106 0.0150718
0.405207324458 1.59555 0.0154487
0.411491647757 1.59791 0.0155656
0.417781427212 1.60672 0.0173963
0.424040064873 1.61151 0.0164167
0.430342569027 1.61593 0.01597
0.436635856026 1.62304 0.015678
0.442899618322 1.62765 0.0146337
0.449163441853 1.63227 0.015201
0.455441414625 1.6385 0.0150632
0.46176344703 1.64299 0.015193
0.468064424202 1.64836 0.0146039
0.474348524276 1.65394 0.0150966
0.480635613682 1.66215 0.0135943
0.486901925839 1.66712 0.013895
0.49316970996 1.67121 0.015151
0.499450674714 1.67871 0.015034
0.505715905134 1.68132 0.0142589
0.511992399627 1.68651 0.0164078
0.518312609777 1.69323 0.0141914
0.524608963803 1.69745 0.0146665
0.530875730848 1.70373 0.0157913
0.537157352795 1.71253 0.0143996
0.543457956378 1.71662 0.0167239
0.549743065239 1.71938 0.0144377
0.55599374275 1.72624 0.0132162
0.562285467661 1.73484 0.0136191
0.568601153723 1.74092 0.0143827
0.574880458942 1.74342 0.0131246
0.581155021034 1.74926 0.0168736
0.587439449666 1.75542 0.0151243
0.59371762203 1.76014 0.0140427
0.599997195479 1.76679 0.0161796
0.606267911512 1.7695 0.0126977
0.612546957644 1.77531 0.0157647
0.618847773304 1.78286 0.0142008
0.625131056744 1.78745 0.0134603
0.631402745038 1.79366 0.0131712
0.637700356273 1.79853 0.0141092
0.643985778331 1.80443 0.0135432
0.650268541717 1.8083 0.0125125
0.65655861177 1.81441 0.0156739
0.662836928236 1.8206 0.0144947
0.669118544496 1.82463 0.0147138
0.675407019858 1.83137 0.0154382
0.681683551459 1.83432 0.014044
0.687959253386 1.84293 0.016541
0.694234431704 1.84725 0.0141622
0.700517540243 1.85348 0.0133632
0.706812495661 1.85566 0.0138136
0.713101900967 1.8636 0.0143273
0.719391825117 1.86971 0.0128883
0.72568338076 1.87354 0.0156131
0.731965268271 1.87953 0.0143765
0.738250799048 1.88411 0.0139127
0.744526584212 1.89057 0.0133687
0.750787110194 1.89586 0.0149152
0.757075846532 1.90031 0.0146982
0.76336412336 1.90631 0.0153799
0.769646295986 1.9139 0.0144342
0.775939486518 1.91775 0.0133577
0.782232914199 1.92446 0.0148577
0.788531493652 1.92951 0.0148277
0.794789656698 1.93581 0.0137734
0.801049109659 1.93924 0.0141633
0.807336406173 1.94592 0.0134977
0.813622948837 1.95055 0.0133964
0.819915299896 1.95699 0.0148254
0.826195263639 1.96313 0.0146674
0.832489707008 1.96689 0.0166203
0.838795930921 1.97425 0.0130932
0.84506346397 1.97905 0.0132884
0.851328286756 1.98514 0.0134041
0.85761982639 1.99025 0.01516
0.863905847706 1.99618 0.013381
0.870183874549 2.00179 0.0123663
0.876464109608 2.00794 0.0139578
0.88275038734 2.0131 0.0132071
0.889033276839 2.01934 0.0142969
0.895308424711 2.02454 0.0132
0.901595652167 2.03072 0.0125293
0.907883332809 2.03523 0.0146478
0.914174410632 2.04028 0.0130671
0.920463081772 2.04729 0.0135642
0.926743441526 2.053 0.0140816
0.933032419735 2.06029 0.0133671
0.939326578557 2.06463 0.0153458
0.94559748104 2.07047 0.0132916
0.951866001855 2.07606 0.0149186
0.958141325553 2.08123 0.0130767
0.964435094511 2.08778 0.0142249
0.970735563357 2.09576 0.0129881
0.977008076845 2.10184 0.0142257
0.983282332536 2.10587 0.0138027
0.989556969197 2.1119 0.012558
0.995845630192 2.11968 0.0135793
1.00213621074 2.12576 0.0130962
1.00840482534 2.13131 0.0146449
1.01469414984 2.13683 0.0145856
1.02099255544 2.14422 0.0125848
1.02727398044 2.14784 0.0148814
1.0335591819 2.15542 0.0139152
1.03984755739 2.16174 0.0141404
1.04612697494 2.16756 0.0132934
1.05240343681 2.17307 0.0136146
1.05868070465 2.18091 0.0127585
1.06496433307 2.18696 0.0144738
1.07125677744 2.19248 0.0140099
1.0775440488 2.19778 0.0123656
1.08382482019 2.20766 0.0138966
1.09010802394 2.21145 0.0140855
1.09638966596 2.21857 0.0130519
1.10268113206 2.22365 0.0132438
1.10896304759 2.23033 0.0131193
1.11522542846 2.23836 0.0129753
1.12150212761 2.24453 0.0139646
1.12779257382 2.25047 0.0131187
1.13408955267 2.25716 0.012936
1.14036404965 2.26404 0.0131959
1.14663918032 2.27052 0.0139413
1.15294241299 2.27714 0.0132177
1.15922890675 2.28356 0.0114665
1.16550872189 2.28935 0.013837
1.17179307626 2.29738 0.0145556
1.17808743637 2.30555 0.01403
1.18436765425 2.31099 0.0135191
1.1906346423 2.31725 0.0125752
1.19691220883 2.32401 0.0130862
1.20320157735 2.32949 0.0140267
1.20948684444 2.33782 0.0125291
1.21576390207 2.34549 0.0126987
1.22204975517 2.35003 0.0135051
1.22834061662 2.35786 0.0131553
1.23463298658 2.36416 0.0122221
1.24090224718 2.37186 0.013291
1.24717483914 2.37926 0.0131371
1.25346545993 2.38665 0.0133273
1.25974995189 2.3921 0.0131371
1.26603214313 2.40083 0.0138063
1.27231628847 2.40659 0.0139784
1.27860415506 2.41343 0.0138776
1.28488658893 2.42007 0.0139357
1.29117542007 2.42757 0.0124242
1.29746572637 2.43505 0.0136696
1.30374182701 2.44087 0.0136709
1.31001732292 2.44843 0.0140292
1.31630144766 2.45539 0.0132856
1.32258676036 2.46335 0.0135454
1.32886549245 2.47073 0.0138896
1.33514480495 2.47717 0.0130104
1.34144051627 2.48468 0.0134456
1.34773086842 2.49194 0.0136781
1.35400158999 2.49949 0.0126423
1.3602826093 2.50661 0.0136362
1.36656568646 2.51268 0.0133225
1.37285149848 2.52002 0.0134919
1.37913537293 2.52764 0.0136513
1.38540956715 2.53391 0.0140281
1.39169864122 2.54193 0.0131038
1.39798445144 2.5486 0.01324
1.40426788341 2.5561 0.0126921
1.41055477948 2.56345 0.0138906
1.41683783355 2.57154 0.0140274
1.42311817719 2.5775 0.0138897
1.42939780116 2.58511 0.0135255
1.43568692182 2.59245 0.0132528
1.44197712177 2.59959 0.0139613
1.44825366785 2.60645 0.0146552
1.45453234897 2.6136 0.0144386
1.46081931915 2.62055 0.0137554
1.4671103644 2.62683 0.0132189
1.47339290895 2.63471 0.0135708
1.47966996524 2.64201 0.0139919
1.4859561446 2.648 0.0135705
1.49223361076 2.65538 0.0138994
1.49850247038 2.66194 0.0133935
1.50478575205 2.6681 0.0133238
1.51107599189 2.67533 0.013267
1.51736163499 2.68242 0.0131447
1.52364857097 2.68846 0.0134713
1.52993803572 2.69584 0.0143043
1.53623017691 2.70273 0.0133105
1.54251071878 2.70891 0.0128031
1.54878396308 2.71533 0.0138893
1.55507306978 2.72108 0.0127222
1.56135732493 2.72733 0.0133117
1.56762912105 2.73412 0.0143993
1.5739136974 2.74051 0.0138643
1.58020354523 2.74648 0.0140625
1.58648539343 2.75049 0.0141696
1.59276001426 2.75643 0.0130378
1.59904643639 2.76382 0.013379
1.60534213664 2.76875 0.0143948
1.61161976836 2.77634 0.0147261
1.61789716835 2.78468 0.0133745
1.62418270854 2.79432 0.0139444
1.63046407995 2.80385 0.0146426
1.63674824683 2.81209 0.0142548
1.64303013827 2.82179 0.0140712
1.64930808063 2.83178 0.0138579
1.65559224863 2.83931 0.013743
1.66187827598 2.84583 0.0151199
1.66816823994 2.8564 0.0149008
1.6744495611 2.86495 0.014117
1.68072138563 2.87314 0.0132412
1.68701215424 2.88169 0.0145957
1.6933074808 2.88915 0.013903
1.69958064303 2.89711 0.0160179
1.70586179344 2.90419 0.0140829
1.71215172419 2.91523 0.0145072
1.71843538617 2.92332 0.0142935
1.72471844694 2.93115 0.0138767
1.73099491844 2.93937 0.0144936
1.73728636032 2.94944 0.0150374
1.74356630258 2.95595 0.0140276
1.74983600778 2.96356 0.0140865
1.75612327869 2.97249 0.0133296
1.76241061606 2.98085 0.0145745
1.76869357896 2.98872 0.0152601
1.77497674839 2.99757 0.0147767
1.78126362161 3.00433 0.015093
1.78754574761 3.01384 0.0152591
1.7938272923 3.02203 0.0145247
1.80010772174 3.03046 0.0168647
1.80639091391 3.03832 0.0158073
1.81267451427 3.04415 0.014937
1.81895363524 3.05128 0.0161482
1.82523850291 3.06012 0.0158809
1.8315236862 3.06825 0.0169417
1.83781040898 3.07563 0.0142404
1.84409642612 3.0851 0.0167887
1.8503769215 3.09326 0.0160853
1.85666074594 3.10126 0.0168775
1.86294359809 3.10859 0.014872
1.86922204917 3.11738 0.0158687
1.87550781357 3.12501 0.0148631
1.88179499507 3.13222 0.0166355
1.88807781314 3.14013 0.0163888
1.89435244502 3.14774 0.0161038
1.90063796885 3.15669 0.0165093
1.90692833723 3.16482 0.0167013
1.91320221586 3.17116 0.016596
1.91948223445 3.17926 0.0167482
1.92577010575 3.18875 0.0155502
1.93206491035 3.19628 0.016529
1.93834071151 3.20333 0.0165519
1.94460828613 3.2113 0.0160472
1.9508968614 3.21971 0.0177719
1.95718811973 3.22775 0.0187383
1.96347509207 3.23317 0.0176052
1.9697553281 3.24339 0.0184084
1.9760413775 3.25038 0.0161273
1.98233260336 3.25833 0.0176511
1.98861171931 3.26558 0.0171576
1.99488792869 3.27218 0.0177992
2.00117304134 3.28046 0.0174163
2.00745262249 3.29068 0.0176925
2.01372721862 3.29822 0.0170279
2.02001108039 3.30262 0.0176978
2.02630405283 3.31212 0.0177266
2.03258735828 3.31866 0.0175613
2.03886100377 3.32784 0.0188572
2.04514489951 3.33313 0.0162796
2.05143683626 3.34066 0.0192415
2.05772382203 3.348 0.0174273
2.0640044634 3.35445 0.0207326
2.07029278421 3.36216 0.0184219
2.07658471853 3.37064 0.0185065
2.08285424307 3.37787 0.0167019
2.08912259138 3.38586 0.019292
2.09541730178 3.39107 0.0200065
2.10170304464 3.40101 0.0185179
2.10797273337 3.40613 0.0220754
2.11425579676 3.41473 0.0192188
2.12053788985 3.42059 0.0202285
2.12682075079 3.42751 0.0197377
2.13310670204 3.43338 0.0189636
2.13940011923 3.43949 0.0199618
2.14568939859 3.44989 0.0216566
2.15195789682 3.45518 0.0213733
2.15824033347 3.46023 0.0220886
2.16453048092 3.46794 0.0192834
2.17081716829 3.47483 0.0208588
2.17709912993 3.48062 0.0205793
2.18337674027 3.48847 0.0233903
2.18965452646 3.49358 0.0209044
2.19593814184 3.50049 0.0221097
2.20221722867 3.50883 0.0227523
2.20849850085 3.51432 0.0223156
2.21479372465 3.52228 0.0233725
2.22107581834 3.5289 0.0211455
2.22733812199 3.53484 0.0224609
2.23362792264 3.54186 0.0223125
2.2399287897 3.54904 0.0256964
2.24620084223 3.55831 0.0225266
2.2524810722 3.5649 0.0239327
2.25875993301 3.57615 0.0241415
2.26503776668 3.58237 0.0254255
2.27130391144 3.59017 0.0254625
2.27758972822 3.60545 0.0272006
2.28389830542 3.61076 0.0252652
2.29017001225 3.62194 0.0271611
2.29645357402 3.63419 0.026815
2.30275372852 3.63806 0.023509
2.30903325986 3.64601 0.027005
2.31530674049 3.65287 0.0266635
2.32158490306 3.66435 0.0299895
2.3278758488 3.67108 0.028919
2.33415543799 3.67685 0.0296543
2.34041936871 3.68729 0.0269362
2.34670710068 3.69376 0.0277426
2.3530032916 3.6993 0.0292937
2.35928989445 3.71047 0.0305608
2.36555387699 3.71562 0.0300924
2.37182578571 3.72593 0.0319399
2.3781409032 3.7335 0.0302652
2.38442809259 3.73955 0.0313928
2.39069258243 3.74561 0.0314562
2.39698813839 3.75594 0.0305112
2.40330354843 3.76166 0.0317079
2.40957307365 3.7689 0.0313678
2.41583080138 3.77646 0.0348232
2.42214385676 3.78138 0.0322851
2.42843005755 3.79452 0.0364859
2.43467776878 3.79668 0.0312875
2.44097021258 3.80821 0.0358474
2.44729898127 3.81246 0.0405991
2.45356911846 3.81891 0.0362538
2.45980003814 3.82257 0.0360976
2.4661092349 3.83235 0.0366179
2.47241430729 3.83485 0.0387946
2.47866355169 3.84482 0.0394195
2.48493431628 3.84789 0.0394706
2.49124283111 3.85587 0.0391368
2.49755537626 3.86704 0.0381059
2.50380379021 3.87375 0.0427354
2.51005045336 3.88295 0.044609
2.51638815336 3.88531 0.0478603
2.52269694929 3.89569 0.0472035
2.52891211798 3.89501 0.0518691
2.53519495098 3.89417 0.0423397
2.54155301509 3.91184 0.0458811
2.54783359884 3.91196 0.0469563
2.55402772623 3.91725 0.0551346
2.56033571996 3.92425 0.0529692
2.56672381747 3.93409 0.0501325
2.57294751341 3.93044 0.0542386
2.57911252531 3.93705 0.0582977
2.58547549612 3.94477 0.0569151
2.59185019505 3.95766 0.05814
2.59805932148 3.95659 0.0626702
2.60429715989 3.96548 0.0636902
2.61067449751 3.97103 0.0662946
2.61693283418 3.9725 0.070811
2.62300854502 3.97032 0.0761116
2.62939753095 3.97233 0.0751882
2.63591057571 3.99256 0.0806323
2.64202978624 3.99788 0.0720101
2.64803951219 3.99134 0.0915704
2.65454096229 3.99973 0.0875723
2.66118028258 3.9986 0.0937154
2.66719514746 3.99607 0.112366
2.67309090101 4.01361 0.0957452
2.67973176445 4.01823 0.119068
2.68646693102 4.00972 0.101825
2.69219835647 4.00784 0.119939
2.69796467721 3.99779 0.118469
2.70489193937 3.99859 0.122705
2.71182026315 4.02296 0.13239
2.71709790339 4.02777 0.189962
2.7227864466 4.03523 0.172288
2.72994784687 4.02959 0.175341
2.73706528781 4.04107 0.207868
2.74248820391 3.94794 0.324985
2.74787331837 4.04018 0.239409
2.75504313834 4.05645 0.314276
2.76219934437 3.98418 0.417086
2.76789278819 3.93272 0.787561
2.77283198247 4.00642 0.875312
2.77965581172 3.94467 1.88487
2.78599582346 -10.68 125.055
