0.0088996412247 0.980416 0.137159
0.0150791221651 0.990349 0.0734842
0.0214479018646 0.993102 0.0449698
0.0278366077649 0.998847 0.0458932
0.034350997858 1.0113 0.0351035
0.0404788676143 1.0116 0.0317634
0.0467671668358 1.01379 0.0311406
0.0530822510177 1.02517 0.0305324
0.0594536244094 1.02806 0.0264423
0.0657622481459 1.02802 0.0232464
0.071966329067 1.03652 0.0241785
0.0782786091569 1.03961 0.019598
0.0847039894583 1.03682 0.0218513
0.0909685462053 1.04009 0.0225575
0.0972078977683 1.0418 0.0189617
0.103476303896 1.04176 0.0214173
0.109757644425 1.0451 0.0206202
0.116054308478 1.04376 0.0211322
0.122366966654 1.05224 0.0185918
0.128681726309 1.05577 0.0188916
0.134950080166 1.05802 0.0171818
0.141194955884 1.05387 0.0172608
0.147513357575 1.05477 0.0177848
0.153786507425 1.04944 0.0165411
0.160065754405 1.05201 0.0170763
0.166399116869 1.0534 0.0154623
0.172719564578 1.0591 0.0165697
0.178976521338 1.05903 0.0154943
0.185235369065 1.06663 0.0156558
0.191480678734 1.07192 0.0163325
0.197788986865 1.07405 0.0158821
0.204093773545 1.0752 0.0150438
0.210393930261 1.07689 0.0142096
0.216690970982 1.07819 0.0149637
0.222970028122 1.07946 0.0173507
0.229262002709 1.08352 0.0167784
0.235514150837 1.08185 0.0173297
0.241791058382 1.0899 0.0143033
0.248085653944 1.0974 0.0179996
0.254349225687 1.1016 0.0138625
0.260633425188 1.10622 0.0125146
0.26692573709 1.10836 0.0141594
0.273242334314 1.11595 0.0129411
0.279552968008 1.11857 0.0157475
0.285836629231 1.1222 0.0160762
0.292087627139 1.12759 0.0132575
0.298344984444 1.13421 0.0145676
0.304638263941 1.13777 0.0139054
0.3109279127 1.14284 0.0125773
0.317216817162 1.15101 0.0136942
0.323518756794 1.15542 0.0147093
0.329816821755 1.16459 0.014148
0.336117642946 1.17309 0.0146213
0.342370037571 1.17658 0.0152923
0.348647819267 1.18405 0.0117599
0.354941161441 1.18953 0.0139186
0.361191693542 1.19679 0.0131908
0.367476708956 1.20639 0.012699
0.373764779528 1.21325 0.0137372
0.380065403148 1.22012 0.0136527
0.386353986126 1.22706 0.0133065
0.392614018136 1.23774 0.0132209
0.398926450032 1.24348 0.0125562
0.405207324458 1.25047 0.0130767
0.411491647757 1.25713 0.0133589
0.417781427212 1.26588 0.0138829
0.424040064873 1.27612 0.0146782
0.430342569027 1.28409 0.0124358
0.436635856026 1.29242 0.0138423
0.442899618322 1.30045 0.0129631
0.449163441853 1.30856 0.0121707
0.455441414625 1.31716 0.0128749
0.46176344703 1.32575 0.0140642
0.468064424202 1.33466 0.0132899
0.474348524276 1.34276 0.0150617
0.480635613682 1.35396 0.0112757
0.486901925839 1.36326 0.0131221
0.49316970996 1.36934 0.0136686
0.499450674714 1.38201 0.0139167
0.505715905134 1.38709 0.013426
0.511992399627 1.39757 0.0132623
0.518312609777 1.40585 0.0120499
0.524608963803 1.41427 0.0134005
0.530875730848 1.42468 0.0135494
0.537157352795 1.43512 0.0136774
0.543457956378 1.44243 0.0132327
0.549743065239 1.45109 0.0129418
0.55599374275 1.46017 0.0112405
0.562285467661 1.47151 0.01226
0.568601153723 1.48278 0.0120075
0.574880458942 1.49055 0.0125222
0.581155021034 1.49998 0.0135394
0.587439449666 1.50827 0.0139426
0.59371762203 1.51715 0.0130707
0.599997195479 1.52664 0.0148381
0.606267911512 1.53625 0.0125442
0.612546957644 1.54461 0.0140973
0.618847773304 1.5548 0.0125764
0.625131056744 1.56473 0.0125513
0.631402745038 1.57197 0.0134733
0.637700356273 1.58158 0.0132411
0.643985778331 1.59097 0.0122026
0.650268541717 1.59941 0.0132354
0.65655861177 1.60945 0.013286
0.662836928236 1.62001 0.0141299
0.669118544496 1.62677 0.0137823
0.675407019858 1.63706 0.0139938
0.681683551459 1.64442 0.0139762
0.687959253386 1.65537 0.0150906
0.694234431704 1.66346 0.0131934
0.700517540243 1.67299 0.0126255
0.706812495661 1.68093 0.0130977
0.713101900967 1.6902 0.012926
0.719391825117 1.69947 0.0122304
0.72568338076 1.70683 0.0147336
0.731965268271 1.71764 0.0134761
0.738250799048 1.72489 0.0134
0.744526584212 1.73301 0.012877
0.750787110194 1.74247 0.0137957
0.757075846532 1.7497 0.0130105
0.76336412336 1.76042 0.0123532
0.769646295986 1.76813 0.0128286
0.775939486518 1.77414 0.01261
0.782232914199 1.78439 0.0130799
0.788531493652 1.79414 0.0133088
0.794789656698 1.80238 0.0136235
0.801049109659 1.80802 0.0126488
0.807336406173 1.81728 0.0132906
0.813622948837 1.82574 0.0135966
0.819915299896 1.83297 0.0142489
0.826195263639 1.8426 0.0147857
0.832489707008 1.84896 0.0136591
0.838795930921 1.85698 0.0117903
0.84506346397 1.86513 0.0128424
0.851328286756 1.87273 0.0115268
0.85761982639 1.88041 0.0135671
0.863905847706 1.8879 0.0134692
0.870183874549 1.89591 0.0128164
0.876464109608 1.90379 0.0135229
0.88275038734 1.91164 0.0135427
0.889033276839 1.91787 0.0129963
0.895308424711 1.92674 0.0127788
0.901595652167 1.93351 0.0124008
0.907883332809 1.94061 0.0136704
0.914174410632 1.94618 0.0131954
0.920463081772 1.95305 0.0131534
0.926743441526 1.96386 0.0115433
0.933032419735 1.9696 0.0130072
0.939326578557 1.97663 0.0134701
0.94559748104 1.98468 0.0119388
0.951866001855 1.99163 0.0151015
0.958141325553 1.99782 0.0129875
0.964435094511 2.00574 0.0138005
0.970735563357 2.01465 0.0122156
0.977008076845 2.02068 0.0134356
0.983282332536 2.02654 0.0137186
0.989556969197 2.03374 0.0125186
0.995845630192 2.04201 0.0133822
1.00213621074 2.04929 0.0132971
1.00840482534 2.05577 0.0146476
1.01469414984 2.06141 0.0132825
1.02099255544 2.06893 0.0118627
1.02727398044 2.07481 0.0146684
1.0335591819 2.08233 0.0142398
1.03984755739 2.08865 0.0135176
1.04612697494 2.09608 0.0128
1.05240343681 2.10219 0.0139814
1.05868070465 2.10977 0.0127439
1.06496433307 2.1155 0.0145874
1.07125677744 2.12161 0.0130674
1.0775440488 2.12755 0.0140254
1.08382482019 2.1366 0.0146301
1.09010802394 2.14334 0.0134073
1.09638966596 2.14909 0.0132969
1.10268113206 2.15433 0.0133834
1.10896304759 2.16136 0.0142675
1.11522542846 2.16734 0.0124374
1.12150212761 2.17579 0.0133981
1.12779257382 2.18096 0.0135553
1.13408955267 2.18864 0.0121584
1.14036404965 2.19428 0.0131059
1.14663918032 2.20068 0.0139265
1.15294241299 2.2067 0.0136531
1.15922890675 2.21434 0.0126786
1.16550872189 2.22032 0.0139513
1.17179307626 2.22632 0.0138666
1.17808743637 2.23378 0.0142075
1.18436765425 2.24071 0.0140888
1.1906346423 2.24689 0.0130431
1.19691220883 2.25328 0.0131776
1.20320157735 2.25911 0.0141248
1.20948684444 2.26628 0.0137263
1.21576390207 2.27277 0.013645
1.22204975517 2.27669 0.0132778
1.22834061662 2.285 0.0133326
1.23463298658 2.29019 0.0128506
1.24090224718 2.29787 0.0126081
1.24717483914 2.30426 0.012811
1.25346545993 2.31122 0.0125465
1.25974995189 2.3154 0.0128002
1.26603214313 2.32374 0.0135448
1.27231628847 2.32868 0.0128595
1.27860415506 2.33518 0.0127571
1.28488658893 2.3414 0.0130933
1.29117542007 2.34873 0.0123623
1.29746572637 2.3555 0.0126622
1.30374182701 2.36101 0.0128067
1.31001732292 2.36646 0.0140784
1.31630144766 2.37359 0.0138403
1.32258676036 2.38087 0.0137071
1.32886549245 2.38668 0.013538
1.33514480495 2.39475 0.0134049
1.34144051627 2.39932 0.0124029
1.34773086842 2.40664 0.0123918
1.35400158999 2.41345 0.0126637
1.3602826093 2.41939 0.0131486
1.36656568646 2.42504 0.0130836
1.37285149848 2.43107 0.0132188
1.37913537293 2.43839 0.0135337
1.38540956715 2.44549 0.0127511
1.39169864122 2.45031 0.0134037
1.39798445144 2.45741 0.0124886
1.40426788341 2.46256 0.0123901
1.41055477948 2.47006 0.013294
1.41683783355 2.4759 0.0135479
1.42311817719 2.48197 0.01249
1.42939780116 2.48846 0.012632
1.43568692182 2.49473 0.013619
1.44197712177 2.50117 0.0136098
1.44825366785 2.50739 0.0137487
1.45453234897 2.51336 0.0140891
1.46081931915 2.52039 0.0131803
1.4671103644 2.52528 0.0129751
1.47339290895 2.53147 0.0128185
1.47966996524 2.53749 0.0124218
1.4859561446 2.5435 0.014243
1.49223361076 2.54972 0.0137369
1.49850247038 2.55527 0.0134848
1.50478575205 2.56127 0.0131216
1.51107599189 2.56686 0.0129966
1.51736163499 2.57258 0.0127639
1.52364857097 2.57768 0.012884
1.52993803572 2.58442 0.0136937
1.53623017691 2.58945 0.0139742
1.54251071878 2.59501 0.0128968
1.54878396308 2.60102 0.013325
1.55507306978 2.60651 0.0124649
1.56135732493 2.61091 0.012525
1.56762912105 2.61626 0.0141279
1.5739136974 2.62245 0.013079
1.58020354523 2.62759 0.0133298
1.58648539343 2.63101 0.012872
1.59276001426 2.63622 0.0127515
1.59904643639 2.64204 0.0126653
1.60534213664 2.64634 0.014411
1.61161976836 2.65528 0.0161214
1.61789716835 2.66075 0.0130543
1.62418270854 2.66804 0.0118815
1.63046407995 2.67724 0.0150987
1.63674824683 2.68363 0.0139734
1.64303013827 2.69122 0.014272
1.64930808063 2.70105 0.0143266
1.65559224863 2.70752 0.0136204
1.66187827598 2.71465 0.014807
1.66816823994 2.72202 0.0133114
1.6744495611 2.72901 0.0135717
1.68072138563 2.73666 0.0139135
1.68701215424 2.74426 0.0147564
1.6933074808 2.75224 0.013307
1.69958064303 2.75798 0.0150979
1.70586179344 2.76533 0.013658
1.71215172419 2.77303 0.0155072
1.71843538617 2.78011 0.0142877
1.72471844694 2.78655 0.0140815
1.73099491844 2.79402 0.0144761
1.73728636032 2.80172 0.0149298
1.74356630258 2.80734 0.0143462
1.74983600778 2.81379 0.0143326
1.75612327869 2.82155 0.0129708
1.76241061606 2.82866 0.0148541
1.76869357896 2.83484 0.0146543
1.77497674839 2.84334 0.0154956
1.78126362161 2.84807 0.0150443
1.78754574761 2.85555 0.0154842
1.7938272923 2.86197 0.014776
1.80010772174 2.86998 0.0162894
1.80639091391 2.87606 0.0165915
1.81267451427 2.88174 0.0145808
1.81895363524 2.88651 0.0151076
1.82523850291 2.89517 0.0160783
1.8315236862 2.90204 0.0167056
1.83781040898 2.90741 0.0148582
1.84409642612 2.91495 0.0158887
1.8503769215 2.92138 0.0157028
1.85666074594 2.92753 0.0174135
1.86294359809 2.93351 0.01626
1.86922204917 2.94113 0.0162173
1.87550781357 2.94728 0.0154359
1.88179499507 2.95373 0.0163657
1.88807781314 2.95876 0.0151629
1.89435244502 2.96656 0.0151013
1.90063796885 2.97326 0.0155725
1.90692833723 2.98014 0.0156097
1.91320221586 2.98471 0.0163923
1.91948223445 2.99096 0.0163394
1.92577010575 2.99884 0.0162219
1.93206491035 3.00533 0.0161828
1.93834071151 3.00981 0.0161019
1.94460828613 3.01634 0.0174982
1.9508968614 3.02304 0.0179767
1.95718811973 3.02932 0.0180437
1.96347509207 3.03386 0.0167923
1.9697553281 3.04227 0.0168664
1.9760413775 3.04734 0.0176439
1.98233260336 3.05329 0.0175288
1.98861171931 3.05888 0.0158524
1.99488792869 3.06481 0.0163412
2.00117304134 3.07137 0.0184663
2.00745262249 3.07682 0.0178684
2.01372721862 3.0845 0.0176261
2.02001108039 3.08823 0.0185727
2.02630405283 3.09454 0.0184916
2.03258735828 3.09945 0.0182653
2.03886100377 3.10618 0.018772
2.04514489951 3.11203 0.0170415
2.05143683626 3.11757 0.0189283
2.05772382203 3.12367 0.0174177
2.0640044634 3.12773 0.0200416
2.07029278421 3.13235 0.0172087
2.07658471853 3.13975 0.0179905
2.08285424307 3.14384 0.0185777
2.08912259138 3.1496 0.0204819
2.09541730178 3.1549 0.0195028
2.10170304464 3.16145 0.0174451
2.10797273337 3.16534 0.0201944
2.11425579676 3.17389 0.0186614
2.12053788985 3.17725 0.0196989
2.12682075079 3.18236 0.019877
2.13310670204 3.18637 0.0192851
2.13940011923 3.19029 0.0203209
2.14568939859 3.19914 0.0222714
2.15195789682 3.2031 0.0225016
2.15824033347 3.20555 0.0225976
2.16453048092 3.21104 0.0216779
2.17081716829 3.21804 0.0212612
2.17709912993 3.22342 0.019641
2.18337674027 3.22886 0.0243622
2.18965452646 3.23301 0.0212252
2.19593814184 3.23739 0.0210587
2.20221722867 3.24197 0.0214225
2.20849850085 3.24789 0.0230166
2.21479372465 3.25154 0.0205046
2.22107581834 3.25817 0.021191
2.22733812199 3.26116 0.0229582
2.23362792264 3.26544 0.0213727
2.2399287897 3.27359 0.0236128
2.24620084223 3.27859 0.0212028
2.2524810722 3.28538 0.0256146
2.25875993301 3.29306 0.0235311
2.26503776668 3.29786 0.0233442
2.27130391144 3.30243 0.0250726
2.27758972822 3.31542 0.0256927
2.28389830542 3.32001 0.0248762
2.29017001225 3.32837 0.0268804
2.29645357402 3.33402 0.0246142
2.30275372852 3.33868 0.0251836
2.30903325986 3.34587 0.0234758
2.31530674049 3.35088 0.0251003
2.32158490306 3.359 0.0275567
2.3278758488 3.36064 0.0278698
2.33415543799 3.36725 0.0245175
2.34041936871 3.37643 0.0261177
2.34670710068 3.37742 0.0252683
2.3530032916 3.38265 0.0258608
2.35928989445 3.38711 0.0292262
2.36555387699 3.39314 0.0286198
2.37182578571 3.40243 0.0299352
2.3781409032 3.40573 0.0274203
2.38442809259 3.41463 0.0324688
2.39069258243 3.41479 0.0312147
2.39698813839 3.41892 0.0313207
2.40330354843 3.42196 0.0288879
2.40957307365 3.42951 0.0289847
2.41583080138 3.4315 0.0312357
2.42214385676 3.43995 0.0365741
2.42843005755 3.44825 0.031539
2.43467776878 3.44677 0.0365169
2.44097021258 3.45131 0.0329345
2.44729898127 3.45392 0.0322568
2.45356911846 3.46349 0.0370879
2.45980003814 3.46874 0.035291
2.4661092349 3.47075 0.0335338
2.47241430729 3.47478 0.0375428
2.47866355169 3.48347 0.0388244
2.48493431628 3.4772 0.0399553
2.49124283111 3.48609 0.0419278
2.49755537626 3.49345 0.0367247
2.50380379021 3.49996 0.0396861
2.51005045336 3.50822 0.043589
2.51638815336 3.50602 0.0414142
2.52269694929 3.5087 0.0440626
2.52891211798 3.51039 0.0446757
2.53519495098 3.51336 0.0423977
2.54155301509 3.52127 0.0442584
2.54783359884 3.52146 0.0462533
2.55402772623 3.52974 0.0512168
2.56033571996 3.5207 0.0534211
2.56672381747 3.53559 0.0498611
2.57294751341 3.52859 0.0563041
2.57911252531 3.53746 0.0548799
2.58547549612 3.54553 0.0544558
2.59185019505 3.54772 0.0543805
2.59805932148 3.54484 0.0564895
2.60429715989 3.55666 0.0593528
2.61067449751 3.55851 0.0617983
2.61693283418 3.55593 0.0658151
2.62300854502 3.5642 0.0714068
2.62939753095 3.56061 0.0661594
2.63591057571 3.57335 0.0792448
2.64202978624 3.57042 0.0732331
2.64803951219 3.56947 0.0832329
2.65454096229 3.57687 0.0836119
2.66118028258 3.57176 0.0734083
2.66719514746 3.5779 0.0985583
2.67309090101 3.58702 0.0913991
2.67973176445 3.57919 0.0969969
2.68646693102 3.58417 0.0919289
2.69219835647 3.58331 0.121883
2.69796467721 3.57753 0.109767
2.70489193937 3.55549 0.130046
2.71182026315 3.56676 0.135643
2.71709790339 3.59723 0.165413
2.7227864466 3.60434 0.169617
2.72994784687 3.61051 0.166345
2.73706528781 3.60138 0.191744
2.74248820391 3.55448 0.351671
2.74787331837 3.59928 0.248708
2.75504313834 3.61283 0.307461
2.76219934437 3.50654 0.401027
2.76789278819 3.63102 0.741881
2.77283198247 3.62311 0.812558
2.77965581172 3.54789 1.63828
2.78599582346 -90.0216 2680.93
