0.0088996412247 0.423051 0.156862
0.0150791221651 0.433842 0.0934499
0.0214479018646 0.452162 0.0520292
0.0278366077649 0.454518 0.0580871
0.034350997858 0.475753 0.0434527
0.0404788676143 0.475347 0.0366289
0.0467671668358 0.48875 0.0407749
0.0530822510177 0.505186 0.0355681
0.0594536244094 0.510743 0.0321724
0.0657622481459 0.520113 0.0307264
0.071966329067 0.536855 0.027315
0.0782786091569 0.546771 0.0238174
0.0847039894583 0.554143 0.0240373
0.0909685462053 0.562932 0.0236501
0.0972078977683 0.567333 0.0238511
0.103476303896 0.579377 0.0256629
0.109757644425 0.592954 0.0234645
0.116054308478 0.60754 0.0223922
0.122366966654 0.627312 0.0223478
0.128681726309 0.640845 0.021116
0.134950080166 0.657553 0.0217595
0.141194955884 0.663284 0.0206222
0.147513357575 0.677368 0.0185292
0.153786507425 0.682352 0.0166867
0.160065754405 0.699136 0.0208489
0.166399116869 0.711632 0.0169198
0.172719564578 0.73006 0.0174258
0.178976521338 0.748147 0.0181184
0.185235369065 0.769483 0.0184777
0.191480678734 0.790637 0.0165206
0.197788986865 0.810062 0.0162607
0.204093773545 0.825614 0.0169571
0.210393930261 0.843203 0.0160072
0.216690970982 0.85874 0.0154743
0.222970028122 0.875344 0.0171264
0.229262002709 0.89395 0.0174188
0.235514150837 0.910893 0.0162594
0.241791058382 0.934303 0.0145739
0.248085653944 0.95597 0.0174646
0.254349225687 0.978752 0.0158948
0.260633425188 0.997619 0.0151751
0.26692573709 1.01572 0.0166067
0.273242334314 1.03756 0.0132747
0.279552968008 1.05571 0.0160736
0.285836629231 1.07378 0.0141716
0.292087627139 1.09238 0.0145932
0.298344984444 1.11382 0.0162111
0.304638263941 1.13186 0.0141081
0.3109279127 1.15069 0.0125011
0.317216817162 1.1728 0.0136732
0.323518756794 1.18932 0.0145172
0.329816821755 1.20922 0.0147117
0.336117642946 1.22965 0.0137798
0.342370037571 1.24639 0.0157387
0.348647819267 1.26465 0.012249
0.354941161441 1.28226 0.0137492
0.361191693542 1.29745 0.0134086
0.367476708956 1.3179 0.012482
0.373764779528 1.33331 0.0149586
0.380065403148 1.34894 0.0140006
0.386353986126 1.36509 0.0137782
0.392614018136 1.38336 0.0136871
0.398926450032 1.39654 0.0142351
0.405207324458 1.40954 0.0122732
0.411491647757 1.4234 0.0128549
0.417781427212 1.43826 0.0159716
0.424040064873 1.45282 0.0152129
0.430342569027 1.46591 0.0138285
0.436635856026 1.4797 0.0141605
0.442899618322 1.49154 0.0145313
0.449163441853 1.50327 0.0142374
0.455441414625 1.51611 0.0136473
0.46176344703 1.52572 0.0151634
0.468064424202 1.53879 0.0142419
0.474348524276 1.54837 0.0144428
0.480635613682 1.56043 0.0131259
0.486901925839 1.57128 0.0131325
0.49316970996 1.57729 0.0149522
0.499450674714 1.59161 0.015115
0.505715905134 1.59576 0.014003
0.511992399627 1.60627 0.0155896
0.518312609777 1.61451 0.0132077
0.524608963803 1.62374 0.0134845
0.530875730848 1.63192 0.0140471
0.537157352795 1.64127 0.0142681
0.543457956378 1.64822 0.0157551
0.549743065239 1.65488 0.0132553
0.55599374275 1.66174 0.0131423
0.562285467661 1.67146 0.0132693
0.568601153723 1.68032 0.0141358
0.574880458942 1.68493 0.0131902
0.581155021034 1.69138 0.0157456
0.587439449666 1.69771 0.0143477
0.59371762203 1.70451 0.0137959
0.599997195479 1.71167 0.015386
0.606267911512 1.71698 0.0121877
0.612546957644 1.72241 0.0145495
0.618847773304 1.72995 0.0130608
0.625131056744 1.73423 0.0129617
0.631402745038 1.74163 0.0125853
0.637700356273 1.74724 0.0140294
0.643985778331 1.75325 0.0133056
0.650268541717 1.75798 0.01328
0.65655861177 1.7636 0.0145792
0.662836928236 1.77088 0.014858
0.669118544496 1.77525 0.0148945
0.675407019858 1.78203 0.0152281
0.681683551459 1.7869 0.014257
0.687959253386 1.79272 0.0157047
0.694234431704 1.79906 0.0132913
0.700517540243 1.80509 0.0138719
0.706812495661 1.80925 0.0137959
0.713101900967 1.81557 0.0142404
0.719391825117 1.82181 0.0127203
0.72568338076 1.82618 0.0154008
0.731965268271 1.83232 0.013697
0.738250799048 1.83823 0.0149146
0.744526584212 1.84359 0.0137427
0.750787110194 1.84962 0.014469
0.757075846532 1.85599 0.0141489
0.76336412336 1.86146 0.0142504
0.769646295986 1.86828 0.0138324
0.775939486518 1.87239 0.0135713
0.782232914199 1.87932 0.0139127
0.788531493652 1.88643 0.0142519
0.794789656698 1.89193 0.0140108
0.801049109659 1.89532 0.0145805
0.807336406173 1.90397 0.0139968
0.813622948837 1.90849 0.0129844
0.819915299896 1.91645 0.0142585
0.826195263639 1.92192 0.0146905
0.832489707008 1.92676 0.0151665
0.838795930921 1.93321 0.0121197
0.84506346397 1.94016 0.0128194
0.851328286756 1.94645 0.012072
0.85761982639 1.95196 0.0145264
0.863905847706 1.95774 0.0134318
0.870183874549 1.96427 0.0122358
0.876464109608 1.97132 0.014092
0.88275038734 1.97746 0.0134494
0.889033276839 1.98366 0.0139055
0.895308424711 1.98989 0.0135812
0.901595652167 1.99535 0.0134379
0.907883332809 2.00195 0.0145242
0.914174410632 2.00705 0.0126828
0.920463081772 2.01337 0.0138015
0.926743441526 2.02096 0.0135079
0.933032419735 2.02834 0.0137932
0.939326578557 2.03307 0.0146165
0.94559748104 2.04022 0.013145
0.951866001855 2.04602 0.0155913
0.958141325553 2.05244 0.0140041
0.964435094511 2.05926 0.0137908
0.970735563357 2.06771 0.013097
0.977008076845 2.07349 0.0145224
0.983282332536 2.07916 0.0135694
0.989556969197 2.08523 0.0130274
0.995845630192 2.09396 0.0133475
1.00213621074 2.09981 0.0136765
1.00840482534 2.10573 0.0143372
1.01469414984 2.11147 0.0144669
1.02099255544 2.1198 0.0119888
1.02727398044 2.12502 0.0144087
1.0335591819 2.13194 0.0144562
1.03984755739 2.13883 0.0146615
1.04612697494 2.14578 0.0134292
1.05240343681 2.15197 0.0135425
1.05868070465 2.15892 0.0127042
1.06496433307 2.16558 0.0146623
1.07125677744 2.17176 0.0130696
1.0775440488 2.17844 0.0130329
1.08382482019 2.18752 0.0141185
1.09010802394 2.19304 0.0136897
1.09638966596 2.19956 0.0130505
1.10268113206 2.20496 0.0137914
1.10896304759 2.21205 0.0132198
1.11522542846 2.21996 0.0126434
1.12150212761 2.22721 0.0135195
1.12779257382 2.23344 0.0134937
1.13408955267 2.24047 0.0128673
1.14036404965 2.2474 0.0134678
1.14663918032 2.25378 0.0139441
1.15294241299 2.26151 0.0142492
1.15922890675 2.26826 0.0122419
1.16550872189 2.27442 0.0147186
1.17179307626 2.28164 0.0139452
1.17808743637 2.28932 0.0143213
1.18436765425 2.29663 0.0144015
1.1906346423 2.30292 0.0132533
1.19691220883 2.31 0.0131646
1.20320157735 2.31538 0.0147387
1.20948684444 2.32393 0.0125448
1.21576390207 2.33202 0.0142277
1.22204975517 2.33648 0.0138174
1.22834061662 2.34523 0.0132326
1.23463298658 2.35126 0.0131915
1.24090224718 2.35902 0.013573
1.24717483914 2.36702 0.0131345
1.25346545993 2.37464 0.0137639
1.25974995189 2.3799 0.0138213
1.26603214313 2.38884 0.0138327
1.27231628847 2.39448 0.014217
1.27860415506 2.40111 0.0132589
1.28488658893 2.40856 0.0132246
1.29117542007 2.41742 0.0126667
1.29746572637 2.42357 0.013225
1.30374182701 2.43059 0.0126243
1.31001732292 2.43773 0.0144233
1.31630144766 2.44537 0.0127675
1.32258676036 2.4524 0.0137488
1.32886549245 2.46108 0.0146986
1.33514480495 2.46788 0.0140238
1.34144051627 2.47488 0.0124933
1.34773086842 2.48251 0.0133305
1.35400158999 2.49006 0.0128386
1.3602826093 2.49742 0.0135213
1.36656568646 2.50402 0.0135199
1.37285149848 2.51083 0.013688
1.37913537293 2.51935 0.0134404
1.38540956715 2.52617 0.0129683
1.39169864122 2.53256 0.0131048
1.39798445144 2.53994 0.0126653
1.40426788341 2.54769 0.0123828
1.41055477948 2.55472 0.0139303
1.41683783355 2.56302 0.0135149
1.42311817719 2.56938 0.014032
1.42939780116 2.5769 0.0131358
1.43568692182 2.58399 0.0140238
1.44197712177 2.59133 0.0134201
1.44825366785 2.5991 0.0141638
1.45453234897 2.6055 0.0147728
1.46081931915 2.61299 0.0142243
1.4671103644 2.61927 0.0137675
1.47339290895 2.62701 0.0137025
1.47966996524 2.63391 0.0137671
1.4859561446 2.64054 0.014281
1.49223361076 2.64848 0.013724
1.49850247038 2.65423 0.0140194
1.50478575205 2.66121 0.0134668
1.51107599189 2.6678 0.0126173
1.51736163499 2.67508 0.0127127
1.52364857097 2.68014 0.0134958
1.52993803572 2.68878 0.0135863
1.53623017691 2.69492 0.0143277
1.54251071878 2.70141 0.0130872
1.54878396308 2.70778 0.0137586
1.55507306978 2.71404 0.0137631
1.56135732493 2.71994 0.0133247
1.56762912105 2.72591 0.0137211
1.5739136974 2.73256 0.013374
1.58020354523 2.73923 0.0142379
1.58648539343 2.74288 0.0138716
1.59276001426 2.74946 0.0130677
1.59904643639 2.75516 0.0128904
1.60534213664 2.76094 0.0148143
1.61161976836 2.76897 0.0146422
1.61789716835 2.77744 0.0139831
1.62418270854 2.7865 0.013263
1.63046407995 2.79675 0.0146306
1.63674824683 2.80363 0.0138714
1.64303013827 2.8139 0.0141447
1.64930808063 2.82382 0.014435
1.65559224863 2.83174 0.0132545
1.66187827598 2.83858 0.014679
1.66816823994 2.84822 0.0143702
1.6744495611 2.85607 0.0143608
1.68072138563 2.865 0.0136046
1.68701215424 2.87431 0.0145776
1.6933074808 2.88201 0.0134194
1.69958064303 2.8899 0.0154024
1.70586179344 2.89724 0.0146491
1.71215172419 2.90664 0.0153772
1.71843538617 2.91486 0.0143483
1.72471844694 2.92334 0.0141332
1.73099491844 2.93142 0.0138695
1.73728636032 2.94078 0.0153635
1.74356630258 2.94807 0.014519
1.74983600778 2.95449 0.0146951
1.75612327869 2.96432 0.0137582
1.76241061606 2.97261 0.0138226
1.76869357896 2.97964 0.0152963
1.77497674839 2.9888 0.0154082
1.78126362161 2.995 0.0156848
1.78754574761 3.00406 0.0141186
1.7938272923 3.01326 0.0145391
1.80010772174 3.02106 0.0167239
1.80639091391 3.02816 0.0160436
1.81267451427 3.03454 0.0144465
1.81895363524 3.04168 0.0154558
1.82523850291 3.05037 0.0156311
1.8315236862 3.05928 0.0172638
1.83781040898 3.06602 0.0139906
1.84409642612 3.07491 0.0153959
1.8503769215 3.08309 0.0151147
1.85666074594 3.09075 0.0167717
1.86294359809 3.09829 0.0156592
1.86922204917 3.10679 0.016146
1.87550781357 3.11402 0.0143012
1.88179499507 3.12293 0.0161135
1.88807781314 3.12837 0.0154087
1.89435244502 3.13691 0.0153266
1.90063796885 3.14597 0.0152951
1.90692833723 3.15367 0.0163185
1.91320221586 3.15962 0.0171944
1.91948223445 3.16795 0.0167963
1.92577010575 3.17751 0.0156804
1.93206491035 3.18484 0.016832
1.93834071151 3.19117 0.0157063
1.94460828613 3.19947 0.0162611
1.9508968614 3.20715 0.0176387
1.95718811973 3.21485 0.0177599
1.96347509207 3.2212 0.0169046
1.9697553281 3.23054 0.0185665
1.9760413775 3.23767 0.0165261
1.98233260336 3.24542 0.0175564
1.98861171931 3.25278 0.0171899
1.99488792869 3.25976 0.017156
2.00117304134 3.26834 0.0186186
2.00745262249 3.27591 0.01744
2.01372721862 3.28475 0.0173294
2.02001108039 3.28992 0.0168427
2.02630405283 3.29722 0.0185121
2.03258735828 3.30412 0.0194959
2.03886100377 3.31319 0.0187178
2.04514489951 3.31991 0.0162521
2.05143683626 3.32548 0.017978
2.05772382203 3.33342 0.0158853
2.0640044634 3.33986 0.0202216
2.07029278421 3.3469 0.0180738
2.07658471853 3.35454 0.0175968
2.08285424307 3.36104 0.0173213
2.08912259138 3.36965 0.0192321
2.09541730178 3.37427 0.0199339
2.10170304464 3.38422 0.0193901
2.10797273337 3.39019 0.0212977
2.11425579676 3.39805 0.0176298
2.12053788985 3.40364 0.0191983
2.12682075079 3.40922 0.0198205
2.13310670204 3.41579 0.018552
2.13940011923 3.42175 0.0203864
2.14568939859 3.43161 0.0208495
2.15195789682 3.43752 0.0208897
2.15824033347 3.44131 0.0215563
2.16453048092 3.44873 0.0204705
2.17081716829 3.45643 0.0211106
2.17709912993 3.46079 0.0193419
2.18337674027 3.46972 0.0222569
2.18965452646 3.47479 0.0199242
2.19593814184 3.48026 0.0214484
2.20221722867 3.48825 0.0212387
2.20849850085 3.49562 0.0218576
2.21479372465 3.50188 0.0225381
2.22107581834 3.50862 0.0200882
2.22733812199 3.51424 0.0202769
2.23362792264 3.5192 0.021499
2.2399287897 3.52994 0.0228465
2.24620084223 3.53684 0.0211412
2.2524810722 3.54546 0.0239231
2.25875993301 3.55356 0.0226918
2.26503776668 3.56061 0.0249103
2.27130391144 3.56742 0.0237455
2.27758972822 3.58027 0.0241309
2.28389830542 3.58899 0.0251012
2.29017001225 3.59812 0.0242193
2.29645357402 3.61007 0.0256099
2.30275372852 3.6151 0.022878
2.30903325986 3.62212 0.0252487
2.31530674049 3.62765 0.023784
2.32158490306 3.64142 0.0286355
2.3278758488 3.64598 0.0274194
2.33415543799 3.6508 0.0255752
2.34041936871 3.66096 0.0259709
2.34670710068 3.669 0.026836
2.3530032916 3.67492 0.0270314
2.35928989445 3.68382 0.0311161
2.36555387699 3.68964 0.0283944
2.37182578571 3.6997 0.0303397
2.3781409032 3.70653 0.0267013
2.38442809259 3.7142 0.0304693
2.39069258243 3.71696 0.027183
2.39698813839 3.7275 0.0294658
2.40330354843 3.73412 0.0274389
2.40957307365 3.7391 0.0299052
2.41583080138 3.74649 0.0340057
2.42214385676 3.75448 0.0318548
2.42843005755 3.76607 0.0332722
2.43467776878 3.76427 0.0332374
2.44097021258 3.7759 0.0329889
2.44729898127 3.78171 0.0361211
2.45356911846 3.78811 0.0374737
2.45980003814 3.79354 0.036476
2.4661092349 3.80106 0.0328448
2.47241430729 3.80334 0.0381151
2.47866355169 3.81642 0.0391156
2.48493431628 3.81221 0.0405506
2.49124283111 3.8214 0.0392098
2.49755537626 3.83401 0.0372999
2.50380379021 3.84259 0.0377519
2.51005045336 3.85277 0.0424082
2.51638815336 3.85374 0.0490275
2.52269694929 3.85763 0.0467737
2.52891211798 3.86091 0.0487253
2.53519495098 3.85679 0.0449675
2.54155301509 3.87808 0.0464212
2.54783359884 3.87752 0.0488765
2.55402772623 3.8837 0.0541665
2.56033571996 3.88766 0.0548093
2.56672381747 3.90393 0.0511207
2.57294751341 3.88753 0.0597375
2.57911252531 3.89809 0.0544442
2.58547549612 3.91454 0.0618226
2.59185019505 3.91954 0.0631293
2.59805932148 3.91666 0.0595703
2.60429715989 3.9359 0.0660932
2.61067449751 3.93357 0.06379
2.61693283418 3.93552 0.0715283
2.62300854502 3.93538 0.0736185
2.62939753095 3.93816 0.0737271
2.63591057571 3.95145 0.0779114
2.64202978624 3.95428 0.0739877
2.64803951219 3.9618 0.0895538
2.65454096229 3.95941 0.0819399
2.66118028258 3.95863 0.0918195
2.66719514746 3.9681 0.0935234
2.67309090101 3.96958 0.0987255
2.67973176445 3.97823 0.0981898
2.68646693102 3.97637 0.11008
2.69219835647 3.96685 0.104359
2.69796467721 3.96245 0.11838
2.70489193937 3.97164 0.112413
2.71182026315 3.9681 0.143043
2.71709790339 3.99174 0.179872
2.7227864466 4.01423 0.169603
2.72994784687 3.9858 0.176931
2.73706528781 3.9871 0.202793
2.74248820391 3.93731 0.335147
2.74787331837 4.00519 0.239621
2.75504313834 3.99399 0.303395
2.76219934437 3.94814 0.393115
2.76789278819 3.91554 0.74684
2.77283198247 3.97889 0.857247
2.77965581172 3.84744 1.79713
2.78599582346 -11.8745 152.098
