0.0088996412247 -2.46567 0.303706
0.0150791221651 -2.39045 0.184629
0.0214479018646 -2.17806 0.110002
0.0278366077649 -1.99027 0.0985197
0.034350997858 -1.7401 0.0887532
0.0404788676143 -1.47934 0.0788455
0.0467671668358 -1.20453 0.0634962
0.0530822510177 -0.909406 0.072816
0.0594536244094 -0.613259 0.0598447
0.0657622481459 -0.326428 0.051084
0.071966329067 -0.0553964 0.0473542
0.0782786091569 0.197197 0.0434876
0.0847039894583 0.428172 0.0412258
0.0909685462053 0.625825 0.0413378
0.0972078977683 0.787741 0.0377203
0.103476303896 0.949681 0.0327658
0.109757644425 1.08641 0.0331616
0.116054308478 1.20397 0.0306667
0.122366966654 1.30734 0.0301035
0.128681726309 1.38256 0.029847
0.134950080166 1.43849 0.0281573
0.141194955884 1.46918 0.0279159
0.147513357575 1.4883 0.0243523
0.153786507425 1.5018 0.0214469
0.160065754405 1.51218 0.0279332
0.166399116869 1.51767 0.0250536
0.172719564578 1.53084 0.0221703
0.178976521338 1.54005 0.0232661
0.185235369065 1.55018 0.0230017
0.191480678734 1.55285 0.0222961
0.197788986865 1.55752 0.0210958
0.204093773545 1.55215 0.0222045
0.210393930261 1.55964 0.0196661
0.216690970982 1.55245 0.0197003
0.222970028122 1.55508 0.0188992
0.229262002709 1.56354 0.0235159
0.235514150837 1.56358 0.0196183
0.241791058382 1.57123 0.0190872
0.248085653944 1.57422 0.0196768
0.254349225687 1.58362 0.019452
0.260633425188 1.58774 0.0168397
0.26692573709 1.59129 0.0187038
0.273242334314 1.59526 0.0169624
0.279552968008 1.59906 0.0185064
0.285836629231 1.60351 0.0182476
0.292087627139 1.60747 0.016816
0.298344984444 1.61328 0.0182203
0.304638263941 1.61525 0.0181696
0.3109279127 1.62032 0.0153453
0.317216817162 1.62915 0.0160629
0.323518756794 1.63159 0.0158091
0.329816821755 1.63757 0.0169284
0.336117642946 1.64405 0.0160734
0.342370037571 1.64706 0.0193119
0.348647819267 1.65343 0.0154906
0.354941161441 1.65625 0.016649
0.361191693542 1.65898 0.0163111
0.367476708956 1.66632 0.0158059
0.373764779528 1.67321 0.0154443
0.380065403148 1.67485 0.0164495
0.386353986126 1.67868 0.0153203
0.392614018136 1.68698 0.0153628
0.398926450032 1.68898 0.0165441
0.405207324458 1.69354 0.0156237
0.411491647757 1.6947 0.0157263
0.417781427212 1.70129 0.017966
0.424040064873 1.70652 0.0166964
0.430342569027 1.71123 0.0154228
0.436635856026 1.71572 0.016005
0.442899618322 1.71811 0.0156317
0.449163441853 1.72355 0.0178586
0.455441414625 1.72866 0.0154237
0.46176344703 1.73112 0.0153574
0.468064424202 1.73603 0.0150487
0.474348524276 1.73987 0.0169841
0.480635613682 1.74554 0.0134947
0.486901925839 1.75039 0.0150332
0.49316970996 1.75206 0.016521
0.499450674714 1.759 0.0143548
0.505715905134 1.75997 0.0149211
0.511992399627 1.76403 0.0166796
0.518312609777 1.76948 0.0145111
0.524608963803 1.77325 0.0138872
0.530875730848 1.77844 0.0143839
0.537157352795 1.78449 0.014289
0.543457956378 1.78633 0.0151751
0.549743065239 1.79006 0.0154273
0.55599374275 1.79423 0.0155557
0.562285467661 1.80177 0.0150265
0.568601153723 1.80676 0.0144976
0.574880458942 1.80765 0.015495
0.581155021034 1.81146 0.0175679
0.587439449666 1.81766 0.0159776
0.59371762203 1.81998 0.0146924
0.599997195479 1.8254 0.0164304
0.606267911512 1.82898 0.0150706
0.612546957644 1.83312 0.0154138
0.618847773304 1.83905 0.0150984
0.625131056744 1.84291 0.0137323
0.631402745038 1.84692 0.0134829
0.637700356273 1.85216 0.0145319
0.643985778331 1.85555 0.0136625
0.650268541717 1.85945 0.013662
0.65655861177 1.86491 0.0145954
0.662836928236 1.86979 0.0150702
0.669118544496 1.87276 0.0143359
0.675407019858 1.8788 0.0155784
0.681683551459 1.88162 0.0138241
0.687959253386 1.88802 0.0159
0.694234431704 1.89035 0.014081
0.700517540243 1.89584 0.0137013
0.706812495661 1.89921 0.0140259
0.713101900967 1.90412 0.0152518
0.719391825117 1.91007 0.0135854
0.72568338076 1.91408 0.0147112
0.731965268271 1.91865 0.0142648
0.738250799048 1.92243 0.0136549
0.744526584212 1.92717 0.0145284
0.750787110194 1.93316 0.0151868
0.757075846532 1.93587 0.0145629
0.76336412336 1.94227 0.0148032
0.769646295986 1.94671 0.0151942
0.775939486518 1.95094 0.0141848
0.782232914199 1.95679 0.0148086
0.788531493652 1.96128 0.0139834
0.794789656698 1.9674 0.0141857
0.801049109659 1.96944 0.0140188
0.807336406173 1.97497 0.0137785
0.813622948837 1.97941 0.0124485
0.819915299896 1.98475 0.014731
0.826195263639 1.98993 0.0146323
0.832489707008 1.99363 0.0168907
0.838795930921 2.0004 0.0134622
0.84506346397 2.00437 0.0139602
0.851328286756 2.00962 0.0131923
0.85761982639 2.0144 0.0156751
0.863905847706 2.01879 0.0139134
0.870183874549 2.02455 0.014291
0.876464109608 2.02981 0.0145303
0.88275038734 2.035 0.0143728
0.889033276839 2.03967 0.0151396
0.895308424711 2.04515 0.0137219
0.901595652167 2.05113 0.0128166
0.907883332809 2.05448 0.0149997
0.914174410632 2.0586 0.0140653
0.920463081772 2.06534 0.0131724
0.926743441526 2.07108 0.0130448
0.933032419735 2.07733 0.0133173
0.939326578557 2.08184 0.0140558
0.94559748104 2.08726 0.0141949
0.951866001855 2.09208 0.0145863
0.958141325553 2.09761 0.0130289
0.964435094511 2.10254 0.0141459
0.970735563357 2.1095 0.0133867
0.977008076845 2.11547 0.0139894
0.983282332536 2.11979 0.0139879
0.989556969197 2.12383 0.0134636
0.995845630192 2.13066 0.0137384
1.00213621074 2.13668 0.0139433
1.00840482534 2.14241 0.014871
1.01469414984 2.14777 0.0145683
1.02099255544 2.15462 0.013253
1.02727398044 2.15859 0.0145693
1.0335591819 2.16472 0.0137017
1.03984755739 2.17058 0.014579
1.04612697494 2.17642 0.0135023
1.05240343681 2.18192 0.0145626
1.05868070465 2.189 0.0122047
1.06496433307 2.19526 0.014528
1.07125677744 2.20063 0.0137803
1.0775440488 2.20538 0.0130228
1.08382482019 2.21417 0.0135626
1.09010802394 2.21803 0.014234
1.09638966596 2.22467 0.0135639
1.10268113206 2.22921 0.0139842
1.10896304759 2.2354 0.0142642
1.11522542846 2.24345 0.0125104
1.12150212761 2.24956 0.0139909
1.12779257382 2.25455 0.0127162
1.13408955267 2.26088 0.0133566
1.14036404965 2.267 0.014049
1.14663918032 2.27426 0.0129656
1.15294241299 2.28052 0.0140559
1.15922890675 2.28594 0.0129688
1.16550872189 2.29244 0.0128519
1.17179307626 2.30046 0.0139837
1.17808743637 2.30672 0.0141656
1.18436765425 2.31296 0.0134838
1.1906346423 2.31883 0.0129307
1.19691220883 2.32499 0.0128493
1.20320157735 2.33037 0.0145972
1.20948684444 2.33896 0.0119668
1.21576390207 2.34593 0.013171
1.22204975517 2.35029 0.0129979
1.22834061662 2.358 0.0134063
1.23463298658 2.3636 0.0133915
1.24090224718 2.3706 0.0122094
1.24717483914 2.37779 0.0132792
1.25346545993 2.38552 0.0131128
1.25974995189 2.39082 0.0133147
1.26603214313 2.39824 0.0130082
1.27231628847 2.40481 0.0136762
1.27860415506 2.41167 0.0142817
1.28488658893 2.41772 0.0140296
1.29117542007 2.42465 0.0135561
1.29746572637 2.43182 0.0129559
1.30374182701 2.43899 0.012953
1.31001732292 2.44541 0.0138331
1.31630144766 2.45189 0.0131226
1.32258676036 2.45933 0.0135093
1.32886549245 2.46731 0.0137379
1.33514480495 2.47453 0.0137206
1.34144051627 2.48062 0.0120851
1.34773086842 2.48818 0.0138508
1.35400158999 2.49528 0.0127818
1.3602826093 2.50231 0.0132519
1.36656568646 2.50783 0.0124842
1.37285149848 2.51538 0.0132859
1.37913537293 2.52269 0.0139029
1.38540956715 2.52919 0.0128024
1.39169864122 2.53656 0.0130282
1.39798445144 2.54365 0.0136871
1.40426788341 2.55063 0.0135301
1.41055477948 2.55822 0.014263
1.41683783355 2.56516 0.0138167
1.42311817719 2.57215 0.0128148
1.42939780116 2.57937 0.0135538
1.43568692182 2.5867 0.0135952
1.44197712177 2.59393 0.0133163
1.44825366785 2.59991 0.0134441
1.45453234897 2.60805 0.0146536
1.46081931915 2.61439 0.0141887
1.4671103644 2.62001 0.0133681
1.47339290895 2.62833 0.0140737
1.47966996524 2.63472 0.0140138
1.4859561446 2.64052 0.012714
1.49223361076 2.64839 0.0132737
1.49850247038 2.65471 0.0124634
1.50478575205 2.66136 0.0126706
1.51107599189 2.66778 0.0137324
1.51736163499 2.67453 0.0136167
1.52364857097 2.68016 0.0137092
1.52993803572 2.6888 0.0128879
1.53623017691 2.69445 0.0137782
1.54251071878 2.70111 0.0129621
1.54878396308 2.70742 0.0128502
1.55507306978 2.71385 0.0126583
1.56135732493 2.71961 0.0134202
1.56762912105 2.72564 0.0141739
1.5739136974 2.73149 0.013265
1.58020354523 2.739 0.0130459
1.58648539343 2.74205 0.0136894
1.59276001426 2.74816 0.0122209
1.59904643639 2.75488 0.0136657
1.60534213664 2.76056 0.0136318
1.61161976836 2.76809 0.0143429
1.61789716835 2.77653 0.0121809
1.62418270854 2.78611 0.0130305
1.63046407995 2.79498 0.0141779
1.63674824683 2.80245 0.0134542
1.64303013827 2.81278 0.0138002
1.64930808063 2.82257 0.0133985
1.65559224863 2.83025 0.014002
1.66187827598 2.83684 0.0144489
1.66816823994 2.84726 0.0144532
1.6744495611 2.85534 0.0136176
1.68072138563 2.86371 0.014303
1.68701215424 2.87207 0.0140224
1.6933074808 2.87949 0.0145091
1.69958064303 2.88832 0.0143581
1.70586179344 2.89492 0.0139702
1.71215172419 2.90553 0.0147029
1.71843538617 2.914 0.0147414
1.72471844694 2.9213 0.0131614
1.73099491844 2.92999 0.0139166
1.73728636032 2.93865 0.0138046
1.74356630258 2.94541 0.0148996
1.74983600778 2.95341 0.0148862
1.75612327869 2.96243 0.0133272
1.76241061606 2.97019 0.0134676
1.76869357896 2.97869 0.0146856
1.77497674839 2.9879 0.01365
1.78126362161 2.99432 0.0158044
1.78754574761 3.00409 0.014537
1.7938272923 3.0111 0.0142824
1.80010772174 3.019 0.0159861
1.80639091391 3.02825 0.0148512
1.81267451427 3.03424 0.014994
1.81895363524 3.04106 0.0149778
1.82523850291 3.04959 0.0157399
1.8315236862 3.05813 0.015985
1.83781040898 3.06458 0.0138187
1.84409642612 3.07402 0.0164344
1.8503769215 3.08274 0.0155238
1.85666074594 3.09136 0.0156551
1.86294359809 3.09785 0.014788
1.86922204917 3.10712 0.0160313
1.87550781357 3.11362 0.01523
1.88179499507 3.12065 0.0151411
1.88807781314 3.12883 0.0145019
1.89435244502 3.13668 0.0161273
1.90063796885 3.14583 0.0165262
1.90692833723 3.15433 0.0162496
1.91320221586 3.16074 0.0155564
1.91948223445 3.16756 0.0159122
1.92577010575 3.17825 0.0149816
1.93206491035 3.18475 0.0171684
1.93834071151 3.19157 0.0158536
1.94460828613 3.19969 0.0150781
1.9508968614 3.20825 0.0177128
1.95718811973 3.21659 0.017935
1.96347509207 3.222 0.0174167
1.9697553281 3.23199 0.0182211
1.9760413775 3.24051 0.0163087
1.98233260336 3.2475 0.0180492
1.98861171931 3.25399 0.0166674
1.99488792869 3.26117 0.0166513
2.00117304134 3.26865 0.0173157
2.00745262249 3.27846 0.0162215
2.01372721862 3.28691 0.0167284
2.02001108039 3.2913 0.0168576
2.02630405283 3.30052 0.0168647
2.03258735828 3.30687 0.0186355
2.03886100377 3.31539 0.0183545
2.04514489951 3.32166 0.0167262
2.05143683626 3.32929 0.0182379
2.05772382203 3.33653 0.0171992
2.0640044634 3.3426 0.0197997
2.07029278421 3.351 0.018251
2.07658471853 3.35954 0.0167485
2.08285424307 3.36743 0.0173926
2.08912259138 3.37506 0.0190573
2.09541730178 3.37977 0.0193377
2.10170304464 3.38958 0.0185858
2.10797273337 3.39492 0.020509
2.11425579676 3.4029 0.0189274
2.12053788985 3.40969 0.0204741
2.12682075079 3.41436 0.0184646
2.13310670204 3.42144 0.0180498
2.13940011923 3.42872 0.0187841
2.14568939859 3.43704 0.020896
2.15195789682 3.44331 0.0221013
2.15824033347 3.44804 0.021343
2.16453048092 3.45723 0.019245
2.17081716829 3.4627 0.0213508
2.17709912993 3.46966 0.0195444
2.18337674027 3.47608 0.0222621
2.18965452646 3.48098 0.0210692
2.19593814184 3.48945 0.0207448
2.20221722867 3.49428 0.0214414
2.20849850085 3.50178 0.0210187
2.21479372465 3.51062 0.0216644
2.22107581834 3.51613 0.0229618
2.22733812199 3.52444 0.0216306
2.23362792264 3.52842 0.0209183
2.2399287897 3.53797 0.0217711
2.24620084223 3.54665 0.020903
2.2524810722 3.55307 0.0243557
2.25875993301 3.56317 0.0227109
2.26503776668 3.56995 0.0242525
2.27130391144 3.5783 0.026574
2.27758972822 3.59168 0.02615
2.28389830542 3.59974 0.0241771
2.29017001225 3.61059 0.0233045
2.29645357402 3.61982 0.0260419
2.30275372852 3.62661 0.0222639
2.30903325986 3.63625 0.0266297
2.31530674049 3.64252 0.0252632
2.32158490306 3.65014 0.0299865
2.3278758488 3.65984 0.0282917
2.33415543799 3.66404 0.0273472
2.34041936871 3.67321 0.0286535
2.34670710068 3.67998 0.0265273
2.3530032916 3.6888 0.0275922
2.35928989445 3.696 0.0290743
2.36555387699 3.69993 0.0310194
2.37182578571 3.71416 0.0333536
2.3781409032 3.72262 0.0314514
2.38442809259 3.72856 0.0293861
2.39069258243 3.73085 0.0310538
2.39698813839 3.7423 0.0292069
2.40330354843 3.74937 0.0298913
2.40957307365 3.75551 0.0298164
2.41583080138 3.76256 0.0334102
2.42214385676 3.76991 0.0330116
2.42843005755 3.78081 0.0338748
2.43467776878 3.783 0.0307253
2.44097021258 3.79201 0.036035
2.44729898127 3.80002 0.0380213
2.45356911846 3.80715 0.0361265
2.45980003814 3.80782 0.0349159
2.4661092349 3.81929 0.0363689
2.47241430729 3.82366 0.0364522
2.47866355169 3.83252 0.0375003
2.48493431628 3.83859 0.0400702
2.49124283111 3.84243 0.0373195
2.49755537626 3.84975 0.0367079
2.50380379021 3.85721 0.0398563
2.51005045336 3.86489 0.043466
2.51638815336 3.87043 0.0491853
2.52269694929 3.87578 0.0429215
2.52891211798 3.87984 0.0459557
2.53519495098 3.88206 0.0470953
2.54155301509 3.89466 0.0451361
2.54783359884 3.89878 0.0459146
2.55402772623 3.90881 0.0549118
2.56033571996 3.90904 0.05764
2.56672381747 3.92384 0.0562975
2.57294751341 3.91663 0.0490402
2.57911252531 3.91952 0.0524926
2.58547549612 3.93369 0.05864
2.59185019505 3.94396 0.0593148
2.59805932148 3.93747 0.0642327
2.60429715989 3.95158 0.0656814
2.61067449751 3.95327 0.0624042
2.61693283418 3.95067 0.0764166
2.62300854502 3.94483 0.0764999
2.62939753095 3.94694 0.0706796
2.63591057571 3.97646 0.0683314
2.64202978624 3.97259 0.0813119
2.64803951219 3.98582 0.0888396
2.65454096229 3.98494 0.0806052
2.66118028258 3.98178 0.094809
2.66719514746 3.9832 0.119062
2.67309090101 3.9834 0.109075
2.67973176445 3.9961 0.112942
2.68646693102 4.00531 0.102074
2.69219835647 3.99636 0.131168
2.69796467721 3.99378 0.11503
2.70489193937 3.98306 0.10018
2.71182026315 3.99708 0.152404
2.71709790339 3.99537 0.166841
2.7227864466 4.02756 0.17293
2.72994784687 4.03268 0.169772
2.73706528781 4.0362 0.205392
2.74248820391 3.94396 0.329547
2.74787331837 4.06386 0.263971
2.75504313834 4.04535 0.352589
2.76219934437 3.95878 0.401122
2.76789278819 3.88732 0.789142
2.77283198247 4.03776 0.888695
2.77965581172 3.87435 1.89631
2.78599582346 0.542039 70.9009
