0.0088996412247 1.71804 0.0997918
0.0150791221651 1.66004 0.0541945
0.0214479018646 1.63403 0.0343406
0.0278366077649 1.61443 0.0331839
0.034350997858 1.597 0.0251783
0.0404788676143 1.582 0.0270072
0.0467671668358 1.57248 0.0233631
0.0530822510177 1.56933 0.0218928
0.0594536244094 1.5725 0.019421
0.0657622481459 1.56645 0.020906
0.071966329067 1.56237 0.0186529
0.0782786091569 1.55981 0.0187718
0.0847039894583 1.55008 0.0221094
0.0909685462053 1.54229 0.0189308
0.0972078977683 1.53416 0.0178036
0.103476303896 1.53572 0.0184479
0.109757644425 1.53345 0.0200322
0.116054308478 1.53732 0.0205631
0.122366966654 1.5349 0.0181648
0.128681726309 1.53387 0.0161152
0.134950080166 1.53032 0.0178092
0.141194955884 1.52305 0.0191105
0.147513357575 1.51541 0.0147616
0.153786507425 1.51181 0.0171339
0.160065754405 1.50129 0.016394
0.166399116869 1.49946 0.016814
0.172719564578 1.49414 0.0145873
0.178976521338 1.49481 0.0185717
0.185235369065 1.4911 0.0183529
0.191480678734 1.4894 0.0175
0.197788986865 1.48839 0.0177028
0.204093773545 1.47782 0.0188483
0.210393930261 1.47536 0.0162099
0.216690970982 1.4671 0.0165776
0.222970028122 1.46201 0.0154039
0.229262002709 1.45664 0.0152502
0.235514150837 1.44873 0.017617
0.241791058382 1.44764 0.0172836
0.248085653944 1.44092 0.016084
0.254349225687 1.43628 0.0159069
0.260633425188 1.42999 0.0169254
0.26692573709 1.42699 0.0154973
0.273242334314 1.42328 0.0148833
0.279552968008 1.41374 0.0157588
0.285836629231 1.41123 0.0165495
0.292087627139 1.40626 0.0184467
0.298344984444 1.40305 0.015693
0.304638263941 1.39067 0.0157725
0.3109279127 1.38686 0.0172775
0.317216817162 1.38302 0.0167524
0.323518756794 1.37505 0.0160551
0.329816821755 1.37049 0.0154325
0.336117642946 1.36414 0.0171241
0.342370037571 1.35978 0.0200811
0.348647819267 1.3558 0.017624
0.354941161441 1.34655 0.0165547
0.361191693542 1.33979 0.0157394
0.367476708956 1.33703 0.0176415
0.373764779528 1.33033 0.0184992
0.380065403148 1.32427 0.0159324
0.386353986126 1.32105 0.016442
0.392614018136 1.3146 0.0168548
0.398926450032 1.30675 0.0158591
0.405207324458 1.30113 0.0162681
0.411491647757 1.29594 0.0175464
0.417781427212 1.29183 0.0186479
0.424040064873 1.28429 0.0168564
0.430342569027 1.27959 0.0194246
0.436635856026 1.27544 0.0180173
0.442899618322 1.27088 0.0181183
0.449163441853 1.26222 0.0170779
0.455441414625 1.26118 0.0180184
0.46176344703 1.25546 0.0191383
0.468064424202 1.25069 0.0191646
0.474348524276 1.24285 0.017145
0.480635613682 1.23801 0.0169101
0.486901925839 1.23455 0.0174577
0.49316970996 1.22595 0.0173568
0.499450674714 1.22458 0.01891
0.505715905134 1.21535 0.0189933
0.511992399627 1.21336 0.0184874
0.518312609777 1.20401 0.0153338
0.524608963803 1.20199 0.0177155
0.530875730848 1.19665 0.0184583
0.537157352795 1.18918 0.0172086
0.543457956378 1.18444 0.0172476
0.549743065239 1.18111 0.0184991
0.55599374275 1.17825 0.0170013
0.562285467661 1.17521 0.0175788
0.568601153723 1.16983 0.0190501
0.574880458942 1.16578 0.0175996
0.581155021034 1.15985 0.0188427
0.587439449666 1.15795 0.0193
0.59371762203 1.14782 0.0186125
0.599997195479 1.14746 0.0175857
0.606267911512 1.14342 0.0184322
0.612546957644 1.1349 0.0174863
0.618847773304 1.13539 0.017333
0.625131056744 1.13268 0.0176098
0.631402745038 1.12779 0.0186665
0.637700356273 1.12601 0.0169267
0.643985778331 1.12143 0.0186019
0.650268541717 1.11652 0.0188705
0.65655861177 1.11416 0.0158937
0.662836928236 1.11178 0.0192333
0.669118544496 1.10995 0.0181566
0.675407019858 1.10513 0.0179852
0.681683551459 1.09944 0.0192256
0.687959253386 1.09676 0.020378
0.694234431704 1.09777 0.017896
0.700517540243 1.09605 0.0191125
0.706812495661 1.09117 0.0197209
0.713101900967 1.08664 0.0181442
0.719391825117 1.08751 0.0193063
0.72568338076 1.08498 0.0152396
0.731965268271 1.08477 0.0177582
0.738250799048 1.07963 0.0201125
0.744526584212 1.0813 0.0186194
0.750787110194 1.07539 0.0169816
0.757075846532 1.07205 0.0189657
0.76336412336 1.07265 0.0217612
0.769646295986 1.07399 0.0197626
0.775939486518 1.07005 0.0186549
0.782232914199 1.07433 0.0162466
0.788531493652 1.07265 0.0201631
0.794789656698 1.06876 0.0196443
0.801049109659 1.0714 0.0178059
0.807336406173 1.06934 0.0189207
0.813622948837 1.06988 0.0179489
0.819915299896 1.06856 0.0205581
0.826195263639 1.07159 0.0195096
0.832489707008 1.06905 0.0188558
0.838795930921 1.06986 0.0172939
0.84506346397 1.07136 0.0178359
0.851328286756 1.07382 0.0192619
0.85761982639 1.0752 0.0174842
0.863905847706 1.07711 0.0207175
0.870183874549 1.07457 0.019503
0.876464109608 1.0774 0.0180613
0.88275038734 1.07964 0.0188289
0.889033276839 1.08374 0.0183841
0.895308424711 1.08211 0.0182751
0.901595652167 1.086 0.0207978
0.907883332809 1.08896 0.0173421
0.914174410632 1.0922 0.0170993
0.920463081772 1.09629 0.0181623
0.926743441526 1.09953 0.0169762
0.933032419735 1.09937 0.0200296
0.939326578557 1.10323 0.0187108
0.94559748104 1.11171 0.017378
0.951866001855 1.11252 0.0175312
0.958141325553 1.11557 0.0161611
0.964435094511 1.12069 0.0194086
0.970735563357 1.12693 0.0193417
0.977008076845 1.13119 0.0185236
0.983282332536 1.13662 0.021019
0.989556969197 1.14242 0.0164164
0.995845630192 1.1479 0.0163598
1.00213621074 1.15611 0.0170396
1.00840482534 1.16114 0.0165262
1.01469414984 1.16586 0.018675
1.02099255544 1.17392 0.0172477
1.02727398044 1.1817 0.0184874
1.0335591819 1.18556 0.0183946
1.03984755739 1.19324 0.0164884
1.04612697494 1.20488 0.0182523
1.05240343681 1.21356 0.0167645
1.05868070465 1.22263 0.0172779
1.06496433307 1.2321 0.0158244
1.07125677744 1.2383 0.0143137
1.0775440488 1.2462 0.0167993
1.08382482019 1.2575 0.0176651
1.09010802394 1.2686 0.0177023
1.09638966596 1.27922 0.0155111
1.10268113206 1.28509 0.0174413
1.10896304759 1.29557 0.0160905
1.11522542846 1.30881 0.0157222
1.12150212761 1.32098 0.0176356
1.12779257382 1.33064 0.015355
1.13408955267 1.34232 0.0163987
1.14036404965 1.3566 0.0174443
1.14663918032 1.36586 0.0187901
1.15294241299 1.37929 0.0151662
1.15922890675 1.39177 0.0170166
1.16550872189 1.40663 0.0154259
1.17179307626 1.42147 0.0160749
1.17808743637 1.43226 0.0165448
1.18436765425 1.44712 0.0154851
1.1906346423 1.46228 0.0148105
1.19691220883 1.47798 0.0156776
1.20320157735 1.48853 0.0157196
1.20948684444 1.50838 0.0140802
1.21576390207 1.52312 0.0168611
1.22204975517 1.53709 0.0161229
1.22834061662 1.55474 0.0156176
1.23463298658 1.57146 0.01468
1.24090224718 1.58876 0.0156677
1.24717483914 1.60597 0.0145956
1.25346545993 1.62276 0.0138616
1.25974995189 1.6391 0.0133929
1.26603214313 1.65963 0.0133907
1.27231628847 1.67893 0.014511
1.27860415506 1.69583 0.0146654
1.28488658893 1.71569 0.0142326
1.29117542007 1.73471 0.0142834
1.29746572637 1.75521 0.0150162
1.30374182701 1.77393 0.0140945
1.31001732292 1.7948 0.0134072
1.31630144766 1.81347 0.0136384
1.32258676036 1.83806 0.012796
1.32886549245 1.85783 0.0151776
1.33514480495 1.88115 0.01344
1.34144051627 1.90095 0.0125283
1.34773086842 1.9232 0.0130471
1.35400158999 1.94823 0.0128206
1.3602826093 1.96969 0.0136379
1.36656568646 1.99227 0.0120563
1.37285149848 2.01392 0.0138947
1.37913537293 2.03963 0.0130967
1.38540956715 2.06318 0.0132471
1.39169864122 2.08598 0.0135418
1.39798445144 2.11272 0.0128769
1.40426788341 2.13572 0.0130252
1.41055477948 2.16231 0.0127907
1.41683783355 2.18667 0.0134668
1.42311817719 2.2138 0.0129925
1.42939780116 2.23842 0.0130508
1.43568692182 2.26746 0.0124928
1.44197712177 2.29286 0.0119884
1.44825366785 2.31928 0.0116693
1.45453234897 2.34563 0.0142998
1.46081931915 2.37193 0.0144614
1.4671103644 2.4014 0.0125608
1.47339290895 2.42821 0.0124597
1.47966996524 2.45756 0.01339
1.4859561446 2.48458 0.0126724
1.49223361076 2.51493 0.0124257
1.49850247038 2.54147 0.0125128
1.50478575205 2.57006 0.0120056
1.51107599189 2.59956 0.0131568
1.51736163499 2.63149 0.0116221
1.52364857097 2.65919 0.0121411
1.52993803572 2.68919 0.0119597
1.53623017691 2.71942 0.012464
1.54251071878 2.75019 0.0120683
1.54878396308 2.78039 0.0111437
1.55507306978 2.80847 0.0118957
1.56135732493 2.83953 0.0113485
1.56762912105 2.87079 0.0128812
1.5739136974 2.90195 0.0126436
1.58020354523 2.93123 0.0118697
1.58648539343 2.96431 0.0123962
1.59276001426 2.99468 0.0128094
1.59904643639 3.02545 0.011924
1.60534213664 3.05801 0.0132448
1.61161976836 3.08096 0.013291
1.61789716835 3.09818 0.0122286
1.62418270854 3.11565 0.012636
1.63046407995 3.1359 0.011955
1.63674824683 3.1518 0.012624
1.64303013827 3.17125 0.0128999
1.64930808063 3.19124 0.0128534
1.65559224863 3.20827 0.0131026
1.66187827598 3.22701 0.0121744
1.66816823994 3.24716 0.0136443
1.6744495611 3.2665 0.0134145
1.68072138563 3.28498 0.0118097
1.68701215424 3.30577 0.0146181
1.6933074808 3.32353 0.0135696
1.69958064303 3.34276 0.0135793
1.70586179344 3.36444 0.0140184
1.71215172419 3.38696 0.0127699
1.71843538617 3.40553 0.0137283
1.72471844694 3.42439 0.014354
1.73099491844 3.44792 0.0148043
1.73728636032 3.46741 0.0149701
1.74356630258 3.48769 0.0140381
1.74983600778 3.50952 0.0153051
1.75612327869 3.53272 0.0145616
1.76241061606 3.55407 0.0146194
1.76869357896 3.5766 0.0145174
1.77497674839 3.59899 0.0145585
1.78126362161 3.61938 0.0148703
1.78754574761 3.6438 0.0141076
1.7938272923 3.66764 0.015193
1.80010772174 3.69004 0.0157641
1.80639091391 3.71305 0.015682
1.81267451427 3.73595 0.015326
1.81895363524 3.75885 0.0164154
1.82523850291 3.78456 0.0154269
1.8315236862 3.80543 0.0167862
1.83781040898 3.8312 0.0151178
1.84409642612 3.85616 0.0165233
1.8503769215 3.88157 0.0158631
1.85666074594 3.90641 0.0164606
1.86294359809 3.93005 0.0166226
1.86922204917 3.95794 0.0165232
1.87550781357 3.98089 0.016218
1.88179499507 4.00684 0.01808
1.88807781314 4.03339 0.0169764
1.89435244502 4.05832 0.0155558
1.90063796885 4.08593 0.0178509
1.90692833723 4.11308 0.0178096
1.91320221586 4.13891 0.0181357
1.91948223445 4.16683 0.0163762
1.92577010575 4.19224 0.0177793
1.93206491035 4.22206 0.0165379
1.93834071151 4.24364 0.0180424
1.94460828613 4.27706 0.0179188
1.9508968614 4.30259 0.0178595
1.95718811973 4.32992 0.0174912
1.96347509207 4.36052 0.0177661
1.9697553281 4.38751 0.0184954
1.9760413775 4.41539 0.0186037
1.98233260336 4.44489 0.0177783
1.98861171931 4.47433 0.0188
1.99488792869 4.50129 0.0189953
2.00117304134 4.53007 0.0194052
2.00745262249 4.56233 0.0198642
2.01372721862 4.58891 0.0179406
2.02001108039 4.61838 0.0198604
2.02630405283 4.64516 0.0185626
2.03258735828 4.67667 0.0206199
2.03886100377 4.70884 0.0194481
2.04514489951 4.73441 0.0199569
2.05143683626 4.76679 0.020581
2.05772382203 4.79455 0.0207775
2.0640044634 4.82616 0.021541
2.07029278421 4.85555 0.0203022
2.07658471853 4.88536 0.0211977
2.08285424307 4.91372 0.0220582
2.08912259138 4.94167 0.0211537
2.09541730178 4.97265 0.0222044
2.10170304464 5.0044 0.0235748
2.10797273337 5.03115 0.0228119
2.11425579676 5.06234 0.0226092
2.12053788985 5.08913 0.0216213
2.12682075079 5.12397 0.0221807
2.13310670204 5.15038 0.0238366
2.13940011923 5.17985 0.0228138
2.14568939859 5.20912 0.0219774
2.15195789682 5.23693 0.0232443
2.15824033347 5.26502 0.0221071
2.16453048092 5.29119 0.0231595
2.17081716829 5.32347 0.0226778
2.17709912993 5.35304 0.0230713
2.18337674027 5.38015 0.0250595
2.18965452646 5.4043 0.0239544
2.19593814184 5.4298 0.0258085
2.20221722867 5.46213 0.0236914
2.20849850085 5.48348 0.0244758
2.21479372465 5.51389 0.0245251
2.22107581834 5.53811 0.0229572
2.22733812199 5.56358 0.0270936
2.23362792264 5.5868 0.0266467
2.2399287897 5.61417 0.0260561
2.24620084223 5.63788 0.0263584
2.2524810722 5.65884 0.0272235
2.25875993301 5.68261 0.028008
2.26503776668 5.70386 0.0278285
2.27130391144 5.72748 0.0288459
2.27758972822 5.74733 0.0276359
2.28389830542 5.77142 0.0290011
2.29017001225 5.79428 0.0315841
2.29645357402 5.82332 0.0274284
2.30275372852 5.8474 0.0281935
2.30903325986 5.87446 0.0319307
2.31530674049 5.89968 0.0321179
2.32158490306 5.92748 0.0283407
2.3278758488 5.95037 0.0305901
2.33415543799 5.98099 0.0320761
2.34041936871 6.01135 0.0317535
2.34670710068 6.03646 0.0321293
2.3530032916 6.06429 0.0334849
2.35928989445 6.09333 0.0318708
2.36555387699 6.12254 0.0344847
2.37182578571 6.15046 0.0360137
2.3781409032 6.17729 0.0328902
2.38442809259 6.20898 0.0386928
2.39069258243 6.23906 0.0391382
2.39698813839 6.26606 0.0365393
2.40330354843 6.29543 0.0378835
2.40957307365 6.32735 0.0354334
2.41583080138 6.35446 0.04082
2.42214385676 6.38964 0.0416009
2.42843005755 6.41871 0.0393091
2.43467776878 6.44816 0.0413675
2.44097021258 6.47849 0.039119
2.44729898127 6.50828 0.04009
2.45356911846 6.53651 0.0455461
2.45980003814 6.56453 0.043733
2.4661092349 6.59888 0.04649
2.47241430729 6.63055 0.0478636
2.47866355169 6.66194 0.0439284
2.48493431628 6.68933 0.0457007
2.49124283111 6.7195 0.051927
2.49755537626 6.75386 0.0441644
2.50380379021 6.78118 0.0459457
2.51005045336 6.81419 0.0515073
2.51638815336 6.84609 0.0511708
2.52269694929 6.87044 0.0546062
2.52891211798 6.90154 0.0541225
2.53519495098 6.92382 0.0530992
2.54155301509 6.95567 0.0521568
2.54783359884 6.98376 0.0535596
2.55402772623 7.02385 0.0587272
2.56033571996 7.04676 0.0585167
2.56672381747 7.08485 0.0600741
2.57294751341 7.10574 0.0640158
2.57911252531 7.13294 0.0555483
2.58547549612 7.16579 0.067115
2.59185019505 7.18279 0.0647144
2.59805932148 7.21639 0.0666804
2.60429715989 7.24482 0.0680432
2.61067449751 7.27148 0.0694528
2.61693283418 7.31133 0.0768178
2.62300854502 7.34306 0.0785
2.62939753095 7.34793 0.0743462
2.63591057571 7.38327 0.0887007
2.64202978624 7.39761 0.091036
2.64803951219 7.41683 0.0892296
2.65454096229 7.44474 0.0957367
2.66118028258 7.47521 0.0972094
2.66719514746 7.49484 0.0939581
2.67309090101 7.51997 0.113185
2.67973176445 7.54457 0.113323
2.68646693102 7.58768 0.123074
2.69219835647 7.59149 0.144206
2.69796467721 7.59581 0.143122
2.70489193937 7.61381 0.141511
2.71182026315 7.65184 0.156772
2.71709790339 7.66226 0.207663
2.7227864466 7.69936 0.150483
2.72994784687 7.74452 0.21374
2.73706528781 7.75008 0.229265
2.74248820391 7.72832 0.351053
2.74787331837 7.79356 0.264775
2.75504313834 7.78502 0.360073
2.76219934437 7.81699 0.521413
2.76789278819 7.84644 0.827351
2.77283198247 7.70727 0.901429
2.77965581172 7.87636 1.73893
2.78599582346 nan nan
