0.0088996412247 2.37432 0.13288
0.0150791221651 2.3129 0.0683526
0.0214479018646 2.2749 0.0504227
0.0278366077649 2.24977 0.0415841
0.034350997858 2.21804 0.0330818
0.0404788676143 2.20422 0.038462
0.0467671668358 2.20596 0.0340925
0.0530822510177 2.19823 0.0288796
0.0594536244094 2.19706 0.0240184
0.0657622481459 2.19831 0.022971
0.071966329067 2.19942 0.0225354
0.0782786091569 2.20046 0.0212137
0.0847039894583 2.19972 0.0235236
0.0909685462053 2.20014 0.0244752
0.0972078977683 2.20193 0.0201333
0.103476303896 2.20672 0.0203519
0.109757644425 2.21485 0.0203469
0.116054308478 2.22416 0.0174216
0.122366966654 2.22333 0.0190676
0.128681726309 2.22356 0.0157053
0.134950080166 2.22741 0.020069
0.141194955884 2.22904 0.0162797
0.147513357575 2.23212 0.0161374
0.153786507425 2.2379 0.0207169
0.160065754405 2.23661 0.0191052
0.166399116869 2.2393 0.0165139
0.172719564578 2.23968 0.0170203
0.178976521338 2.24455 0.0173872
0.185235369065 2.24551 0.0179669
0.191480678734 2.24389 0.0172062
0.197788986865 2.2474 0.018412
0.204093773545 2.2436 0.0170534
0.210393930261 2.24835 0.0164418
0.216690970982 2.24493 0.0168023
0.222970028122 2.2413 0.0186415
0.229262002709 2.24302 0.0189856
0.235514150837 2.24198 0.0174054
0.241791058382 2.24048 0.0167605
0.248085653944 2.23575 0.0159361
0.254349225687 2.23373 0.0175071
0.260633425188 2.23003 0.0156479
0.26692573709 2.22777 0.0150732
0.273242334314 2.22426 0.0166047
0.279552968008 2.22097 0.0157984
0.285836629231 2.21704 0.0183469
0.292087627139 2.21301 0.0172884
0.298344984444 2.21092 0.0168787
0.304638263941 2.20042 0.0167322
0.3109279127 2.1996 0.0161173
0.317216817162 2.19157 0.0167435
0.323518756794 2.18482 0.0159071
0.329816821755 2.18135 0.0154123
0.336117642946 2.17478 0.015275
0.342370037571 2.171 0.0171327
0.348647819267 2.16085 0.015943
0.354941161441 2.15342 0.0139771
0.361191693542 2.14634 0.0149585
0.367476708956 2.1398 0.0169084
0.373764779528 2.13273 0.0151396
0.380065403148 2.12188 0.0162007
0.386353986126 2.11774 0.0169017
0.392614018136 2.10721 0.015178
0.398926450032 2.10088 0.0155825
0.405207324458 2.09007 0.0150918
0.411491647757 2.08581 0.0140104
0.417781427212 2.07572 0.0176513
0.424040064873 2.06663 0.0154683
0.430342569027 2.05814 0.0163094
0.436635856026 2.04858 0.0153416
0.442899618322 2.03888 0.0170383
0.449163441853 2.03175 0.017173
0.455441414625 2.02223 0.015612
0.46176344703 2.01388 0.0157172
0.468064424202 2.00109 0.0158981
0.474348524276 1.99429 0.0155314
0.480635613682 1.98226 0.0152185
0.486901925839 1.97414 0.0142751
0.49316970996 1.96318 0.0145724
0.499450674714 1.95427 0.0173856
0.505715905134 1.94103 0.0133579
0.511992399627 1.93541 0.0154829
0.518312609777 1.92347 0.0174537
0.524608963803 1.91071 0.0145434
0.530875730848 1.90355 0.0160515
0.537157352795 1.89206 0.0157867
0.543457956378 1.87997 0.013261
0.549743065239 1.86952 0.0139295
0.55599374275 1.86118 0.0144552
0.562285467661 1.85039 0.0154293
0.568601153723 1.83938 0.0144305
0.574880458942 1.8263 0.0155925
0.581155021034 1.81651 0.0147884
0.587439449666 1.80887 0.0166204
0.59371762203 1.79404 0.0158511
0.599997195479 1.78551 0.0139258
0.606267911512 1.77293 0.0136175
0.612546957644 1.76191 0.0132576
0.618847773304 1.75259 0.0145201
0.625131056744 1.74121 0.0142356
0.631402745038 1.73052 0.0161507
0.637700356273 1.72146 0.0148613
0.643985778331 1.71042 0.014097
0.650268541717 1.69856 0.0158788
0.65655861177 1.68741 0.0137982
0.662836928236 1.67707 0.0149611
0.669118544496 1.66698 0.0142731
0.675407019858 1.65682 0.014605
0.681683551459 1.64419 0.0156968
0.687959253386 1.63009 0.0146208
0.694234431704 1.62223 0.0155351
0.700517540243 1.61441 0.0156997
0.706812495661 1.60171 0.0154207
0.713101900967 1.58964 0.0130352
0.719391825117 1.57911 0.0153463
0.72568338076 1.56842 0.0149937
0.731965268271 1.55869 0.0155284
0.738250799048 1.54809 0.0157423
0.744526584212 1.53879 0.0144365
0.750787110194 1.52916 0.0153138
0.757075846532 1.51548 0.0139489
0.76336412336 1.50592 0.0166892
0.769646295986 1.49887 0.0156164
0.775939486518 1.48809 0.0163093
0.782232914199 1.47892 0.0134511
0.788531493652 1.46653 0.0154769
0.794789656698 1.4555 0.0156339
0.801049109659 1.44667 0.0165398
0.807336406173 1.43964 0.0148621
0.813622948837 1.429 0.0150402
0.819915299896 1.4192 0.0169176
0.826195263639 1.40963 0.0184526
0.832489707008 1.40049 0.0163152
0.838795930921 1.39005 0.015212
0.84506346397 1.38046 0.0161582
0.851328286756 1.37003 0.0154064
0.85761982639 1.3649 0.0140701
0.863905847706 1.35604 0.0176269
0.870183874549 1.34716 0.0167672
0.876464109608 1.33636 0.0144842
0.88275038734 1.33019 0.0159241
0.889033276839 1.32245 0.0163089
0.895308424711 1.31187 0.016109
0.901595652167 1.30679 0.0141186
0.907883332809 1.29595 0.0170659
0.914174410632 1.29035 0.0148821
0.920463081772 1.28764 0.0168731
0.926743441526 1.27532 0.01735
0.933032419735 1.26918 0.0173267
0.939326578557 1.26294 0.0146619
0.94559748104 1.25883 0.0158488
0.951866001855 1.2485 0.0176319
0.958141325553 1.24162 0.0158478
0.964435094511 1.24036 0.0179129
0.970735563357 1.23283 0.0185754
0.977008076845 1.22846 0.0170799
0.983282332536 1.22478 0.0175989
0.989556969197 1.21772 0.0165732
0.995845630192 1.21285 0.0186598
1.00213621074 1.20957 0.0188178
1.00840482534 1.20612 0.0166825
1.01469414984 1.20153 0.0173084
1.02099255544 1.20128 0.0167239
1.02727398044 1.19905 0.0176564
1.0335591819 1.19236 0.0166318
1.03984755739 1.19328 0.0160351
1.04612697494 1.19069 0.0172051
1.05240343681 1.1875 0.0180619
1.05868070465 1.18885 0.0188474
1.06496433307 1.18876 0.0167114
1.07125677744 1.18648 0.015809
1.0775440488 1.19027 0.0161272
1.08382482019 1.18836 0.0171487
1.09010802394 1.18693 0.0186054
1.09638966596 1.18962 0.0181
1.10268113206 1.1909 0.0178688
1.10896304759 1.19129 0.0163318
1.11522542846 1.19686 0.0169955
1.12150212761 1.19981 0.019007
1.12779257382 1.20156 0.0169608
1.13408955267 1.2071 0.0206134
1.14036404965 1.20936 0.0172401
1.14663918032 1.21627 0.0178296
1.15294241299 1.22045 0.0166223
1.15922890675 1.22422 0.0168119
1.16550872189 1.23138 0.016833
1.17179307626 1.2429 0.0191617
1.17808743637 1.24672 0.0188797
1.18436765425 1.25127 0.0157814
1.1906346423 1.26254 0.0179663
1.19691220883 1.26864 0.0158669
1.20320157735 1.27758 0.0145116
1.20948684444 1.28888 0.0178978
1.21576390207 1.29711 0.0165814
1.22204975517 1.30833 0.0164113
1.22834061662 1.31987 0.0147517
1.23463298658 1.32927 0.0161784
1.24090224718 1.34081 0.0161186
1.24717483914 1.35037 0.0157476
1.25346545993 1.36832 0.0152729
1.25974995189 1.38101 0.0163463
1.26603214313 1.39396 0.0152462
1.27231628847 1.40863 0.01543
1.27860415506 1.42281 0.01568
1.28488658893 1.43881 0.0140377
1.29117542007 1.45398 0.0147263
1.29746572637 1.46899 0.0141741
1.30374182701 1.48553 0.0147846
1.31001732292 1.50314 0.0153428
1.31630144766 1.52018 0.0150667
1.32258676036 1.53817 0.016015
1.32886549245 1.55653 0.0152982
1.33514480495 1.57385 0.013532
1.34144051627 1.59297 0.0133409
1.34773086842 1.6149 0.0150063
1.35400158999 1.63462 0.0143112
1.3602826093 1.65555 0.0149765
1.36656568646 1.67622 0.0142908
1.37285149848 1.69681 0.0156606
1.37913537293 1.71921 0.0134159
1.38540956715 1.74069 0.0135584
1.39169864122 1.76599 0.0133557
1.39798445144 1.78969 0.0133321
1.40426788341 1.81187 0.0150871
1.41055477948 1.83508 0.0146265
1.41683783355 1.86039 0.013508
1.42311817719 1.88519 0.0140697
1.42939780116 1.90738 0.0142116
1.43568692182 1.93464 0.0134065
1.44197712177 1.95897 0.0120733
1.44825366785 1.98609 0.0135015
1.45453234897 2.0127 0.0140873
1.46081931915 2.03846 0.0145813
1.4671103644 2.06703 0.0125645
1.47339290895 2.09598 0.012664
1.47966996524 2.12347 0.0124182
1.4859561446 2.15006 0.0130896
1.49223361076 2.18022 0.0116317
1.49850247038 2.20804 0.0122279
1.50478575205 2.23418 0.0138049
1.51107599189 2.26438 0.0133872
1.51736163499 2.29459 0.0109371
1.52364857097 2.32437 0.0122724
1.52993803572 2.35476 0.011786
1.53623017691 2.3848 0.0128509
1.54251071878 2.41482 0.0113741
1.54878396308 2.44554 0.0129345
1.55507306978 2.47672 0.012523
1.56135732493 2.5081 0.0126221
1.56762912105 2.53855 0.0130853
1.5739136974 2.57084 0.0133817
1.58020354523 2.60143 0.0130773
1.58648539343 2.63328 0.0126261
1.59276001426 2.66437 0.0130932
1.59904643639 2.69501 0.012791
1.60534213664 2.72746 0.0124274
1.61161976836 3.14587 0.0133955
1.61789716835 2.75739 0.0118441
1.62418270854 2.77065 0.0119493
1.63046407995 2.78737 0.0108375
1.63674824683 2.80238 0.0126778
1.64303013827 2.81801 0.0114595
1.64930808063 2.83488 0.01209
1.65559224863 2.84953 0.0118511
1.66187827598 2.86677 0.012287
1.66816823994 2.88385 0.0130105
1.6744495611 2.90096 0.0139291
1.68072138563 2.91914 0.0131758
1.68701215424 2.93624 0.0136224
1.6933074808 2.95329 0.0137266
1.69958064303 2.97256 0.0118967
1.70586179344 2.99093 0.0142015
1.71215172419 3.01158 0.0135004
1.71843538617 3.02934 0.0132497
1.72471844694 3.04651 0.0137967
1.73099491844 3.06727 0.0152748
1.73728636032 3.08561 0.0137192
1.74356630258 3.10434 0.0132162
1.74983600778 3.12557 0.0145739
1.75612327869 3.14612 0.014704
1.76241061606 3.16553 0.0148715
1.76869357896 3.18658 0.0135619
1.77497674839 3.20658 0.014396
1.78126362161 3.2272 0.0146599
1.78754574761 3.24994 0.0146942
1.7938272923 3.27085 0.015225
1.80010772174 3.29343 0.0152409
1.80639091391 3.31382 0.0144925
1.81267451427 3.33509 0.015103
1.81895363524 3.35907 0.0153952
1.82523850291 3.38218 0.0150089
1.8315236862 3.40249 0.0162856
1.83781040898 3.42732 0.0149977
1.84409642612 3.4495 0.016552
1.8503769215 3.4742 0.0143902
1.85666074594 3.49425 0.0154178
1.86294359809 3.52086 0.0156091
1.86922204917 3.54583 0.0165698
1.87550781357 3.56801 0.0154839
1.88179499507 3.59264 0.0160278
1.88807781314 3.61756 0.0158014
1.89435244502 3.64115 0.015696
1.90063796885 3.66751 0.0175809
1.90692833723 3.69476 0.0159875
1.91320221586 3.71843 0.0163655
1.91948223445 3.74442 0.0174545
1.92577010575 3.76786 0.0171663
1.93206491035 3.796 0.0163498
1.93834071151 3.81858 0.0162301
1.94460828613 3.84884 0.0180605
1.9508968614 3.87409 0.0170832
1.95718811973 3.9021 0.0150103
1.96347509207 3.92877 0.0163594
1.9697553281 3.95567 0.0162388
1.9760413775 3.98324 0.0167233
1.98233260336 4.00993 0.0176027
1.98861171931 4.03919 0.0180346
1.99488792869 4.06382 0.0184636
2.00117304134 4.09282 0.0176673
2.00745262249 4.12269 0.0183526
2.01372721862 4.14666 0.0167272
2.02001108039 4.17792 0.0170342
2.02630405283 4.20239 0.0175994
2.03258735828 4.23409 0.017143
2.03886100377 4.26563 0.018481
2.04514489951 4.28945 0.018747
2.05143683626 4.31793 0.0184543
2.05772382203 4.34902 0.0200365
2.0640044634 4.37781 0.0190939
2.07029278421 4.40655 0.0195028
2.07658471853 4.43417 0.0181916
2.08285424307 4.46393 0.0217172
2.08912259138 4.49066 0.0196356
2.09541730178 4.51991 0.0206222
2.10170304464 4.55191 0.0202774
2.10797273337 4.57725 0.0229801
2.11425579676 4.60495 0.0199062
2.12053788985 4.63261 0.0206366
2.12682075079 4.66684 0.0214676
2.13310670204 4.69164 0.0204659
2.13940011923 4.7202 0.0216561
2.14568939859 4.74974 0.0208965
2.15195789682 4.77689 0.0214017
2.15824033347 4.80543 0.0210867
2.16453048092 4.82935 0.0221039
2.17081716829 4.85661 0.0231363
2.17709912993 4.88577 0.0240024
2.18337674027 4.90999 0.0218737
2.18965452646 4.9367 0.0216301
2.19593814184 4.95943 0.023398
2.20221722867 4.99319 0.0217842
2.20849850085 5.01076 0.0241864
2.21479372465 5.0424 0.0227304
2.22107581834 5.06389 0.023137
2.22733812199 5.08781 0.0234499
2.23362792264 5.11397 0.0239199
2.2399287897 5.13482 0.0230731
2.24620084223 5.15952 0.0239109
2.2524810722 5.17471 0.0233834
2.25875993301 5.19763 0.0237801
2.26503776668 5.21777 0.0274875
2.27130391144 5.23736 0.0253766
2.27758972822 5.2949 0.0250639
2.28389830542 5.27433 0.0279015
2.29017001225 5.29656 0.027457
2.29645357402 5.31817 0.0254079
2.30275372852 5.3417 0.0244263
2.30903325986 5.36643 0.0290266
2.31530674049 5.3885 0.0278923
2.32158490306 5.41379 0.025995
2.3278758488 5.43495 0.0286854
2.33415543799 5.46284 0.0289915
2.34041936871 5.4891 0.0319482
2.34670710068 5.5119 0.0299597
2.3530032916 5.53947 0.0333994
2.35928989445 5.56702 0.0306295
2.36555387699 5.59625 0.0289205
2.37182578571 5.62082 0.0341439
2.3781409032 5.6439 0.0301895
2.38442809259 5.67459 0.0357955
2.39069258243 5.70137 0.0321157
2.39698813839 5.72834 0.0365993
2.40330354843 5.76032 0.0354343
2.40957307365 5.78793 0.0334598
2.41583080138 5.81547 0.0353122
2.42214385676 5.83924 0.0368152
2.42843005755 5.86813 0.0401675
2.43467776878 5.89905 0.0385302
2.44097021258 5.92595 0.0339581
2.44729898127 5.95583 0.0419284
2.45356911846 5.98121 0.0429067
2.45980003814 6.00497 0.0470278
2.4661092349 6.03784 0.0440582
2.47241430729 6.07141 0.0423786
2.47866355169 6.09475 0.0404488
2.48493431628 6.1268 0.0429173
2.49124283111 6.15165 0.0444676
2.49755537626 6.18354 0.0436707
2.50380379021 6.21418 0.044707
2.51005045336 6.23924 0.0474823
2.51638815336 6.2758 0.0499975
2.52269694929 6.30005 0.0485048
2.52891211798 6.33044 0.0543987
2.53519495098 6.35271 0.0558633
2.54155301509 6.37994 0.0495567
2.54783359884 6.40954 0.0491399
2.55402772623 6.44948 0.0502341
2.56033571996 6.4797 0.0534077
2.56672381747 6.49653 0.0642455
2.57294751341 6.52361 0.0575149
2.57911252531 6.55336 0.0555846
2.58547549612 6.58856 0.0561841
2.59185019505 6.60678 0.0570152
2.59805932148 6.63432 0.071011
2.60429715989 6.66084 0.0659698
2.61067449751 6.69341 0.0649951
2.61693283418 6.72183 0.0767429
2.62300854502 6.75035 0.0783563
2.62939753095 6.76512 0.0685024
2.63591057571 6.79043 0.0845936
2.64202978624 6.81516 0.0828611
2.64803951219 6.84435 0.0859004
2.65454096229 6.85754 0.0932343
2.66118028258 6.88974 0.0902121
2.66719514746 6.90936 0.0930462
2.67309090101 6.92261 0.095702
2.67973176445 6.95994 0.107248
2.68646693102 7.01276 0.112772
2.69219835647 7.0091 0.14379
2.69796467721 7.01438 0.12262
2.70489193937 7.05056 0.122861
2.71182026315 7.10212 0.157786
2.71709790339 7.08908 0.203959
2.7227864466 7.13396 0.167841
2.72994784687 7.14022 0.198468
2.73706528781 7.18015 0.217746
2.74248820391 7.19931 0.293901
2.74787331837 7.23438 0.261359
2.75504313834 7.27606 0.325558
2.76219934437 7.34404 0.42378
2.76789278819 7.25161 0.749408
2.77283198247 7.14732 0.803937
2.77965581172 7.32306 1.76431
2.78599582346 595.233 1503.31
