0.0088996412247 1.97525 0.105563
0.0150791221651 1.93534 0.0585265
0.0214479018646 1.90661 0.0401938
0.0278366077649 1.88091 0.0314044
0.034350997858 1.85394 0.0247627
0.0404788676143 1.84054 0.0311259
0.0467671668358 1.83453 0.0245822
0.0530822510177 1.82981 0.0255613
0.0594536244094 1.82839 0.0216738
0.0657622481459 1.82435 0.0225455
0.071966329067 1.82438 0.0189081
0.0782786091569 1.82312 0.0212183
0.0847039894583 1.81945 0.0170921
0.0909685462053 1.81456 0.0202582
0.0972078977683 1.81431 0.0195114
0.103476303896 1.8125 0.0198385
0.109757644425 1.8158 0.0191802
0.116054308478 1.82166 0.0180812
0.122366966654 1.82066 0.0161149
0.128681726309 1.81948 0.0167697
0.134950080166 1.82217 0.0184677
0.141194955884 1.82043 0.0144704
0.147513357575 1.81796 0.0152649
0.153786507425 1.81777 0.0191833
0.160065754405 1.81458 0.016825
0.166399116869 1.81434 0.0188745
0.172719564578 1.81525 0.0163463
0.178976521338 1.81645 0.0180798
0.185235369065 1.81462 0.0179081
0.191480678734 1.81534 0.0158223
0.197788986865 1.81689 0.0174362
0.204093773545 1.81508 0.0173292
0.210393930261 1.81415 0.016998
0.216690970982 1.81161 0.0174678
0.222970028122 1.80758 0.0161239
0.229262002709 1.80604 0.0199294
0.235514150837 1.80649 0.0180144
0.241791058382 1.80556 0.0163277
0.248085653944 1.80492 0.0178059
0.254349225687 1.80419 0.0168983
0.260633425188 1.79692 0.0162838
0.26692573709 1.79895 0.016941
0.273242334314 1.79687 0.0166881
0.279552968008 1.79333 0.0150757
0.285836629231 1.79319 0.0191788
0.292087627139 1.7907 0.0173834
0.298344984444 1.79087 0.013274
0.304638263941 1.78396 0.0183712
0.3109279127 1.7826 0.01599
0.317216817162 1.78051 0.0159773
0.323518756794 1.77438 0.015898
0.329816821755 1.77548 0.0146231
0.336117642946 1.77257 0.0151975
0.342370037571 1.77322 0.0186837
0.348647819267 1.76901 0.0153393
0.354941161441 1.76269 0.0130949
0.361191693542 1.76048 0.0142501
0.367476708956 1.76076 0.0160349
0.373764779528 1.75783 0.0137684
0.380065403148 1.75043 0.0151788
0.386353986126 1.75118 0.0160349
0.392614018136 1.74926 0.0174229
0.398926450032 1.74451 0.0148244
0.405207324458 1.74194 0.0138898
0.411491647757 1.74017 0.0146694
0.417781427212 1.73563 0.0160046
0.424040064873 1.73439 0.0154499
0.430342569027 1.72921 0.0164161
0.436635856026 1.73026 0.0153381
0.442899618322 1.72435 0.0152391
0.449163441853 1.72329 0.0164691
0.455441414625 1.72167 0.018398
0.46176344703 1.71822 0.0153094
0.468064424202 1.71488 0.0163435
0.474348524276 1.71161 0.0155326
0.480635613682 1.70827 0.0147548
0.486901925839 1.7067 0.0152961
0.49316970996 1.70284 0.0149857
0.499450674714 1.70237 0.0158021
0.505715905134 1.69509 0.0155278
0.511992399627 1.69732 0.0153685
0.518312609777 1.69196 0.0160669
0.524608963803 1.68909 0.0161027
0.530875730848 1.68811 0.0168293
0.537157352795 1.68613 0.0146576
0.543457956378 1.68445 0.0158893
0.549743065239 1.68067 0.0155302
0.55599374275 1.67898 0.0134531
0.562285467661 1.67815 0.0158671
0.568601153723 1.67367 0.0163425
0.574880458942 1.67163 0.0150592
0.581155021034 1.67072 0.015212
0.587439449666 1.66858 0.0157385
0.59371762203 1.66551 0.0160678
0.599997195479 1.6668 0.0177937
0.606267911512 1.66065 0.0162872
0.612546957644 1.65869 0.0136026
0.618847773304 1.66177 0.015027
0.625131056744 1.65763 0.0148567
0.631402745038 1.65591 0.0172201
0.637700356273 1.65788 0.0140056
0.643985778331 1.65483 0.0130183
0.650268541717 1.6549 0.0158679
0.65655861177 1.65146 0.0156922
0.662836928236 1.65347 0.0152506
0.669118544496 1.65356 0.0145459
0.675407019858 1.65391 0.0151659
0.681683551459 1.6504 0.0149007
0.687959253386 1.65106 0.0150794
0.694234431704 1.64817 0.0154897
0.700517540243 1.65302 0.0136991
0.706812495661 1.65246 0.0135843
0.713101900967 1.6515 0.0145939
0.719391825117 1.65071 0.0150159
0.72568338076 1.65229 0.0140681
0.731965268271 1.65262 0.0160446
0.738250799048 1.65253 0.0137192
0.744526584212 1.65638 0.0141321
0.750787110194 1.65357 0.0151351
0.757075846532 1.65329 0.0145521
0.76336412336 1.65463 0.0141453
0.769646295986 1.65801 0.0144307
0.775939486518 1.65969 0.012829
0.782232914199 1.66201 0.0150925
0.788531493652 1.66283 0.0134768
0.794789656698 1.66393 0.0160966
0.801049109659 1.66743 0.0152698
0.807336406173 1.67011 0.0135311
0.813622948837 1.67338 0.0120844
0.819915299896 1.67166 0.015024
0.826195263639 1.67758 0.016885
0.832489707008 1.67844 0.0146527
0.838795930921 1.68126 0.0162576
0.84506346397 1.68423 0.0129624
0.851328286756 1.68564 0.0134285
0.85761982639 1.69512 0.0132394
0.863905847706 1.69529 0.0154994
0.870183874549 1.69943 0.0141241
0.876464109608 1.7025 0.0151673
0.88275038734 1.70811 0.0152437
0.889033276839 1.71361 0.0139185
0.895308424711 1.71813 0.0126364
0.901595652167 1.72416 0.0139006
0.907883332809 1.72778 0.0146852
0.914174410632 1.7316 0.0118633
0.920463081772 1.74225 0.0130861
0.926743441526 1.74474 0.0143854
0.933032419735 1.74794 0.0142665
0.939326578557 1.75605 0.0114662
0.94559748104 1.7647 0.0119762
0.951866001855 1.76911 0.0145972
0.958141325553 1.77498 0.0145415
0.964435094511 1.78419 0.014262
0.970735563357 1.79206 0.0146872
0.977008076845 1.79895 0.0130093
0.983282332536 1.80537 0.0147856
0.989556969197 1.81286 0.0138134
0.995845630192 1.82323 0.014295
1.00213621074 1.83131 0.0120498
1.00840482534 1.83927 0.0128714
1.01469414984 1.84869 0.0149265
1.02099255544 1.86115 0.0117654
1.02727398044 1.86937 0.0134844
1.0335591819 1.87705 0.0136213
1.03984755739 1.88694 0.0121576
1.04612697494 1.89678 0.0131933
1.05240343681 1.90848 0.0122887
1.05868070465 1.92038 0.0126464
1.06496433307 1.93113 0.0145774
1.07125677744 1.94245 0.0134989
1.0775440488 1.95553 0.0123888
1.08382482019 1.96763 0.0123452
1.09010802394 1.97874 0.0151435
1.09638966596 1.99128 0.0130408
1.10268113206 2.00255 0.0141354
1.10896304759 2.01494 0.0135614
1.11522542846 2.02999 0.0125998
1.12150212761 2.04359 0.0136899
1.12779257382 2.05625 0.0119788
1.13408955267 2.07218 0.013403
1.14036404965 2.08571 0.012114
1.14663918032 2.10272 0.0132926
1.15294241299 2.11515 0.0125238
1.15922890675 2.13108 0.0125617
1.16550872189 2.14832 0.0137656
1.17179307626 2.16428 0.0125301
1.17808743637 2.18071 0.012977
1.18436765425 2.19522 0.0127008
1.1906346423 2.21444 0.0132973
1.19691220883 2.23164 0.0129301
1.20320157735 2.24623 0.0118675
1.20948684444 2.26624 0.0138297
1.21576390207 2.28528 0.0132419
1.22204975517 2.30209 0.0136135
1.22834061662 2.31983 0.0124705
1.23463298658 2.33845 0.0112016
1.24090224718 2.36013 0.0138151
1.24717483914 2.37903 0.0125419
1.25346545993 2.40045 0.0116615
1.25974995189 2.41845 0.0132871
1.26603214313 2.44022 0.0113617
1.27231628847 2.46194 0.0118011
1.27860415506 2.48138 0.012271
1.28488658893 2.50347 0.00992959
1.29117542007 2.52548 0.0111219
1.29746572637 2.54817 0.0139866
1.30374182701 2.56925 0.0125212
1.31001732292 2.59248 0.0127877
1.31630144766 2.61422 0.0116923
1.32258676036 2.63965 0.0114333
1.32886549245 2.66303 0.0123564
1.33514480495 2.68663 0.0110165
1.34144051627 2.71014 0.0116632
1.34773086842 2.73664 0.0123529
1.35400158999 2.76063 0.0118696
1.3602826093 2.78514 0.0132439
1.36656568646 2.8101 0.0131424
1.37285149848 2.83499 0.0112993
1.37913537293 2.86332 0.0112766
1.38540956715 2.88771 0.0116872
1.39169864122 2.91624 0.0128241
1.39798445144 2.9427 0.0121285
1.40426788341 2.97025 0.0126951
1.41055477948 2.99719 0.0123637
1.41683783355 3.02477 0.0116345
1.42311817719 3.05272 0.011285
1.42939780116 3.07856 0.0121053
1.43568692182 3.10883 0.012193
1.44197712177 3.13703 0.01198
1.44825366785 3.16649 0.0131578
1.45453234897 3.19528 0.0136814
1.46081931915 3.22419 0.0132465
1.4671103644 3.25457 0.0113072
1.47339290895 3.28609 0.0120416
1.47966996524 3.31509 0.0124976
1.4859561446 3.34255 0.0123213
1.49223361076 3.37501 0.0110211
1.49850247038 3.40508 0.0128931
1.50478575205 3.43441 0.0121731
1.51107599189 3.46503 0.0122141
1.51736163499 3.49677 0.0123242
1.52364857097 3.52761 0.013034
1.52993803572 3.55969 0.0121436
1.53623017691 3.59061 0.0121629
1.54251071878 3.6221 0.0114559
1.54878396308 3.6528 0.0125175
1.55507306978 3.68488 0.0121632
1.56135732493 3.71745 0.0116681
1.56762912105 3.74799 0.0137663
1.5739136974 3.78001 0.0125251
1.58020354523 3.81114 0.0138466
1.58648539343 3.84382 0.0124968
1.59276001426 3.87512 0.0141663
1.59904643639 3.90651 0.0134993
1.60534213664 3.9397 0.0137942
1.61161976836 3.96526 0.01381
1.61789716835 3.98839 0.0125356
1.62418270854 4.01064 0.0129268
1.63046407995 4.0358 0.0127116
1.63674824683 4.05821 0.0136168
1.64303013827 4.08329 0.0124925
1.64930808063 4.10725 0.0139966
1.65559224863 4.13073 0.0134207
1.66187827598 4.15384 0.0128717
1.66816823994 4.17852 0.0148374
1.6744495611 4.20275 0.0147914
1.68072138563 4.22836 0.0135685
1.68701215424 4.2533 0.0156717
1.6933074808 4.27753 0.0160123
1.69958064303 4.30313 0.0135211
1.70586179344 4.32949 0.0152328
1.71215172419 4.35758 0.0142391
1.71843538617 4.38289 0.0150959
1.72471844694 4.40811 0.0144193
1.73099491844 4.43701 0.0164199
1.73728636032 4.4624 0.0156669
1.74356630258 4.48929 0.0150753
1.74983600778 4.51741 0.0158515
1.75612327869 4.54446 0.0160593
1.76241061606 4.57289 0.0165529
1.76869357896 4.59973 0.0150473
1.77497674839 4.62969 0.0152784
1.78126362161 4.65592 0.0157249
1.78754574761 4.6864 0.016202
1.7938272923 4.71671 0.0165388
1.80010772174 4.74525 0.0173864
1.80639091391 4.77294 0.0169445
1.81267451427 4.8029 0.0157017
1.81895363524 4.83318 0.0163336
1.82523850291 4.86311 0.0156733
1.8315236862 4.89245 0.0182503
1.83781040898 4.92304 0.0160484
1.84409642612 4.95455 0.0180483
1.8503769215 4.9861 0.0170215
1.85666074594 5.01677 0.0160171
1.86294359809 5.04779 0.0184972
1.86922204917 5.08133 0.0178586
1.87550781357 5.10959 0.0180789
1.88179499507 5.14311 0.0174081
1.88807781314 5.17619 0.0175112
1.89435244502 5.20728 0.0164846
1.90063796885 5.24172 0.0185811
1.90692833723 5.27477 0.0195755
1.91320221586 5.3075 0.018311
1.91948223445 5.34125 0.0174556
1.92577010575 5.37379 0.0198424
1.93206491035 5.40857 0.0171429
1.93834071151 5.43848 0.0185644
1.94460828613 5.47537 0.019093
1.9508968614 5.50978 0.0189889
1.95718811973 5.54241 0.0189862
1.96347509207 5.57673 0.0185547
1.9697553281 5.61288 0.0197167
1.9760413775 5.64641 0.0208834
1.98233260336 5.68046 0.0198811
1.98861171931 5.71832 0.020461
1.99488792869 5.74976 0.0205689
2.00117304134 5.78476 0.0210354
2.00745262249 5.82334 0.0206876
2.01372721862 5.8554 0.0199697
2.02001108039 5.89119 0.0224181
2.02630405283 5.92363 0.0202836
2.03258735828 5.96072 0.0221719
2.03886100377 5.99862 0.0222408
2.04514489951 6.03148 0.0222364
2.05143683626 6.06883 0.0220744
2.05772382203 6.10224 0.0226943
2.0640044634 6.13838 0.0248192
2.07029278421 6.17502 0.0213313
2.07658471853 6.20933 0.0231558
2.08285424307 6.24415 0.0251329
2.08912259138 6.277 0.022736
2.09541730178 6.31278 0.0234019
2.10170304464 6.35189 0.0246294
2.10797273337 6.38268 0.0238649
2.11425579676 6.41817 0.0238437
2.12053788985 6.45087 0.0255416
2.12682075079 6.48933 0.0245091
2.13310670204 6.522 0.0264836
2.13940011923 6.55453 0.0253981
2.14568939859 6.58905 0.0242444
2.15195789682 6.62358 0.0255679
2.15824033347 6.65482 0.0230199
2.16453048092 6.68638 0.027205
2.17081716829 6.72016 0.0276101
2.17709912993 6.75626 0.0271055
2.18337674027 6.78666 0.0265745
2.18965452646 6.81627 0.0264769
2.19593814184 6.84714 0.0294005
2.20221722867 6.88444 0.0254749
2.20849850085 6.90976 0.0280692
2.21479372465 6.94691 0.0302047
2.22107581834 6.97682 0.0271081
2.22733812199 7.00761 0.0300618
2.23362792264 7.03729 0.0276632
2.2399287897 7.06936 0.0271937
2.24620084223 7.09816 0.0304117
2.2524810722 7.12571 0.0295106
2.25875993301 7.16079 0.0304205
2.26503776668 7.18521 0.0318825
2.27130391144 7.2183 0.0327022
2.27758972822 7.24845 0.0309071
2.28389830542 7.28038 0.0312638
2.29017001225 7.31497 0.0319258
2.29645357402 7.34563 0.0290655
2.30275372852 7.38075 0.0328841
2.30903325986 7.41372 0.0350574
2.31530674049 7.44662 0.0353724
2.32158490306 7.47977 0.0308768
2.3278758488 7.50916 0.0346852
2.33415543799 7.54545 0.0355883
2.34041936871 7.5853 0.0360621
2.34670710068 7.6153 0.0353502
2.3530032916 7.65297 0.0359638
2.35928989445 7.68556 0.0379571
2.36555387699 7.72383 0.0344236
2.37182578571 7.76122 0.0415775
2.3781409032 7.79038 0.0358955
2.38442809259 7.8317 0.041833
2.39069258243 7.86571 0.040935
2.39698813839 7.89946 0.0408755
2.40330354843 7.93627 0.045489
2.40957307365 7.97612 0.0398526
2.41583080138 8.00661 0.046513
2.42214385676 8.04581 0.0471416
2.42843005755 8.08065 0.0468202
2.43467776878 8.11982 0.0480721
2.44097021258 8.15535 0.0413216
2.44729898127 8.19087 0.0491339
2.45356911846 8.22946 0.0540265
2.45980003814 8.25426 0.0505294
2.4661092349 8.29649 0.0528015
2.47241430729 8.33924 0.0513968
2.47866355169 8.3679 0.0515691
2.48493431628 8.40077 0.0532972
2.49124283111 8.43896 0.0525877
2.49755537626 8.48193 0.0520453
2.50380379021 8.51143 0.0569248
2.51005045336 8.55104 0.0612736
2.51638815336 8.58339 0.059018
2.52269694929 8.62006 0.0616118
2.52891211798 8.65202 0.0634315
2.53519495098 8.68447 0.0667819
2.54155301509 8.71731 0.0599313
2.54783359884 8.74756 0.0632553
2.55402772623 8.7943 0.0684824
2.56033571996 8.8236 0.0640967
2.56672381747 8.85942 0.0771475
2.57294751341 8.88378 0.0723407
2.57911252531 8.91505 0.0705529
2.58547549612 8.95917 0.0734681
2.59185019505 8.97595 0.0794434
2.59805932148 9.00717 0.08015
2.60429715989 9.04185 0.0838408
2.61067449751 9.07739 0.0796637
2.61693283418 9.11803 0.0871979
2.62300854502 9.14801 0.0880706
2.62939753095 9.14995 0.0863442
2.63591057571 9.18889 0.100172
2.64202978624 9.20363 0.0974721
2.64803951219 9.23178 0.108342
2.65454096229 9.26036 0.105405
2.66118028258 9.29038 0.113453
2.66719514746 9.31029 0.118617
2.67309090101 9.33115 0.127696
2.67973176445 9.36078 0.138719
2.68646693102 9.41265 0.14806
2.69219835647 9.41137 0.1751
2.69796467721 9.41081 0.182058
2.70489193937 9.44475 0.151482
2.71182026315 9.47714 0.199342
2.71709790339 9.48507 0.237306
2.7227864466 9.52717 0.187766
2.72994784687 9.55504 0.239646
2.73706528781 9.57779 0.281531
2.74248820391 9.55046 0.414258
2.74787331837 9.62619 0.350483
2.75504313834 9.6084 0.430217
2.76219934437 9.62085 0.595884
2.76789278819 9.53514 0.900705
2.77283198247 9.48591 1.0718
2.77965581172 9.49518 1.94236
2.78599582346 nan nan
