0.0088996412247 2.92994 0.132788
0.0150791221651 2.85696 0.0835581
0.0214479018646 2.79812 0.0552738
0.0278366077649 2.77135 0.0505916
0.034350997858 2.731 0.0400651
0.0404788676143 2.71931 0.0396183
0.0467671668358 2.71403 0.0423117
0.0530822510177 2.70425 0.0339129
0.0594536244094 2.70322 0.0307862
0.0657622481459 2.6988 0.0297132
0.071966329067 2.69641 0.0271028
0.0782786091569 2.6925 0.0269077
0.0847039894583 2.68673 0.0251379
0.0909685462053 2.68677 0.0249607
0.0972078977683 2.69132 0.0254722
0.103476303896 2.68912 0.0225675
0.109757644425 2.69191 0.0246401
0.116054308478 2.69133 0.0203248
0.122366966654 2.6824 0.020768
0.128681726309 2.67496 0.0173022
0.134950080166 2.66891 0.0218349
0.141194955884 2.66253 0.0186519
0.147513357575 2.65605 0.0183342
0.153786507425 2.65597 0.0217464
0.160065754405 2.6445 0.0213964
0.166399116869 2.63812 0.0219697
0.172719564578 2.62853 0.0178058
0.178976521338 2.619 0.0188456
0.185235369065 2.60857 0.0183552
0.191480678734 2.59294 0.0183661
0.197788986865 2.5825 0.0184228
0.204093773545 2.56491 0.0189447
0.210393930261 2.55574 0.0184005
0.216690970982 2.53809 0.0171028
0.222970028122 2.52452 0.0172286
0.229262002709 2.51213 0.0192114
0.235514150837 2.49289 0.0187654
0.241791058382 2.47806 0.0168009
0.248085653944 2.46074 0.0165119
0.254349225687 2.44138 0.0172397
0.260633425188 2.42407 0.0166157
0.26692573709 2.40688 0.0168407
0.273242334314 2.38892 0.0163468
0.279552968008 2.37153 0.0156296
0.285836629231 2.35326 0.0175526
0.292087627139 2.33447 0.0182615
0.298344984444 2.31764 0.0161863
0.304638263941 2.29439 0.0155188
0.3109279127 2.27713 0.0172851
0.317216817162 2.25559 0.0177826
0.323518756794 2.23614 0.0162076
0.329816821755 2.22063 0.0158855
0.336117642946 2.19993 0.0188604
0.342370037571 2.18143 0.0182307
0.348647819267 2.16108 0.0139812
0.354941161441 2.13966 0.0137981
0.361191693542 2.12172 0.0178108
0.367476708956 2.10145 0.0143081
0.373764779528 2.08645 0.0151269
0.380065403148 2.06387 0.0177044
0.386353986126 2.048 0.0155685
0.392614018136 2.02871 0.0156777
0.398926450032 2.01082 0.0154796
0.405207324458 1.99262 0.0145388
0.411491647757 1.97702 0.0145795
0.417781427212 1.9568 0.017618
0.424040064873 1.94174 0.0149665
0.430342569027 1.92326 0.0171113
0.436635856026 1.90707 0.0157435
0.442899618322 1.8893 0.0177927
0.449163441853 1.87396 0.0174848
0.455441414625 1.85661 0.0180365
0.46176344703 1.84311 0.0147236
0.468064424202 1.82326 0.0171251
0.474348524276 1.80995 0.016166
0.480635613682 1.79455 0.0165433
0.486901925839 1.77938 0.016423
0.49316970996 1.76487 0.0166423
0.499450674714 1.7502 0.01698
0.505715905134 1.73457 0.0158508
0.511992399627 1.7229 0.0165562
0.518312609777 1.70782 0.0162789
0.524608963803 1.69125 0.0147037
0.530875730848 1.67876 0.0157044
0.537157352795 1.66597 0.0157177
0.543457956378 1.65156 0.0142305
0.549743065239 1.63849 0.0159243
0.55599374275 1.62843 0.0154907
0.562285467661 1.61352 0.0162434
0.568601153723 1.59924 0.0162606
0.574880458942 1.58654 0.0168908
0.581155021034 1.57595 0.015227
0.587439449666 1.56693 0.0169028
0.59371762203 1.549 0.014278
0.599997195479 1.53941 0.0172012
0.606267911512 1.5261 0.0159089
0.612546957644 1.51581 0.0135359
0.618847773304 1.50738 0.0140185
0.625131056744 1.49518 0.0159094
0.631402745038 1.4816 0.0177136
0.637700356273 1.47194 0.0165287
0.643985778331 1.4618 0.0157173
0.650268541717 1.45118 0.0170988
0.65655861177 1.43946 0.0153432
0.662836928236 1.42991 0.0172692
0.669118544496 1.42155 0.0154488
0.675407019858 1.41007 0.0168545
0.681683551459 1.3995 0.0170937
0.687959253386 1.38693 0.0161419
0.694234431704 1.37719 0.0171298
0.700517540243 1.37186 0.0146518
0.706812495661 1.359 0.0158161
0.713101900967 1.34833 0.0159632
0.719391825117 1.33882 0.0178306
0.72568338076 1.32785 0.0166196
0.731965268271 1.32106 0.018022
0.738250799048 1.31005 0.0165309
0.744526584212 1.30089 0.0153236
0.750787110194 1.29247 0.0178096
0.757075846532 1.2819 0.0165982
0.76336412336 1.27596 0.0174001
0.769646295986 1.26738 0.0185376
0.775939486518 1.25609 0.0178904
0.782232914199 1.24857 0.0171525
0.788531493652 1.2392 0.0155534
0.794789656698 1.22602 0.0181451
0.801049109659 1.2196 0.0170725
0.807336406173 1.36157 0.0157084
0.813622948837 1.20526 0.0158536
0.819915299896 1.19381 0.0185274
0.826195263639 1.18784 0.0211835
0.832489707008 1.18122 0.016617
0.838795930921 1.17054 0.0180326
0.84506346397 1.16283 0.0175972
0.851328286756 1.15059 0.017771
0.85761982639 1.14748 0.0181164
0.863905847706 1.13712 0.0193512
0.870183874549 1.13101 0.0202423
0.876464109608 1.12223 0.0166879
0.88275038734 1.11585 0.0185292
0.889033276839 1.10861 0.019144
0.895308424711 1.09825 0.0196956
0.901595652167 1.09656 0.0173222
0.907883332809 1.0846 0.0194514
0.914174410632 1.08089 0.0186928
0.920463081772 1.07361 0.0201212
0.926743441526 1.06822 0.0181116
0.933032419735 1.06169 0.0195372
0.939326578557 1.05647 0.0196361
0.94559748104 1.05167 0.0189113
0.951866001855 1.04193 0.0179685
0.958141325553 1.03547 0.0203991
0.964435094511 1.03386 0.0201453
0.970735563357 1.02726 0.0225325
0.977008076845 1.02153 0.0193874
0.983282332536 1.01855 0.0198255
0.989556969197 1.01554 0.0214217
0.995845630192 1.00919 0.0235395
1.00213621074 1.00521 0.0201607
1.00840482534 1.00509 0.0224206
1.01469414984 1.00087 0.0200361
1.02099255544 1.00044 0.0185425
1.02727398044 0.997272 0.0201458
1.0335591819 0.991167 0.0200834
1.03984755739 0.992619 0.0205623
1.04612697494 0.989805 0.021163
1.05240343681 0.988319 0.0227894
1.05868070465 0.987291 0.021944
1.06496433307 0.989522 0.0202373
1.07125677744 0.988978 0.0223967
1.0775440488 0.993228 0.0227775
1.08382482019 0.988908 0.0206264
1.09010802394 0.990504 0.0210867
1.09638966596 0.99288 0.0222024
1.10268113206 0.993187 0.0215741
1.10896304759 0.997306 0.0207944
1.11522542846 0.99883 0.0206883
1.12150212761 1.00116 0.0215066
1.12779257382 1.00472 0.0193747
1.13408955267 1.01391 0.0200994
1.14036404965 1.01768 0.0160512
1.14663918032 1.02118 0.0212907
1.15294241299 1.02441 0.0202082
1.15922890675 1.0298 0.0201069
1.16550872189 1.04119 0.0208996
1.17179307626 1.05074 0.0208359
1.17808743637 1.05345 0.0202506
1.18436765425 1.05826 0.0207895
1.1906346423 1.07229 0.0213423
1.19691220883 1.07971 0.0197384
1.20320157735 1.08861 0.0194082
1.20948684444 1.10224 0.0174947
1.21576390207 1.10879 0.0179892
1.22204975517 1.12019 0.0202722
1.22834061662 1.12964 0.0195778
1.23463298658 1.14226 0.0210349
1.24090224718 1.1553 0.0192865
1.24717483914 1.1626 0.0198423
1.25346545993 1.18228 0.0168836
1.25974995189 1.19376 0.0186692
1.26603214313 1.20629 0.0195581
1.27231628847 1.22307 0.0180843
1.27860415506 1.2368 0.0167101
1.28488658893 1.25445 0.0162221
1.29117542007 1.26746 0.0171729
1.29746572637 1.28755 0.0179603
1.30374182701 1.30144 0.0173715
1.31001732292 1.31914 0.0176202
1.31630144766 1.33665 0.013843
1.32258676036 1.35507 0.0188304
1.32886549245 1.37541 0.0155095
1.33514480495 1.3947 0.0151293
1.34144051627 1.41185 0.0157199
1.34773086842 1.43419 0.0160743
1.35400158999 1.45508 0.0156183
1.3602826093 1.47575 0.0158556
1.36656568646 1.49527 0.0158475
1.37285149848 1.51778 0.0149969
1.37913537293 1.5398 0.0165928
1.38540956715 1.56527 0.0142889
1.39169864122 1.58705 0.0159446
1.39798445144 1.61133 0.014289
1.40426788341 1.63392 0.017474
1.41055477948 1.65791 0.0150775
1.41683783355 1.68139 0.0145923
1.42311817719 1.70721 0.0153227
1.42939780116 1.72863 0.0157443
1.43568692182 1.76072 0.0147114
1.44197712177 1.78366 0.0141227
1.44825366785 1.81139 0.0153709
1.45453234897 1.83738 0.0153395
1.46081931915 1.86483 0.0153465
1.4671103644 1.89179 0.013531
1.47339290895 1.9199 0.0131817
1.47966996524 1.94849 0.0136077
1.4859561446 1.97553 0.014939
1.49223361076 2.00381 0.0128237
1.49850247038 2.03328 0.0156963
1.50478575205 2.05996 0.0125561
1.51107599189 2.09042 0.0136649
1.51736163499 2.12106 0.0124189
1.52364857097 2.15168 0.0135371
1.52993803572 2.18082 0.0127998
1.53623017691 2.21128 0.0136559
1.54251071878 2.24087 0.0113719
1.54878396308 2.27329 0.0134031
1.55507306978 2.30393 0.0132131
1.56135732493 2.33623 0.0129116
1.56762912105 2.36625 0.0131737
1.5739136974 2.39952 0.0136582
1.58020354523 2.42958 0.011855
1.58648539343 2.46253 0.0134318
1.59276001426 2.49303 0.0139059
1.59904643639 2.52537 0.0121136
1.60534213664 2.55911 0.01373
1.61161976836 2.58411 0.013186
1.61789716835 2.59482 0.0117112
1.62418270854 2.6079 0.0127126
1.63046407995 2.62472 0.0116753
1.63674824683 2.64016 0.013023
1.64303013827 2.65457 0.0133106
1.64930808063 2.67014 0.0136114
1.65559224863 2.68283 0.0134673
1.66187827598 2.69988 0.013715
1.66816823994 2.71643 0.0126348
1.6744495611 2.73215 0.0136796
1.68072138563 2.74777 0.0146565
1.68701215424 2.76327 0.0143253
1.6933074808 2.78044 0.0158821
1.69958064303 2.79642 0.0138103
1.70586179344 2.81574 0.0147239
1.71215172419 2.83401 0.0130398
1.71843538617 2.85087 0.0143806
1.72471844694 2.86609 0.013509
1.73099491844 2.88655 0.0141402
1.73728636032 2.90322 0.0146004
1.74356630258 2.92071 0.0143298
1.74983600778 2.94049 0.0137635
1.75612327869 2.95971 0.0138368
1.76241061606 2.97759 0.0156187
1.76869357896 2.99818 0.0147615
1.77497674839 3.01687 0.0146524
1.78126362161 3.03556 0.0137121
1.78754574761 3.05685 0.0141249
1.7938272923 3.07658 0.0156717
1.80010772174 3.09891 0.0148677
1.80639091391 3.11668 0.0146362
1.81267451427 3.13802 0.0159338
1.81895363524 3.15926 0.0142057
1.82523850291 3.18217 0.0151881
1.8315236862 3.20081 0.0170752
1.83781040898 3.22338 0.0151161
1.84409642612 3.24468 0.0161974
1.8503769215 3.26774 0.016132
1.85666074594 3.28762 0.0155191
1.86294359809 3.31212 0.016767
1.86922204917 3.33656 0.0162441
1.87550781357 3.35806 0.0149318
1.88179499507 3.38071 0.0163403
1.88807781314 3.40546 0.0155255
1.89435244502 3.42736 0.0168622
1.90063796885 3.45218 0.0162158
1.90692833723 3.47788 0.016809
1.91320221586 3.50149 0.0162947
1.91948223445 3.52587 0.0157847
1.92577010575 3.5484 0.0165728
1.93206491035 3.57819 0.0157592
1.93834071151 3.59709 0.0160867
1.94460828613 3.62614 0.0180187
1.9508968614 3.65056 0.0158952
1.95718811973 3.67542 0.0161285
1.96347509207 3.70157 0.0157609
1.9697553281 3.72834 0.0159624
1.9760413775 3.75539 0.0177584
1.98233260336 3.7814 0.0171459
1.98861171931 3.80926 0.0182001
1.99488792869 3.83282 0.017496
2.00117304134 3.86003 0.0187725
2.00745262249 3.88868 0.0179832
2.01372721862 3.91267 0.0172207
2.02001108039 3.94125 0.0191696
2.02630405283 3.96691 0.0179018
2.03258735828 3.99585 0.0189911
2.03886100377 4.02621 0.0191809
2.04514489951 4.05055 0.0188236
2.05143683626 4.0799 0.0193902
2.05772382203 4.10767 0.0202261
2.0640044634 4.1362 0.0206412
2.07029278421 4.16389 0.0194145
2.07658471853 4.19162 0.0190176
2.08285424307 4.22094 0.0215793
2.08912259138 4.24392 0.0201835
2.09541730178 4.27473 0.0215612
2.10170304464 4.30528 0.0202832
2.10797273337 4.32899 0.0213988
2.11425579676 4.35858 0.0220725
2.12053788985 4.38323 0.0192851
2.12682075079 4.41737 0.0210612
2.13310670204 4.44067 0.0225246
2.13940011923 4.46819 0.0223051
2.14568939859 4.49722 0.0211773
2.15195789682 4.52314 0.0217187
2.15824033347 4.55055 0.0201324
2.16453048092 4.57482 0.0218383
2.17081716829 4.6024 0.0227291
2.17709912993 4.63036 0.0224951
2.18337674027 4.65316 0.0217333
2.18965452646 4.679 0.0232008
2.19593814184 4.70189 0.0240646
2.20221722867 4.73329 0.0221297
2.20849850085 4.75128 0.0223778
2.21479372465 4.7809 0.0230161
2.22107581834 4.80337 0.0229813
2.22733812199 4.82331 0.0224475
2.23362792264 4.84913 0.0238924
2.2399287897 4.86879 0.0221403
2.24620084223 4.89181 0.0256487
2.2524810722 4.90691 0.022247
2.25875993301 4.92761 0.0250362
2.26503776668 4.94717 0.0268764
2.27130391144 4.9647 0.02884
2.27758972822 4.97695 0.0250787
2.28389830542 4.99525 0.0274582
2.29017001225 5.01809 0.0288766
2.29645357402 5.03596 0.0287562
2.30275372852 5.05884 0.0263526
2.30903325986 5.08301 0.028135
2.31530674049 5.10577 0.0285163
2.32158490306 5.12668 0.0275629
2.3278758488 5.14627 0.0277856
2.33415543799 5.17418 0.0278566
2.34041936871 5.20148 0.0329109
2.34670710068 5.21795 0.0251898
2.3530032916 5.24492 0.0334265
2.35928989445 5.26937 0.0314916
2.36555387699 5.30003 0.0291457
2.37182578571 5.32215 0.0327982
2.3781409032 5.34186 0.0299334
2.38442809259 5.37135 0.0368159
2.39069258243 5.39866 0.0327229
2.39698813839 5.42161 0.0321852
2.40330354843 5.4497 0.0392398
2.40957307365 5.47746 0.0310324
2.41583080138 5.50443 0.0319922
2.42214385676 5.52891 0.0365279
2.42843005755 5.5553 0.037987
2.43467776878 5.58772 0.0367795
2.44097021258 5.61012 0.0348042
2.44729898127 5.63784 0.0381581
2.45356911846 5.66628 0.0390462
2.45980003814 5.69174 0.0409478
2.4661092349 5.71986 0.0423936
2.47241430729 5.7519 0.0406713
2.47866355169 5.77746 0.0431468
2.48493431628 5.80436 0.0432427
2.49124283111 5.82905 0.0419253
2.49755537626 5.85918 0.0413618
2.50380379021 5.88539 0.0462516
2.51005045336 5.91135 0.0480325
2.51638815336 5.94199 0.0491186
2.52269694929 5.96778 0.0496356
2.52891211798 5.99775 0.0514168
2.53519495098 6.0256 0.0514477
2.54155301509 6.04554 0.0472383
2.54783359884 6.07531 0.0512294
2.55402772623 6.11162 0.0551738
2.56033571996 6.13576 0.0552991
2.56672381747 6.15337 0.0602812
2.57294751341 6.19082 0.0590112
2.57911252531 6.21217 0.0593654
2.58547549612 6.2462 0.0525991
2.59185019505 6.26285 0.0582672
2.59805932148 6.29267 0.0651937
2.60429715989 6.31192 0.0623235
2.61067449751 6.34754 0.069068
2.61693283418 6.37533 0.0740776
2.62300854502 6.40513 0.0624023
2.62939753095 6.4155 0.0641999
2.63591057571 6.43943 0.0868055
2.64202978624 6.45856 0.0816225
2.64803951219 6.48959 0.0850732
2.65454096229 6.50736 0.0970802
2.66118028258 6.53337 0.0996187
2.66719514746 6.55683 0.0859361
2.67309090101 6.57438 0.0921172
2.67973176445 6.59765 0.104504
2.68646693102 6.65462 0.116425
2.69219835647 6.65596 0.13086
2.69796467721 6.66264 0.125136
2.70489193937 6.68511 0.116554
2.71182026315 6.73148 0.1607
2.71709790339 6.718 0.185571
2.7227864466 6.76838 0.162011
2.72994784687 6.77673 0.175739
2.73706528781 6.8083 0.193718
2.74248820391 6.81135 0.325631
2.74787331837 6.83421 0.276955
2.75504313834 6.89829 0.347303
2.76219934437 6.98185 0.425691
2.76789278819 6.93308 0.733203
2.77283198247 6.75726 0.76959
2.77965581172 6.94298 1.56127
2.78599582346 nan nan
