0.0088996412247 3.89458 0.185173
0.0150791221651 3.78505 0.108609
0.0214479018646 3.67765 0.068625
0.0278366077649 3.62746 0.0637393
0.034350997858 3.56033 0.0536175
0.0404788676143 3.51444 0.0518616
0.0467671668358 3.48114 0.0491046
0.0530822510177 3.43847 0.0461247
0.0594536244094 3.39609 0.0354464
0.0657622481459 3.35434 0.0381091
0.071966329067 3.30771 0.0353977
0.0782786091569 3.25982 0.0315363
0.0847039894583 3.20965 0.0309463
0.0909685462053 3.17231 0.0315972
0.0972078977683 3.13549 0.0311931
0.103476303896 3.09109 0.0262735
0.109757644425 3.04316 0.0295522
0.116054308478 2.98908 0.0232226
0.122366966654 2.93006 0.0248437
0.128681726309 2.87419 0.02185
0.134950080166 2.82031 0.0228702
0.141194955884 2.77214 0.0212769
0.147513357575 2.72675 0.0217669
0.153786507425 2.68765 0.024761
0.160065754405 2.63944 0.0236532
0.166399116869 2.59532 0.0227244
0.172719564578 2.54689 0.0190752
0.178976521338 2.50523 0.0198805
0.185235369065 2.45961 0.0204567
0.191480678734 2.41842 0.0210902
0.197788986865 2.38286 0.0181395
0.204093773545 2.33975 0.0191152
0.210393930261 2.31252 0.0190175
0.216690970982 2.2788 0.018193
0.222970028122 2.25084 0.0176649
0.229262002709 2.21963 0.0192385
0.235514150837 2.19111 0.0205889
0.241791058382 2.16723 0.0172569
0.248085653944 2.14377 0.0192401
0.254349225687 2.11771 0.0192078
0.260633425188 2.09652 0.0164846
0.26692573709 2.07634 0.0181107
0.273242334314 2.05743 0.0171649
0.279552968008 2.04035 0.0162829
0.285836629231 2.02535 0.0164102
0.292087627139 2.01171 0.0164301
0.298344984444 1.99769 0.0176223
0.304638263941 1.97799 0.018083
0.3109279127 1.96536 0.017474
0.317216817162 1.95088 0.0172366
0.323518756794 1.93831 0.0163507
0.329816821755 1.9318 0.0159179
0.336117642946 1.91754 0.0166111
0.342370037571 1.9094 0.017102
0.348647819267 1.89583 0.0150026
0.354941161441 1.88126 0.0148847
0.361191693542 1.87347 0.0171074
0.367476708956 1.86211 0.0136228
0.373764779528 1.85256 0.0151809
0.380065403148 1.84015 0.0176381
0.386353986126 1.83396 0.0168777
0.392614018136 1.82152 0.0166704
0.398926450032 1.81477 0.0160181
0.405207324458 1.87068 0.0164411
0.411491647757 1.7941 0.0148359
0.417781427212 1.77862 0.017349
0.424040064873 1.77108 0.0158861
0.430342569027 1.76185 0.0177182
0.436635856026 1.75008 0.0165246
0.442899618322 1.73794 0.0155928
0.449163441853 1.72983 0.0172799
0.455441414625 1.71731 0.0171606
0.46176344703 1.70846 0.0155254
0.468064424202 1.69725 0.0164604
0.474348524276 1.68672 0.0161261
0.480635613682 1.67615 0.0163606
0.486901925839 1.66586 0.0161055
0.49316970996 1.65215 0.0181088
0.499450674714 1.644 0.0176279
0.505715905134 1.63046 0.0168793
0.511992399627 1.62385 0.0186882
0.518312609777 1.61212 0.0159558
0.524608963803 1.5985 0.0157179
0.530875730848 1.58912 0.0160856
0.537157352795 1.57804 0.0153687
0.543457956378 1.56506 0.0159928
0.549743065239 1.55652 0.0152196
0.55599374275 1.54706 0.0162149
0.562285467661 1.5342 0.0185299
0.568601153723 1.52476 0.0154343
0.574880458942 1.51256 0.0184508
0.581155021034 1.50352 0.015418
0.587439449666 1.49386 0.015875
0.59371762203 1.47941 0.0168077
0.599997195479 1.46968 0.0178725
0.606267911512 1.4581 0.0162445
0.612546957644 1.44824 0.013659
0.618847773304 1.43907 0.015191
0.625131056744 1.42682 0.0162032
0.631402745038 1.41611 0.0167496
0.637700356273 1.40789 0.0161828
0.643985778331 1.39655 0.0179898
0.650268541717 1.38757 0.0166064
0.65655861177 1.37706 0.0154672
0.662836928236 1.36648 0.0176201
0.669118544496 1.35928 0.0144453
0.675407019858 1.34615 0.0165778
0.681683551459 1.33738 0.0171195
0.687959253386 1.32286 0.0172653
0.694234431704 1.31598 0.015669
0.700517540243 1.31094 0.0179017
0.706812495661 1.29773 0.0155945
0.713101900967 1.28577 0.0171515
0.719391825117 1.27522 0.0182429
0.72568338076 1.26638 0.0187494
0.731965268271 1.25804 0.0177902
0.738250799048 1.2487 0.0176302
0.744526584212 1.23865 0.0166764
0.750787110194 1.23025 0.0186504
0.757075846532 1.22077 0.016277
0.76336412336 1.21315 0.0178837
0.769646295986 1.20332 0.0191499
0.775939486518 1.19189 0.0176773
0.782232914199 1.18731 0.0186724
0.788531493652 1.17461 0.0177196
0.794789656698 1.16311 0.0186372
0.801049109659 1.15822 0.0182355
0.807336406173 1.15159 0.0170227
0.813622948837 1.14237 0.018585
0.819915299896 1.13137 0.0187146
0.826195263639 1.12559 0.0212575
0.832489707008 1.11768 0.019726
0.838795930921 1.10712 0.0185599
0.84506346397 1.09878 0.0205412
0.851328286756 1.08739 0.0211283
0.85761982639 1.08341 0.0192142
0.863905847706 1.07619 0.0190273
0.870183874549 1.06782 0.0189238
0.876464109608 1.05749 0.0186724
0.88275038734 1.05504 0.0177758
0.889033276839 1.04589 0.0188642
0.895308424711 1.0341 0.0205433
0.901595652167 1.03075 0.0197036
0.907883332809 1.02388 0.0206936
0.914174410632 1.01905 0.021017
0.920463081772 1.01198 0.0224018
0.926743441526 1.00808 0.0179451
0.933032419735 0.998453 0.020418
0.939326578557 0.996929 0.0205976
0.94559748104 0.989691 0.0196278
0.951866001855 0.982414 0.0215962
0.958141325553 0.976784 0.0209998
0.964435094511 0.974737 0.021942
0.970735563357 0.966727 0.0246327
0.977008076845 0.964995 0.0222754
0.983282332536 0.960889 0.0215308
0.989556969197 0.95657 0.0222937
0.995845630192 0.951214 0.0222588
1.00213621074 0.951019 0.0216315
1.00840482534 0.95175 0.0228451
1.01469414984 0.944783 0.0218795
1.02099255544 0.945191 0.0221744
1.02727398044 0.943769 0.0207997
1.0335591819 0.939722 0.0231182
1.03984755739 0.938827 0.0202657
1.04612697494 0.940097 0.0237291
1.05240343681 0.940034 0.0234221
1.05868070465 0.938149 0.0200175
1.06496433307 0.939912 0.0225568
1.07125677744 0.937411 0.0237112
1.0775440488 0.946089 0.0228605
1.08382482019 0.940782 0.0195669
1.09010802394 0.946046 0.0207417
1.09638966596 0.948933 0.0221559
1.10268113206 0.948267 0.0212672
1.10896304759 0.952919 0.0197166
1.11522542846 0.954957 0.021233
1.12150212761 0.959003 0.0237246
1.12779257382 0.965027 0.0213887
1.13408955267 0.972398 0.020611
1.14036404965 0.973976 0.018822
1.14663918032 0.981687 0.0211751
1.15294241299 0.985663 0.02219
1.15922890675 0.99358 0.0233242
1.16550872189 1.00301 0.0191861
1.17179307626 1.01226 0.0214938
1.17808743637 1.01681 0.0211726
1.18436765425 1.02539 0.0208491
1.1906346423 1.03931 0.0228787
1.19691220883 1.04503 0.019805
1.20320157735 1.0523 0.0206921
1.20948684444 1.06813 0.0196386
1.21576390207 1.07712 0.020469
1.22204975517 1.08926 0.0201277
1.22834061662 1.10148 0.0204703
1.23463298658 1.11367 0.019255
1.24090224718 1.12462 0.0180557
1.24717483914 1.13538 0.0184977
1.25346545993 1.15656 0.0194431
1.25974995189 1.16853 0.0211403
1.26603214313 1.18221 0.0202495
1.27231628847 1.19736 0.0183484
1.27860415506 1.213 0.0188342
1.28488658893 1.22975 0.0195231
1.29117542007 1.24573 0.0168572
1.29746572637 1.26438 0.0185337
1.30374182701 1.27949 0.0175256
1.31001732292 1.29774 0.0168935
1.31630144766 1.31649 0.0154236
1.32258676036 1.33541 0.0197403
1.32886549245 1.3566 0.0179126
1.33514480495 1.37571 0.0153881
1.34144051627 1.39353 0.016225
1.34773086842 1.41796 0.0178073
1.35400158999 1.43841 0.015099
1.3602826093 1.45889 0.0164924
1.36656568646 1.47877 0.0162879
1.37285149848 1.50042 0.014648
1.37913537293 1.52413 0.0165872
1.38540956715 1.55026 0.0160432
1.39169864122 1.57117 0.0165061
1.39798445144 1.59696 0.014092
1.40426788341 1.61891 0.0168073
1.41055477948 1.64155 0.016728
1.41683783355 1.66658 0.0148465
1.42311817719 1.69376 0.0144993
1.42939780116 1.71659 0.0161822
1.43568692182 1.74696 0.0147226
1.44197712177 1.77164 0.0133719
1.44825366785 1.80006 0.0146181
1.45453234897 1.82504 0.0142687
1.46081931915 1.85318 0.0143829
1.4671103644 1.88071 0.0146629
1.47339290895 1.9071 0.0141349
1.47966996524 1.93637 0.0134171
1.4859561446 1.96514 0.0149099
1.49223361076 1.99318 0.0144733
1.49850247038 2.02095 0.0150833
1.50478575205 2.05014 0.0134167
1.51107599189 2.08039 0.0128388
1.51736163499 2.11012 0.0129066
1.52364857097 2.13985 0.0134941
1.52993803572 2.17153 0.0128834
1.53623017691 2.2015 0.0132741
1.54251071878 2.23107 0.0121403
1.54878396308 2.26301 0.0134626
1.55507306978 2.29425 0.013727
1.56135732493 2.32633 0.0124266
1.56762912105 2.35656 0.0127506
1.5739136974 2.38971 0.012322
1.58020354523 2.41977 0.0123089
1.58648539343 2.45299 0.0146529
1.59276001426 2.48446 0.0137397
1.59904643639 2.51633 0.0117175
1.60534213664 2.55028 0.0129333
1.61161976836 2.57146 0.013364
1.61789716835 2.58613 0.0121584
1.62418270854 2.59913 0.012615
1.63046407995 2.61547 0.0127336
1.63674824683 2.62985 0.0134508
1.64303013827 2.64574 0.0128698
1.64930808063 2.66068 0.0125731
1.65559224863 2.67367 0.012325
1.66187827598 2.6906 0.012452
1.66816823994 2.7058 0.0126373
1.6744495611 2.72231 0.0141106
1.68072138563 2.73811 0.0135339
1.68701215424 2.75385 0.0138518
1.6933074808 2.77087 0.0152027
1.69958064303 2.78681 0.0141329
1.70586179344 2.80669 0.0148954
1.71215172419 2.82402 0.0137249
1.71843538617 2.84131 0.0130284
1.72471844694 2.85591 0.0147025
1.73099491844 2.87677 0.0136068
1.73728636032 2.89332 0.0136448
1.74356630258 2.91023 0.0135189
1.74983600778 2.92844 0.0139443
1.75612327869 2.94856 0.0120847
1.76241061606 2.96735 0.0148542
1.76869357896 2.98722 0.0135836
1.77497674839 3.00623 0.0151759
1.78126362161 3.02415 0.0140165
1.78754574761 3.04603 0.0142163
1.7938272923 3.06477 0.0152737
1.80010772174 3.08604 0.0147646
1.80639091391 3.1045 0.0139473
1.81267451427 3.12619 0.0150988
1.81895363524 3.1468 0.0143054
1.82523850291 3.16997 0.0149302
1.8315236862 3.18907 0.0151511
1.83781040898 3.21058 0.0147935
1.84409642612 3.23317 0.0149923
1.8503769215 3.25595 0.0159648
1.85666074594 3.27519 0.0155882
1.86294359809 3.2991 0.0164721
1.86922204917 3.32267 0.0159005
1.87550781357 3.34445 0.0150684
1.88179499507 3.36812 0.0167756
1.88807781314 3.39051 0.0146493
1.89435244502 3.41349 0.0172033
1.90063796885 3.43923 0.0171863
1.90692833723 3.46427 0.0141152
1.91320221586 3.4885 0.0156251
1.91948223445 3.51155 0.0162829
1.92577010575 3.53586 0.0165984
1.93206491035 3.56276 0.0155452
1.93834071151 3.58363 0.0156611
1.94460828613 3.61182 0.018323
1.9508968614 3.6366 0.0156967
1.95718811973 3.66109 0.0162876
1.96347509207 3.68751 0.0151951
1.9697553281 3.71318 0.0167014
1.9760413775 3.74059 0.0183408
1.98233260336 3.76517 0.0161923
1.98861171931 3.79368 0.0181937
1.99488792869 3.81718 0.0180593
2.00117304134 3.84551 0.0177615
2.00745262249 3.87391 0.0177796
2.01372721862 3.89686 0.0194992
2.02001108039 3.92622 0.0179912
2.02630405283 3.9504 0.0171954
2.03258735828 3.97963 0.019192
2.03886100377 4.00794 0.0202449
2.04514489951 4.03402 0.0191391
2.05143683626 4.06274 0.019129
2.05772382203 4.09149 0.0202592
2.0640044634 4.11895 0.0205613
2.07029278421 4.14574 0.0194166
2.07658471853 4.17333 0.0211809
2.08285424307 4.20169 0.0220518
2.08912259138 4.2271 0.0212983
2.09541730178 4.25658 0.019498
2.10170304464 4.28639 0.0202251
2.10797273337 4.31171 0.020405
2.11425579676 4.34023 0.0219554
2.12053788985 4.36452 0.0197813
2.12682075079 4.39771 0.0195294
2.13310670204 4.42213 0.0215894
2.13940011923 4.44894 0.0217417
2.14568939859 4.47847 0.0211158
2.15195789682 4.50438 0.021596
2.15824033347 4.53208 0.0200411
2.16453048092 4.55394 0.0232952
2.17081716829 4.58274 0.0216183
2.17709912993 4.61086 0.0226128
2.18337674027 4.63437 0.0208248
2.18965452646 4.66108 0.0226431
2.19593814184 4.67946 0.0231859
2.20221722867 4.71262 0.023042
2.20849850085 4.73174 0.0226024
2.21479372465 4.76019 0.0220074
2.22107581834 4.78149 0.0215904
2.22733812199 4.80241 0.0239742
2.23362792264 4.82819 0.0232874
2.2399287897 4.84781 0.0220841
2.24620084223 4.86944 0.0246553
2.2524810722 4.88663 0.023093
2.25875993301 4.90603 0.024677
2.26503776668 4.92373 0.025643
2.27130391144 4.94314 0.0262585
2.27758972822 4.95435 0.0249972
2.28389830542 4.97466 0.0270968
2.29017001225 4.99424 0.0273336
2.29645357402 5.01404 0.0265867
2.30275372852 5.03752 0.0257901
2.30903325986 5.05917 0.0269936
2.31530674049 5.07843 0.0283462
2.32158490306 5.10182 0.0281701
2.3278758488 5.12153 0.0266595
2.33415543799 5.14876 0.0257464
2.34041936871 5.17369 0.0308245
2.34670710068 5.19357 0.0263251
2.3530032916 5.22101 0.0331794
2.35928989445 5.24378 0.0295429
2.36555387699 5.27191 0.0277847
2.37182578571 5.297 0.0317802
2.3781409032 5.31323 0.0281388
2.38442809259 5.34521 0.0360203
2.39069258243 5.37326 0.0296345
2.39698813839 5.39284 0.0323627
2.40330354843 5.42291 0.0366983
2.40957307365 5.44824 0.0293389
2.41583080138 5.47324 0.0298024
2.42214385676 5.5014 0.0350985
2.42843005755 5.52593 0.0364828
2.43467776878 5.55405 0.0342974
2.44097021258 5.57854 0.0337805
2.44729898127 5.60656 0.0364482
2.45356911846 5.63525 0.0432599
2.45980003814 5.65943 0.0417945
2.4661092349 5.68947 0.0402767
2.47241430729 5.71998 0.0409748
2.47866355169 5.74614 0.0434416
2.48493431628 5.76911 0.045773
2.49124283111 5.79701 0.044508
2.49755537626 5.82714 0.0423913
2.50380379021 5.85513 0.0451967
2.51005045336 5.88241 0.044967
2.51638815336 5.90968 0.0411684
2.52269694929 5.93527 0.0463679
2.52891211798 5.96415 0.0521402
2.53519495098 5.99131 0.0528077
2.54155301509 6.0152 0.0447856
2.54783359884 6.0413 0.049654
2.55402772623 6.08108 0.0585928
2.56033571996 6.09856 0.0563928
2.56672381747 6.12766 0.0601986
2.57294751341 6.15433 0.0590396
2.57911252531 6.18415 0.0578897
2.58547549612 6.21673 0.05244
2.59185019505 6.23206 0.0620912
2.59805932148 6.25084 0.0603747
2.60429715989 6.28292 0.0661608
2.61067449751 6.31094 0.0660221
2.61693283418 6.34369 0.0751145
2.62300854502 6.37076 0.0694365
2.62939753095 6.38227 0.0692622
2.63591057571 6.40551 0.0849754
2.64202978624 6.42319 0.0805856
2.64803951219 6.45284 0.0835969
2.65454096229 6.47367 0.0862174
2.66118028258 6.49453 0.0931247
2.66719514746 6.52149 0.0986689
2.67309090101 6.53632 0.097801
2.67973176445 6.56347 0.101069
2.68646693102 6.6218 0.112593
2.69219835647 6.61929 0.124342
2.69796467721 6.62242 0.125937
2.70489193937 6.65079 0.139238
2.71182026315 6.68024 0.147317
2.71709790339 6.67927 0.180711
2.7227864466 6.71675 0.163485
2.72994784687 6.74735 0.180388
2.73706528781 6.77973 0.204342
2.74248820391 6.80895 0.318322
2.74787331837 6.80821 0.269614
2.75504313834 6.85116 0.366726
2.76219934437 6.8966 0.431765
2.76789278819 6.84117 0.698169
2.77283198247 6.7739 0.824257
2.77965581172 6.89037 1.75853
2.78599582346 nan nan
