0.0088996412247 0.706089 0.150694
0.0150791221651 0.675898 0.0959148
0.0214479018646 0.673814 0.0574114
0.0278366077649 0.679545 0.0488048
0.034350997858 0.710508 0.0437736
0.0404788676143 0.721379 0.0381393
0.0467671668358 0.747634 0.0382054
0.0530822510177 0.76758 0.0345842
0.0594536244094 0.76288 0.026091
0.0657622481459 0.775743 0.0285164
0.071966329067 0.789104 0.0276442
0.0782786091569 0.796497 0.0244833
0.0847039894583 0.811099 0.0272857
0.0909685462053 0.827177 0.0250684
0.0972078977683 0.838851 0.0273004
0.103476303896 0.848602 0.028414
0.109757644425 0.857614 0.0246871
0.116054308478 0.863516 0.0224221
0.122366966654 0.865755 0.0278178
0.128681726309 0.865532 0.020737
0.134950080166 0.872714 0.0221591
0.141194955884 0.870181 0.0227562
0.147513357575 0.872232 0.0196788
0.153786507425 0.86992 0.025204
0.160065754405 0.873853 0.0191293
0.166399116869 0.869698 0.024048
0.172719564578 0.872672 0.0214571
0.178976521338 0.871449 0.0235599
0.185235369065 0.877552 0.0227852
0.191480678734 0.87451 0.0218625
0.197788986865 0.878671 0.0180263
0.204093773545 0.87181 0.0237958
0.210393930261 0.87298 0.0214215
0.216690970982 0.866656 0.0252116
0.222970028122 0.86244 0.0235151
0.229262002709 0.865928 0.0245254
0.235514150837 0.859957 0.0222408
0.241791058382 0.865719 0.0240488
0.248085653944 0.864197 0.0263372
0.254349225687 0.866859 0.0238603
0.260633425188 0.865454 0.022201
0.26692573709 0.867762 0.0245779
0.273242334314 0.864671 0.0208856
0.279552968008 0.867283 0.0239653
0.285836629231 0.865915 0.0235664
0.292087627139 0.865291 0.0225632
0.298344984444 0.863589 0.0265435
0.304638263941 0.866447 0.0209279
0.3109279127 0.865678 0.0193779
0.317216817162 0.865178 0.0244666
0.323518756794 0.868472 0.0239319
0.329816821755 0.872815 0.0219931
0.336117642946 0.874757 0.0259223
0.342370037571 0.877006 0.0239921
0.348647819267 0.876065 0.0192992
0.354941161441 0.87951 0.0206768
0.361191693542 0.877945 0.0204863
0.367476708956 0.883478 0.019764
0.373764779528 0.885663 0.0231543
0.380065403148 0.885719 0.0229426
0.386353986126 0.887665 0.020263
0.392614018136 0.889891 0.0230443
0.398926450032 0.889609 0.0215678
0.405207324458 0.890552 0.0219836
0.411491647757 0.888801 0.0223578
0.417781427212 0.890616 0.0230706
0.424040064873 0.895474 0.0229921
0.430342569027 0.891607 0.0227742
0.436635856026 0.896482 0.0211246
0.442899618322 0.893957 0.0199869
0.449163441853 0.895978 0.0247276
0.455441414625 0.896217 0.0246477
0.46176344703 0.894859 0.0226816
0.468064424202 0.898085 0.0204797
0.474348524276 0.894775 0.0210854
0.480635613682 0.895813 0.0232212
0.486901925839 0.897467 0.0194418
0.49316970996 0.890297 0.022071
0.499450674714 0.892389 0.0260591
0.505715905134 0.889878 0.0216187
0.511992399627 0.886449 0.0226904
0.518312609777 0.887735 0.0238895
0.524608963803 0.882206 0.0227697
0.530875730848 0.879589 0.0236172
0.537157352795 0.874983 0.0223644
0.543457956378 0.874699 0.0233253
0.549743065239 0.871241 0.0231805
0.55599374275 0.866513 0.0227333
0.562285467661 0.869397 0.0225774
0.568601153723 0.866599 0.0228199
0.574880458942 0.865398 0.0229643
0.581155021034 0.858842 0.0260983
0.587439449666 0.852957 0.0219037
0.59371762203 0.847196 0.0238869
0.599997195479 0.844141 0.0247158
0.606267911512 0.845553 0.023037
0.612546957644 0.834767 0.0233035
0.618847773304 0.832562 0.0205633
0.625131056744 0.827965 0.0237804
0.631402745038 0.827354 0.0225311
0.637700356273 0.824054 0.0215261
0.643985778331 0.817074 0.0241313
0.650268541717 0.810985 0.0229572
0.65655861177 0.805072 0.0274742
0.662836928236 0.802796 0.0252018
0.669118544496 0.797557 0.0257162
0.675407019858 0.795854 0.0235535
0.681683551459 0.792003 0.0230107
0.687959253386 0.784069 0.0230268
0.694234431704 0.782372 0.0222606
0.700517540243 0.78154 0.0255887
0.706812495661 0.769987 0.0261851
0.713101900967 0.768796 0.025665
0.719391825117 0.765347 0.0232219
0.72568338076 0.760791 0.0258983
0.731965268271 0.752374 0.0266134
0.738250799048 0.753275 0.0250243
0.744526584212 0.747189 0.0240327
0.750787110194 0.743308 0.0234221
0.757075846532 0.743128 0.0255179
0.76336412336 0.738221 0.0247727
0.769646295986 0.738275 0.0259881
0.775939486518 0.734475 0.022541
0.782232914199 0.726974 0.0258726
0.788531493652 0.72877 0.026701
0.794789656698 0.724567 0.0254785
0.801049109659 0.716308 0.0252694
0.807336406173 0.95232 0.0182106
0.813622948837 0.712073 0.0287016
0.819915299896 0.710929 0.026772
0.826195263639 0.714466 0.0265089
0.832489707008 0.711832 0.0249384
0.838795930921 0.704427 0.0248026
0.84506346397 0.706434 0.0250243
0.851328286756 0.706493 0.0240682
0.85761982639 0.704468 0.0289267
0.863905847706 0.704911 0.0246467
0.870183874549 0.699398 0.0261232
0.876464109608 0.705517 0.0256618
0.88275038734 0.696375 0.0248368
0.889033276839 0.703299 0.0235474
0.895308424711 0.700222 0.0261037
0.901595652167 0.694097 0.0243616
0.907883332809 0.701707 0.0270658
0.914174410632 0.6977 0.0230393
0.920463081772 0.699794 0.0257917
0.926743441526 0.703262 0.0239473
0.933032419735 0.7045 0.0278847
0.939326578557 0.701949 0.0246206
0.94559748104 0.711697 0.0272947
0.951866001855 0.708148 0.0284966
0.958141325553 0.709877 0.0273968
0.964435094511 0.712124 0.0250058
0.970735563357 0.719714 0.0268468
0.977008076845 0.719486 0.0242277
0.983282332536 0.721338 0.0265992
0.989556969197 0.7267 0.0233567
0.995845630192 0.736628 0.0238705
1.00213621074 0.736228 0.0240033
1.00840482534 0.739997 0.0280184
1.01469414984 0.742161 0.0248892
1.02099255544 0.751276 0.0200777
1.02727398044 0.755611 0.0256297
1.0335591819 0.757701 0.0222436
1.03984755739 0.766548 0.0239154
1.04612697494 0.772676 0.0246676
1.05240343681 0.778603 0.0223398
1.05868070465 0.784088 0.0262472
1.06496433307 0.790859 0.0230336
1.07125677744 0.79657 0.023133
1.0775440488 0.805965 0.0249919
1.08382482019 0.814589 0.0254054
1.09010802394 0.825664 0.0229092
1.09638966596 0.834763 0.0249743
1.10268113206 0.834972 0.020677
1.10896304759 0.848928 0.0232432
1.11522542846 0.859404 0.0220455
1.12150212761 0.87231 0.0224789
1.12779257382 0.880683 0.022288
1.13408955267 0.892926 0.0204579
1.14036404965 0.90521 0.0217141
1.14663918032 0.914158 0.0213427
1.15294241299 0.926548 0.022377
1.15922890675 0.937786 0.0181495
1.16550872189 0.952297 0.020946
1.17179307626 0.96236 0.0208199
1.17808743637 0.975793 0.0201986
1.18436765425 0.990426 0.0202243
1.1906346423 1.00263 0.0190167
1.19691220883 1.01801 0.0191578
1.20320157735 1.02707 0.0178461
1.20948684444 1.04663 0.0188955
1.21576390207 1.06505 0.0198712
1.22204975517 1.07461 0.0168574
1.22834061662 1.09221 0.0183662
1.23463298658 1.10992 0.0178676
1.24090224718 1.12524 0.0174277
1.24717483914 1.14126 0.0195593
1.25346545993 1.16069 0.014964
1.25974995189 1.17371 0.01617
1.26603214313 1.19265 0.0160918
1.27231628847 1.21377 0.016774
1.27860415506 1.22655 0.0180041
1.28488658893 1.24715 0.0163186
1.29117542007 1.2663 0.0156493
1.29746572637 1.28872 0.0174413
1.30374182701 1.30404 0.0147525
1.31001732292 1.32696 0.0169086
1.31630144766 1.34564 0.0147491
1.32258676036 1.36618 0.0167777
1.32886549245 1.38957 0.0172733
1.33514480495 1.40892 0.0151764
1.34144051627 1.43204 0.0147254
1.34773086842 1.45268 0.0156424
1.35400158999 1.4776 0.0154743
1.3602826093 1.49943 0.0159228
1.36656568646 1.52162 0.0131454
1.37285149848 1.54196 0.0132367
1.37913537293 1.57122 0.0161555
1.38540956715 1.59232 0.0147173
1.39169864122 1.61528 0.0132081
1.39798445144 1.64161 0.0136743
1.40426788341 1.66461 0.0138313
1.41055477948 1.69174 0.013554
1.41683783355 1.71715 0.0113542
1.42311817719 1.74289 0.0110389
1.42939780116 1.76896 0.0143016
1.43568692182 1.79596 0.0128024
1.44197712177 1.82164 0.0127903
1.44825366785 1.85087 0.0130179
1.45453234897 1.87722 0.0124746
1.46081931915 1.90345 0.0119887
1.4671103644 1.93133 0.0122203
1.47339290895 1.95938 0.0133391
1.47966996524 1.9883 0.0101827
1.4859561446 2.01382 0.0130018
1.49223361076 2.04611 0.0114219
1.49850247038 2.07383 0.0114635
1.50478575205 2.1025 0.011496
1.51107599189 2.13182 0.0121144
1.51736163499 2.1639 0.0116224
1.52364857097 2.19057 0.0112154
1.52993803572 2.22262 0.013139
1.53623017691 2.25262 0.011947
1.54251071878 2.28421 0.0113936
1.54878396308 2.31535 0.0101377
1.55507306978 2.34511 0.0111194
1.56135732493 2.37601 0.0116437
1.56762912105 2.40722 0.0125003
1.5739136974 2.43912 0.0116398
1.58020354523 2.46912 0.0114071
1.58648539343 2.50188 0.0107108
1.59276001426 2.53281 0.011158
1.59904643639 2.56326 0.0105352
1.60534213664 2.59912 0.0115472
1.61161976836 2.62532 0.0117321
1.61789716835 2.63525 0.0105688
1.62418270854 2.64773 0.0114672
1.63046407995 2.6649 0.0117399
1.63674824683 2.67951 0.0110944
1.64303013827 2.69582 0.0115607
1.64930808063 2.71277 0.0119075
1.65559224863 2.72514 0.0119233
1.66187827598 2.74082 0.0129979
1.66816823994 2.75631 0.0120543
1.6744495611 2.77322 0.0115323
1.68072138563 2.78946 0.0111331
1.68701215424 2.80548 0.0138958
1.6933074808 2.82113 0.012105
1.69958064303 2.83749 0.0120391
1.70586179344 2.85456 0.0116086
1.71215172419 2.87313 0.0122774
1.71843538617 2.88934 0.0122862
1.72471844694 2.90624 0.0108792
1.73099491844 2.9258 0.0125748
1.73728636032 2.94214 0.0132952
1.74356630258 2.96082 0.0123316
1.74983600778 2.97738 0.0134534
1.75612327869 2.99871 0.0127233
1.76241061606 3.0171 0.0123971
1.76869357896 3.03398 0.0128391
1.77497674839 3.05436 0.0129579
1.78126362161 3.0709 0.0124902
1.78754574761 3.09284 0.0125776
1.7938272923 3.11338 0.0133603
1.80010772174 3.13309 0.0144255
1.80639091391 3.15286 0.0130443
1.81267451427 3.17032 0.0127505
1.81895363524 3.19319 0.0142561
1.82523850291 3.215 0.0131946
1.8315236862 3.23294 0.0141462
1.83781040898 3.25369 0.0117318
1.84409642612 3.27652 0.0143843
1.8503769215 3.29849 0.0135253
1.85666074594 3.31935 0.0143522
1.86294359809 3.34175 0.0144617
1.86922204917 3.36572 0.0145108
1.87550781357 3.38673 0.0138834
1.88179499507 3.40914 0.0145226
1.88807781314 3.43324 0.0146517
1.89435244502 3.45357 0.0141062
1.90063796885 3.4786 0.0137478
1.90692833723 3.50146 0.015442
1.91320221586 3.52506 0.015367
1.91948223445 3.54928 0.0153849
1.92577010575 3.57267 0.0162993
1.93206491035 3.59915 0.0147212
1.93834071151 3.61858 0.0162036
1.94460828613 3.64792 0.0141991
1.9508968614 3.66975 0.0168983
1.95718811973 3.69567 0.0159913
1.96347509207 3.72122 0.014549
1.9697553281 3.74586 0.0159575
1.9760413775 3.7717 0.0155948
1.98233260336 3.79789 0.0157863
1.98861171931 3.8261 0.0175781
1.99488792869 3.84717 0.0156939
2.00117304134 3.87644 0.0163266
2.00745262249 3.90247 0.0169075
2.01372721862 3.92755 0.0170066
2.02001108039 3.95593 0.0178531
2.02630405283 3.98036 0.0170648
2.03258735828 4.00657 0.0173743
2.03886100377 4.03741 0.0162546
2.04514489951 4.05987 0.0161972
2.05143683626 4.09026 0.0178609
2.05772382203 4.11583 0.0165418
2.0640044634 4.14334 0.0182538
2.07029278421 4.17012 0.0156035
2.07658471853 4.19675 0.016383
2.08285424307 4.22539 0.018329
2.08912259138 4.2506 0.0173494
2.09541730178 4.27754 0.0195787
2.10170304464 4.3077 0.0180317
2.10797273337 4.33317 0.0190836
2.11425579676 4.36011 0.0195272
2.12053788985 4.38587 0.020995
2.12682075079 4.41558 0.0200857
2.13310670204 4.44022 0.0192852
2.13940011923 4.46888 0.0198561
2.14568939859 4.49658 0.0188524
2.15195789682 4.52152 0.0191172
2.15824033347 4.54879 0.0189997
2.16453048092 4.57113 0.0202685
2.17081716829 4.59956 0.0217038
2.17709912993 4.62543 0.0208206
2.18337674027 4.6485 0.021587
2.18965452646 4.67597 0.0188601
2.19593814184 4.69503 0.0216806
2.20221722867 4.72606 0.020279
2.20849850085 4.74246 0.0228136
2.21479372465 4.77228 0.02156
2.22107581834 4.79242 0.020991
2.22733812199 4.81331 0.0218283
2.23362792264 4.83723 0.0206571
2.2399287897 4.85571 0.0235087
2.24620084223 4.88091 0.0232515
2.2524810722 4.89671 0.0227562
2.25875993301 4.91394 0.0239547
2.26503776668 4.92994 0.0244622
2.27130391144 4.94716 0.0258699
2.27758972822 4.96302 0.0257995
2.28389830542 4.98116 0.0232717
2.29017001225 4.99978 0.0272183
2.29645357402 5.0207 0.0234708
2.30275372852 5.04029 0.022783
2.30903325986 5.06249 0.0262348
2.31530674049 5.08431 0.029051
2.32158490306 5.10573 0.0237543
2.3278758488 5.12421 0.0262298
2.33415543799 5.14893 0.0293669
2.34041936871 5.17497 0.0282682
2.34670710068 5.19574 0.0284295
2.3530032916 5.21626 0.0235077
2.35928989445 5.24408 0.0292262
2.36555387699 5.26995 0.0289656
2.37182578571 5.29231 0.0302242
2.3781409032 5.31556 0.0302855
2.38442809259 5.34665 0.0292416
2.39069258243 5.36602 0.0329615
2.39698813839 5.39128 0.0302943
2.40330354843 5.41532 0.0323727
2.40957307365 5.44585 0.0307106
2.41583080138 5.4712 0.0334594
2.42214385676 5.49627 0.034858
2.42843005755 5.52593 0.0333471
2.43467776878 5.54808 0.0339494
2.44097021258 5.57491 0.0328061
2.44729898127 5.60049 0.0335386
2.45356911846 5.62875 0.0412681
2.45980003814 5.65362 0.0415045
2.4661092349 5.67699 0.0391878
2.47241430729 5.70915 0.0405893
2.47866355169 5.73196 0.0402077
2.48493431628 5.7566 0.0392958
2.49124283111 5.78528 0.0408728
2.49755537626 5.81512 0.040317
2.50380379021 5.8406 0.0397787
2.51005045336 5.87266 0.0433383
2.51638815336 5.90498 0.0452803
2.52269694929 5.92934 0.0456707
2.52891211798 5.95013 0.0478937
2.53519495098 5.97082 0.0477655
2.54155301509 5.9996 0.0457996
2.54783359884 6.02716 0.0512243
2.55402772623 6.06142 0.0516487
2.56033571996 6.08427 0.0484799
2.56672381747 6.11316 0.0532242
2.57294751341 6.1284 0.0555858
2.57911252531 6.15495 0.0519344
2.58547549612 6.19053 0.0546767
2.59185019505 6.20859 0.0617435
2.59805932148 6.23505 0.0613547
2.60429715989 6.26552 0.0631668
2.61067449751 6.2845 0.0591338
2.61693283418 6.32129 0.0659041
2.62300854502 6.34744 0.0675046
2.62939753095 6.35603 0.0618707
2.63591057571 6.38501 0.0755943
2.64202978624 6.40688 0.0798294
2.64803951219 6.43021 0.0792021
2.65454096229 6.45365 0.0782363
2.66118028258 6.47584 0.0802919
2.66719514746 6.51002 0.0987671
2.67309090101 6.52975 0.0810599
2.67973176445 6.54368 0.0983327
2.68646693102 6.57676 0.109342
2.69219835647 6.57547 0.122074
2.69796467721 6.58792 0.123208
2.70489193937 6.63445 0.119108
2.71182026315 6.6491 0.139666
2.71709790339 6.68841 0.193721
2.7227864466 6.70606 0.144061
2.72994784687 6.70752 0.167956
2.73706528781 6.74169 0.205163
2.74248820391 6.70617 0.274544
2.74787331837 6.72319 0.256642
2.75504313834 6.79147 0.313964
2.76219934437 6.7932 0.44098
2.76789278819 6.73766 0.65922
2.77283198247 6.78901 0.678207
2.77965581172 6.87468 1.3598
2.78599582346 nan nan
