0.0088996412247 0.996251 0.203775
0.0150791221651 0.918757 0.110489
0.0214479018646 0.886127 0.0794323
0.0278366077649 0.909849 0.0606131
0.034350997858 0.942525 0.0509708
0.0404788676143 0.967176 0.05316
0.0467671668358 0.991797 0.0389719
0.0530822510177 1.01048 0.0439177
0.0594536244094 1.00068 0.0339567
0.0657622481459 1.01073 0.0349001
0.071966329067 1.0216 0.0360611
0.0782786091569 1.03264 0.0309618
0.0847039894583 1.06014 0.0342901
0.0909685462053 1.09144 0.02833
0.0972078977683 1.12195 0.0273716
0.103476303896 1.14193 0.0325737
0.109757644425 1.15949 0.0248141
0.116054308478 1.17016 0.0247092
0.122366966654 1.17754 0.0275775
0.128681726309 1.18711 0.0247883
0.134950080166 1.20977 0.022271
0.141194955884 1.22272 0.024895
0.147513357575 1.24172 0.0190903
0.153786507425 1.26058 0.021104
0.160065754405 1.28128 0.0199983
0.166399116869 1.29457 0.0213621
0.172719564578 1.31691 0.0186077
0.178976521338 1.33475 0.0200413
0.185235369065 1.35717 0.0187397
0.191480678734 1.36758 0.0195875
0.197788986865 1.38456 0.0173563
0.204093773545 1.39536 0.021899
0.210393930261 1.40694 0.0181629
0.216690970982 1.41292 0.0188401
0.222970028122 1.41842 0.0192007
0.229262002709 1.43029 0.0205948
0.235514150837 1.43063 0.0168452
0.241791058382 1.44015 0.0203467
0.248085653944 1.44506 0.0206375
0.254349225687 1.45292 0.018973
0.260633425188 1.44989 0.0183971
0.26692573709 1.45084 0.0184158
0.273242334314 1.44885 0.0181125
0.279552968008 1.44711 0.0173296
0.285836629231 1.44232 0.0191497
0.292087627139 1.43814 0.017418
0.298344984444 1.43311 0.0198728
0.304638263941 1.42878 0.0181091
0.3109279127 1.42194 0.0189202
0.317216817162 1.4177 0.0161258
0.323518756794 1.413 0.0195292
0.329816821755 1.40445 0.0183374
0.336117642946 1.40028 0.0197996
0.342370037571 1.39237 0.0208476
0.348647819267 1.38727 0.0175985
0.354941161441 1.38005 0.016987
0.361191693542 1.37038 0.0159431
0.367476708956 1.36543 0.0156221
0.373764779528 1.36208 0.0188233
0.380065403148 1.35166 0.0189112
0.386353986126 1.34439 0.0169319
0.392614018136 1.33995 0.0180376
0.398926450032 1.33147 0.0176382
0.405207324458 1.417 0.0167373
0.411491647757 1.31505 0.0169207
0.417781427212 1.31067 0.0198293
0.424040064873 1.30275 0.0169216
0.430342569027 1.29765 0.0190923
0.436635856026 1.29307 0.0173614
0.442899618322 1.28327 0.0165105
0.449163441853 1.27745 0.0180488
0.455441414625 1.26857 0.0190829
0.46176344703 1.26217 0.0172298
0.468064424202 1.25685 0.016727
0.474348524276 1.25027 0.0165351
0.480635613682 1.24228 0.0195332
0.486901925839 1.23809 0.0157366
0.49316970996 1.22557 0.0180298
0.499450674714 1.22129 0.0173728
0.505715905134 1.21318 0.0182848
0.511992399627 1.20335 0.0197725
0.518312609777 1.19879 0.0180472
0.524608963803 1.18994 0.0178439
0.530875730848 1.18272 0.0193081
0.537157352795 1.1779 0.0167974
0.543457956378 1.17154 0.0190014
0.549743065239 1.16075 0.0191982
0.55599374275 1.15575 0.0164152
0.562285467661 1.15099 0.0174019
0.568601153723 1.14616 0.0173026
0.574880458942 1.13846 0.017181
0.581155021034 1.13001 0.0229382
0.587439449666 1.12364 0.0203809
0.59371762203 1.11441 0.0190124
0.599997195479 1.10811 0.0184344
0.606267911512 1.10191 0.0183224
0.612546957644 1.09222 0.0206593
0.618847773304 1.08762 0.0194365
0.625131056744 1.07991 0.0193708
0.631402745038 1.07375 0.0187629
0.637700356273 1.06828 0.0195959
0.643985778331 1.06183 0.022141
0.650268541717 1.0524 0.0201198
0.65655861177 1.04776 0.0222209
0.662836928236 1.04155 0.0210456
0.669118544496 1.03272 0.0202329
0.675407019858 1.02643 0.0179387
0.681683551459 1.01809 0.0207135
0.687959253386 1.01403 0.0195867
0.694234431704 1.0052 0.0211111
0.700517540243 1.00297 0.0191752
0.706812495661 0.990588 0.0182732
0.713101900967 0.987939 0.0212998
0.719391825117 0.98349 0.0183951
0.72568338076 0.977237 0.0180065
0.731965268271 0.970257 0.0203518
0.738250799048 0.963783 0.0188574
0.744526584212 0.958408 0.0184769
0.750787110194 0.953983 0.0198974
0.757075846532 0.947299 0.0211997
0.76336412336 0.941778 0.0185079
0.769646295986 0.940137 0.0207264
0.775939486518 0.930919 0.0186826
0.782232914199 0.92446 0.0222225
0.788531493652 0.922657 0.0212878
0.794789656698 0.916228 0.0221286
0.801049109659 0.911005 0.0212183
0.807336406173 0.907645 0.0226554
0.813622948837 0.901561 0.0229378
0.819915299896 0.897718 0.0232769
0.826195263639 0.892028 0.0237214
0.832489707008 0.886192 0.0219952
0.838795930921 0.883453 0.0219442
0.84506346397 0.876204 0.0205931
0.851328286756 0.877553 0.0199716
0.85761982639 0.868964 0.0241797
0.863905847706 0.867048 0.0231073
0.870183874549 0.860469 0.0190432
0.876464109608 0.864193 0.0211999
0.88275038734 0.852326 0.0232896
0.889033276839 0.854019 0.022575
0.895308424711 0.8504 0.0220653
0.901595652167 0.845543 0.0226401
0.907883332809 0.846023 0.0214965
0.914174410632 0.838787 0.0214725
0.920463081772 0.841549 0.0225206
0.926743441526 0.837691 0.0228699
0.933032419735 0.836773 0.0250979
0.939326578557 0.835813 0.0217198
0.94559748104 0.836731 0.0209351
0.951866001855 0.832695 0.0248643
0.958141325553 0.826872 0.0241822
0.964435094511 0.830295 0.0248775
0.970735563357 0.832258 0.0229143
0.977008076845 0.834736 0.0208436
0.983282332536 0.828656 0.0251386
0.989556969197 0.83066 0.0211973
0.995845630192 0.836159 0.0210846
1.00213621074 0.83845 0.018758
1.00840482534 0.83855 0.0228751
1.01469414984 0.838743 0.0238556
1.02099255544 0.841262 0.0214867
1.02727398044 0.840479 0.0251715
1.0335591819 0.842005 0.021514
1.03984755739 0.848337 0.0198835
1.04612697494 0.852807 0.0232064
1.05240343681 0.856972 0.0211018
1.05868070465 0.863388 0.0220831
1.06496433307 0.864236 0.0221385
1.07125677744 0.866284 0.0235873
1.0775440488 0.870552 0.022693
1.08382482019 0.879685 0.0207938
1.09010802394 0.88557 0.0244703
1.09638966596 0.892825 0.0210431
1.10268113206 0.895673 0.0190064
1.10896304759 0.904189 0.0228041
1.11522542846 0.913866 0.0214053
1.12150212761 0.922494 0.0207071
1.12779257382 0.927915 0.0194679
1.13408955267 0.936712 0.0188721
1.14036404965 0.946527 0.0206569
1.14663918032 0.955753 0.021982
1.15294241299 0.966985 0.020497
1.15922890675 0.97813 0.0190161
1.16550872189 0.984664 0.0193237
1.17179307626 0.998246 0.0184963
1.17808743637 1.00838 0.0175711
1.18436765425 1.01967 0.02111
1.1906346423 1.03254 0.0184799
1.19691220883 1.04576 0.0180562
1.20320157735 1.05373 0.0208059
1.20948684444 1.06984 0.0186579
1.21576390207 1.08831 0.016883
1.22204975517 1.09591 0.0170543
1.22834061662 1.11097 0.0171523
1.23463298658 1.12642 0.0176986
1.24090224718 1.14191 0.0182567
1.24717483914 1.15738 0.0176017
1.25346545993 1.1749 0.0163176
1.25974995189 1.18768 0.0167965
1.26603214313 1.20803 0.0161144
1.27231628847 1.22646 0.0167547
1.27860415506 1.23917 0.015715
1.28488658893 1.25749 0.0153522
1.29117542007 1.27444 0.0169356
1.29746572637 1.29583 0.0175437
1.30374182701 1.31075 0.0152591
1.31001732292 1.33601 0.0159012
1.31630144766 1.35211 0.0157952
1.32258676036 1.37062 0.0150423
1.32886549245 1.39319 0.0153495
1.33514480495 1.41153 0.015238
1.34144051627 1.43534 0.0151573
1.34773086842 1.45504 0.0158033
1.35400158999 1.47945 0.0158461
1.3602826093 1.50074 0.0146686
1.36656568646 1.52289 0.0140178
1.37285149848 1.54502 0.0142847
1.37913537293 1.57028 0.0158356
1.38540956715 1.59082 0.0143788
1.39169864122 1.61595 0.0145343
1.39798445144 1.64165 0.0141023
1.40426788341 1.66362 0.0133985
1.41055477948 1.6897 0.0135669
1.41683783355 1.71521 0.0138707
1.42311817719 1.74197 0.0120173
1.42939780116 1.76599 0.0148611
1.43568692182 1.7938 0.0132428
1.44197712177 1.81828 0.0135511
1.44825366785 1.84695 0.0142361
1.45453234897 1.87494 0.0122386
1.46081931915 1.89987 0.0121296
1.4671103644 1.92821 0.0127758
1.47339290895 1.95506 0.0124682
1.47966996524 1.9847 0.0109077
1.4859561446 2.01156 0.0122425
1.49223361076 2.04252 0.0115264
1.49850247038 2.06906 0.0107596
1.50478575205 2.09823 0.012453
1.51107599189 2.12857 0.0131314
1.51736163499 2.15934 0.0113261
1.52364857097 2.18585 0.0106221
1.52993803572 2.21774 0.0131011
1.53623017691 2.24868 0.0120478
1.54251071878 2.28049 0.0115222
1.54878396308 2.31035 0.0106864
1.55507306978 2.34076 0.0115539
1.56135732493 2.37133 0.0110372
1.56762912105 2.40348 0.0121747
1.5739136974 2.43556 0.0117842
1.58020354523 2.46458 0.0114073
1.58648539343 2.49853 0.011063
1.59276001426 2.52845 0.010831
1.59904643639 2.5606 0.0122302
1.60534213664 2.59427 0.0125748
1.61161976836 2.61616 0.0114621
1.61789716835 2.63052 0.0110298
1.62418270854 2.64365 0.012782
1.63046407995 2.66166 0.0120257
1.63674824683 2.67522 0.0123785
1.64303013827 2.69171 0.0117993
1.64930808063 2.70803 0.0117131
1.65559224863 2.71985 0.0117007
1.66187827598 2.73687 0.0131037
1.66816823994 2.75174 0.0123003
1.6744495611 2.7695 0.0128633
1.68072138563 2.78482 0.0123558
1.68701215424 2.80039 0.013631
1.6933074808 2.81509 0.012934
1.69958064303 2.83186 0.0133562
1.70586179344 2.84921 0.0118411
1.71215172419 2.86954 0.0118123
1.71843538617 2.88551 0.012594
1.72471844694 2.90169 0.0112577
1.73099491844 2.92052 0.0133039
1.73728636032 2.93861 0.0132939
1.74356630258 2.95532 0.0112371
1.74983600778 2.97387 0.013984
1.75612327869 2.99363 0.0137764
1.76241061606 3.01218 0.01355
1.76869357896 3.03039 0.0129205
1.77497674839 3.05024 0.0129
1.78126362161 3.06693 0.0134571
1.78754574761 3.08895 0.0130972
1.7938272923 3.11005 0.0135191
1.80010772174 3.12914 0.0148781
1.80639091391 3.14943 0.0155151
1.81267451427 3.16758 0.0134757
1.81895363524 3.19021 0.0146203
1.82523850291 3.21142 0.0138293
1.8315236862 3.22961 0.0146563
1.83781040898 3.25121 0.0133521
1.84409642612 3.27464 0.0154997
1.8503769215 3.29847 0.0144759
1.85666074594 3.31747 0.015165
1.86294359809 3.33841 0.0151532
1.86922204917 3.36453 0.0147107
1.87550781357 3.38559 0.0157013
1.88179499507 3.40737 0.0153207
1.88807781314 3.43194 0.0154448
1.89435244502 3.45265 0.0137971
1.90063796885 3.4776 0.0143935
1.90692833723 3.50074 0.0164244
1.91320221586 3.52505 0.0155923
1.91948223445 3.55007 0.015669
1.92577010575 3.57215 0.0164007
1.93206491035 3.59984 0.015148
1.93834071151 3.61924 0.0161768
1.94460828613 3.64813 0.0162769
1.9508968614 3.67221 0.0170304
1.95718811973 3.69748 0.0154235
1.96347509207 3.72251 0.0164919
1.9697553281 3.74825 0.0168666
1.9760413775 3.77459 0.0155119
1.98233260336 3.80032 0.01684
1.98861171931 3.82841 0.0166312
1.99488792869 3.85077 0.0169425
2.00117304134 3.87964 0.0172898
2.00745262249 3.90819 0.0169802
2.01372721862 3.93151 0.0166339
2.02001108039 3.95916 0.0181222
2.02630405283 3.98454 0.0165161
2.03258735828 4.01219 0.0164539
2.03886100377 4.0423 0.0161322
2.04514489951 4.06455 0.0180996
2.05143683626 4.09582 0.018305
2.05772382203 4.12226 0.0166341
2.0640044634 4.15033 0.0186453
2.07029278421 4.17648 0.0166658
2.07658471853 4.2038 0.0160676
2.08285424307 4.23298 0.0180625
2.08912259138 4.25833 0.017794
2.09541730178 4.28547 0.0194958
2.10170304464 4.31475 0.0182095
2.10797273337 4.34089 0.0185025
2.11425579676 4.36901 0.0213911
2.12053788985 4.39298 0.020859
2.12682075079 4.42597 0.0200137
2.13310670204 4.44958 0.0181926
2.13940011923 4.47785 0.0203455
2.14568939859 4.50621 0.0180708
2.15195789682 4.5301 0.0188355
2.15824033347 4.55906 0.020119
2.16453048092 4.58335 0.0193709
2.17081716829 4.61061 0.021321
2.17709912993 4.63741 0.0221357
2.18337674027 4.65955 0.0204675
2.18965452646 4.68794 0.0190648
2.19593814184 4.70539 0.0213344
2.20221722867 4.73859 0.0216876
2.20849850085 4.75405 0.0228316
2.21479372465 4.78556 0.0232972
2.22107581834 4.80412 0.0227869
2.22733812199 4.8256 0.0225706
2.23362792264 4.8524 0.0221859
2.2399287897 4.86873 0.0249861
2.24620084223 4.89485 0.0236528
2.2524810722 4.90947 0.0243452
2.25875993301 4.92969 0.0254024
2.26503776668 4.94502 0.0265702
2.27130391144 4.95989 0.0253017
2.27758972822 4.97887 0.0254846
2.28389830542 4.99453 0.0237762
2.29017001225 5.0171 0.0285492
2.29645357402 5.03726 0.0234156
2.30275372852 5.05613 0.024637
2.30903325986 5.07844 0.0285006
2.31530674049 5.10133 0.0302414
2.32158490306 5.12134 0.026007
2.3278758488 5.14229 0.0289264
2.33415543799 5.16706 0.0305272
2.34041936871 5.19382 0.0307452
2.34670710068 5.21435 0.0294131
2.3530032916 5.23442 0.027021
2.35928989445 5.2646 0.0299163
2.36555387699 5.2889 0.0309006
2.37182578571 5.31155 0.0323853
2.3781409032 5.33362 0.0313008
2.38442809259 5.36389 0.0327615
2.39069258243 5.38584 0.0340295
2.39698813839 5.41526 0.0314095
2.40330354843 5.43728 0.033266
2.40957307365 5.47068 0.0334132
2.41583080138 5.49246 0.0379558
2.42214385676 5.51772 0.0346784
2.42843005755 5.54772 0.0371401
2.43467776878 5.57364 0.0360307
2.44097021258 5.5973 0.0346951
2.44729898127 5.62429 0.0365358
2.45356911846 5.65184 0.0443991
2.45980003814 5.67463 0.0385549
2.4661092349 5.70208 0.0444382
2.47241430729 5.73059 0.0410992
2.47866355169 5.75567 0.0390596
2.48493431628 5.78501 0.039138
2.49124283111 5.81062 0.042285
2.49755537626 5.8451 0.0397875
2.50380379021 5.86759 0.0431888
2.51005045336 5.89724 0.0465442
2.51638815336 5.92877 0.0451218
2.52269694929 5.95055 0.04405
2.52891211798 5.97792 0.0544548
2.53519495098 5.99952 0.0500475
2.54155301509 6.03264 0.0481765
2.54783359884 6.05504 0.055064
2.55402772623 6.09336 0.0502673
2.56033571996 6.1122 0.0463847
2.56672381747 6.13931 0.0574106
2.57294751341 6.16116 0.0556035
2.57911252531 6.19156 0.053552
2.58547549612 6.21804 0.0558951
2.59185019505 6.24015 0.0619337
2.59805932148 6.26619 0.0586969
2.60429715989 6.29184 0.0652547
2.61067449751 6.32505 0.0613884
2.61693283418 6.35075 0.0679694
2.62300854502 6.37547 0.0721111
2.62939753095 6.38936 0.0635283
2.63591057571 6.42345 0.0778302
2.64202978624 6.44147 0.0687608
2.64803951219 6.45814 0.0794454
2.65454096229 6.49328 0.0796534
2.66118028258 6.50203 0.0942546
2.66719514746 6.53408 0.0990179
2.67309090101 6.55835 0.0937642
2.67973176445 6.58087 0.0984905
2.68646693102 6.60894 0.107591
2.69219835647 6.61777 0.129617
2.69796467721 6.62058 0.122361
2.70489193937 6.65441 0.1191
2.71182026315 6.69512 0.134839
2.71709790339 6.71116 0.191313
2.7227864466 6.72442 0.152662
2.72994784687 6.74851 0.173623
2.73706528781 6.77906 0.211135
2.74248820391 6.75704 0.271416
2.74787331837 6.78975 0.267006
2.75504313834 6.80123 0.291451
2.76219934437 6.81388 0.430888
2.76789278819 6.74467 0.696869
2.77283198247 6.86973 0.686907
2.77965581172 6.793 1.38828
2.78599582346 nan nan
