0.0088996412247 1.60085 0.113149
0.0150791221651 1.5839 0.0571451
0.0214479018646 1.55621 0.0341829
0.0278366077649 1.53524 0.0336533
0.034350997858 1.51219 0.0294914
0.0404788676143 1.4972 0.0272847
0.0467671668358 1.49133 0.025343
0.0530822510177 1.48755 0.0246552
0.0594536244094 1.47907 0.0205423
0.0657622481459 1.47857 0.0184779
0.071966329067 1.47837 0.0214694
0.0782786091569 1.47255 0.0176491
0.0847039894583 1.46141 0.0176845
0.0909685462053 1.4553 0.0173667
0.0972078977683 1.44933 0.0192029
0.103476303896 1.44013 0.0187714
0.109757644425 1.44149 0.0177215
0.116054308478 1.43854 0.019035
0.122366966654 1.44183 0.0180466
0.128681726309 1.43694 0.016742
0.134950080166 1.43166 0.0189402
0.141194955884 1.42196 0.0168343
0.147513357575 1.41593 0.0173685
0.153786507425 1.40375 0.0185957
0.160065754405 1.3992 0.0181886
0.166399116869 1.39121 0.0173199
0.172719564578 1.39124 0.0174921
0.178976521338 1.38396 0.0179454
0.185235369065 1.38284 0.01703
0.191480678734 1.37654 0.0175191
0.197788986865 1.3731 0.0184279
0.204093773545 1.3634 0.0195926
0.210393930261 1.35531 0.018107
0.216690970982 1.34493 0.0158778
0.222970028122 1.33455 0.0196
0.229262002709 1.32936 0.0175211
0.235514150837 1.32229 0.018417
0.241791058382 1.31877 0.0164833
0.248085653944 1.30994 0.0173848
0.254349225687 1.30342 0.0175083
0.260633425188 1.29906 0.016456
0.26692573709 1.28864 0.018287
0.273242334314 1.28111 0.0152269
0.279552968008 1.27359 0.0153354
0.285836629231 1.26382 0.0183286
0.292087627139 1.25463 0.017065
0.298344984444 1.24912 0.0201584
0.304638263941 1.23836 0.0172367
0.3109279127 1.22937 0.0176081
0.317216817162 1.22367 0.0162865
0.323518756794 1.21327 0.0177521
0.329816821755 1.21045 0.0176778
0.336117642946 1.19902 0.018151
0.342370037571 1.19064 0.0222159
0.348647819267 1.17709 0.018164
0.354941161441 1.17138 0.0202435
0.361191693542 1.16409 0.016075
0.367476708956 1.15414 0.0170691
0.373764779528 1.14683 0.0171178
0.380065403148 1.13577 0.0190484
0.386353986126 1.12891 0.0181366
0.392614018136 1.11781 0.0200603
0.398926450032 1.11237 0.0180339
0.405207324458 1.10167 0.0197346
0.411491647757 1.09466 0.0173246
0.417781427212 1.08404 0.0198721
0.424040064873 1.07674 0.0195712
0.430342569027 1.06364 0.017738
0.436635856026 1.05703 0.0200886
0.442899618322 1.04788 0.0205918
0.449163441853 1.04083 0.0189532
0.455441414625 1.02811 0.0216649
0.46176344703 1.01814 0.0194538
0.468064424202 1.0097 0.020426
0.474348524276 1.00211 0.0212382
0.480635613682 0.993691 0.0194444
0.486901925839 0.981929 0.017572
0.49316970996 0.975039 0.0219239
0.499450674714 0.9655 0.0199633
0.505715905134 0.950258 0.0222279
0.511992399627 0.944466 0.0216364
0.518312609777 0.935767 0.0209453
0.524608963803 0.922265 0.0213943
0.530875730848 0.914203 0.0250146
0.537157352795 0.907037 0.024506
0.543457956378 0.896674 0.022316
0.549743065239 0.883262 0.0207234
0.55599374275 0.874203 0.0213792
0.562285467661 0.864874 0.0206995
0.568601153723 0.856635 0.0245344
0.574880458942 0.842372 0.0220713
0.581155021034 0.83919 0.0239529
0.587439449666 0.819981 0.0267371
0.59371762203 0.810393 0.0208938
0.599997195479 0.802658 0.0280996
0.606267911512 0.790805 0.0245071
0.612546957644 0.782981 0.0240525
0.618847773304 0.769626 0.0260011
0.625131056744 0.76122 0.0276582
0.631402745038 0.747782 0.0297534
0.637700356273 0.740549 0.026262
0.643985778331 0.726467 0.0243444
0.650268541717 0.720868 0.0264678
0.65655861177 0.704376 0.0276373
0.662836928236 0.69475 0.0301865
0.669118544496 0.681691 0.0282626
0.675407019858 0.674616 0.0282407
0.681683551459 0.658816 0.0278394
0.687959253386 0.644489 0.0305957
0.694234431704 0.63233 0.0280708
0.700517540243 0.629694 0.0279574
0.706812495661 0.611884 0.0303488
0.713101900967 0.599725 0.030719
0.719391825117 0.588851 0.0310344
0.72568338076 0.576226 0.0368733
0.731965268271 0.556539 0.0338094
0.738250799048 0.55225 0.0306386
0.744526584212 0.540444 0.0335716
0.750787110194 0.521454 0.0318036
0.757075846532 0.508573 0.0360438
0.76336412336 0.501412 0.037224
0.769646295986 0.484603 0.0392534
0.775939486518 0.473496 0.0334977
0.782232914199 0.458015 0.0383543
0.788531493652 0.443265 0.0420249
0.794789656698 0.429392 0.0410161
0.801049109659 0.420048 0.041065
0.807336406173 0.39337 0.0469512
0.813622948837 0.382972 0.0454711
0.819915299896 0.363446 0.0480914
0.826195263639 0.34547 0.0610644
0.832489707008 0.322768 0.0650905
0.838795930921 0.308357 0.054019
0.84506346397 0.289217 0.0576002
0.851328286756 nan nan
0.85761982639 nan nan
0.863905847706 nan nan
0.870183874549 nan nan
0.876464109608 nan nan
0.88275038734 nan nan
0.889033276839 nan nan
0.895308424711 nan nan
0.901595652167 nan nan
0.907883332809 nan nan
0.914174410632 nan nan
0.920463081772 nan nan
0.926743441526 nan nan
0.933032419735 nan nan
0.939326578557 nan nan
0.94559748104 nan nan
0.951866001855 nan nan
0.958141325553 nan nan
0.964435094511 nan nan
0.970735563357 nan nan
0.977008076845 nan nan
0.983282332536 nan nan
0.989556969197 nan nan
0.995845630192 nan nan
1.00213621074 nan nan
1.00840482534 nan nan
1.01469414984 nan nan
1.02099255544 nan nan
1.02727398044 nan nan
1.0335591819 nan nan
1.03984755739 nan nan
1.04612697494 nan nan
1.05240343681 nan nan
1.05868070465 nan nan
1.06496433307 nan nan
1.07125677744 nan nan
1.0775440488 nan nan
1.08382482019 nan nan
1.09010802394 nan nan
1.09638966596 nan nan
1.10268113206 nan nan
1.10896304759 nan nan
1.11522542846 nan nan
1.12150212761 nan nan
1.12779257382 nan nan
1.13408955267 nan nan
1.14036404965 nan nan
1.14663918032 nan nan
1.15294241299 nan nan
1.15922890675 nan nan
1.16550872189 nan nan
1.17179307626 nan nan
1.17808743637 nan nan
1.18436765425 nan nan
1.1906346423 nan nan
1.19691220883 nan nan
1.20320157735 nan nan
1.20948684444 nan nan
1.21576390207 nan nan
1.22204975517 nan nan
1.22834061662 nan nan
1.23463298658 nan nan
1.24090224718 nan nan
1.24717483914 nan nan
1.25346545993 nan nan
1.25974995189 nan nan
1.26603214313 0.339599 0.0566857
1.27231628847 0.377938 0.0479689
1.27860415506 0.404872 0.0475711
1.28488658893 0.445188 0.0422943
1.29117542007 0.467257 0.0418178
1.29746572637 0.502057 0.0365398
1.30374182701 0.526142 0.0328885
1.31001732292 0.563767 0.0344988
1.31630144766 0.59278 0.0305107
1.32258676036 0.618475 0.0287119
1.32886549245 0.65058 0.0275285
1.33514480495 0.675104 0.0285312
1.34144051627 0.70722 0.0264464
1.34773086842 0.740737 0.0287484
1.35400158999 0.769199 0.0244398
1.3602826093 0.794642 0.0227639
1.36656568646 0.824448 0.0251247
1.37285149848 0.856006 0.0198807
1.37913537293 0.881822 0.0204353
1.38540956715 0.911909 0.0198211
1.39169864122 0.942093 0.0213898
1.39798445144 0.973367 0.0200672
1.40426788341 1.00186 0.0193159
1.41055477948 1.02898 0.0198618
1.41683783355 1.06285 0.0183799
1.42311817719 1.09269 0.0163996
1.42939780116 1.12388 0.0169518
1.43568692182 1.15596 0.0170262
1.44197712177 1.18286 0.0167971
1.44825366785 1.21704 0.0167721
1.45453234897 1.2471 0.0165686
1.46081931915 1.28084 0.0149129
1.4671103644 1.31103 0.0147518
1.47339290895 1.34394 0.0163788
1.47966996524 1.37611 0.0140349
1.4859561446 1.40666 0.0148298
1.49223361076 1.44007 0.0144361
1.49850247038 1.47267 0.0149024
1.50478575205 1.50222 0.0121903
1.51107599189 1.534 0.0142533
1.51736163499 1.56978 0.0127788
1.52364857097 1.60232 0.0130844
1.52993803572 1.63711 0.0146037
1.53623017691 1.66919 0.012529
1.54251071878 1.7028 0.0137613
1.54878396308 1.73889 0.0131095
1.55507306978 1.77172 0.0124612
1.56135732493 1.80717 0.0108909
1.56762912105 1.83976 0.0128918
1.5739136974 1.87651 0.0128356
1.58020354523 1.90849 0.0113248
1.58648539343 1.94446 0.0115583
1.59276001426 1.97694 0.0114384
1.59904643639 2.01256 0.0112789
1.60534213664 2.04886 0.00973279
1.61161976836 2.07002 0.0113198
1.61789716835 2.08301 0.0121803
1.62418270854 2.09129 0.0123746
1.63046407995 2.10565 0.011606
1.63674824683 2.11934 0.0112446
1.64303013827 2.12941 0.0119058
1.64930808063 2.14273 0.0112768
1.65559224863 2.15265 0.0114767
1.66187827598 2.16631 0.0126821
1.66816823994 2.17841 0.0116462
1.6744495611 2.19047 0.0125021
1.68072138563 2.20406 0.0121156
1.68701215424 2.21572 0.0116337
1.6933074808 2.2308 0.0129624
1.69958064303 2.24304 0.011977
1.70586179344 2.25718 0.0116767
1.71215172419 2.27418 0.0139909
1.71843538617 2.28598 0.0117244
1.72471844694 2.297 0.0131382
1.73099491844 2.31443 0.0124409
1.73728636032 2.32947 0.0121052
1.74356630258 2.34405 0.0125162
1.74983600778 2.35798 0.0131804
1.75612327869 2.37652 0.0123637
1.76241061606 2.39001 0.0142787
1.76869357896 2.40513 0.0121415
1.77497674839 2.422 0.0127623
1.78126362161 2.43622 0.0131986
1.78754574761 2.45416 0.0134948
1.7938272923 2.46923 0.0127917
1.80010772174 2.48767 0.0143552
1.80639091391 2.50336 0.0123039
1.81267451427 2.5194 0.0122302
1.81895363524 2.5373 0.0126246
1.82523850291 2.55749 0.0139137
1.8315236862 2.57337 0.014287
1.83781040898 2.59203 0.0130466
1.84409642612 2.61004 0.013619
1.8503769215 2.62828 0.0132566
1.85666074594 2.64518 0.012517
1.86294359809 2.66511 0.0153999
1.86922204917 2.68416 0.013297
1.87550781357 2.70461 0.0134598
1.88179499507 2.72424 0.0132896
1.88807781314 2.7441 0.0126427
1.89435244502 2.76277 0.0140976
1.90063796885 2.78437 0.0145023
1.90692833723 2.80516 0.0141603
1.91320221586 2.82555 0.0149227
1.91948223445 2.84843 0.0143062
1.92577010575 2.86705 0.0153724
1.93206491035 2.89063 0.0154519
1.93834071151 2.90876 0.0144423
1.94460828613 2.932 0.014855
1.9508968614 2.9546 0.0147691
1.95718811973 2.97534 0.0137232
1.96347509207 2.99933 0.0137415
1.9697553281 3.02172 0.015025
1.9760413775 3.0436 0.0161055
1.98233260336 3.06526 0.0138472
1.98861171931 3.0922 0.0154255
1.99488792869 3.11048 0.0159887
2.00117304134 3.13789 0.013791
2.00745262249 3.16044 0.0146364
2.01372721862 3.1829 0.0155577
2.02001108039 3.20971 0.0153858
2.02630405283 3.23164 0.0166696
2.03258735828 3.2554 0.0147689
2.03886100377 3.28348 0.0167121
2.04514489951 3.30577 0.0166325
2.05143683626 3.33193 0.0168656
2.05772382203 3.35754 0.0163865
2.0640044634 3.38168 0.0167418
2.07029278421 3.40628 0.0171202
2.07658471853 3.43145 0.0167739
2.08285424307 3.45576 0.0167702
2.08912259138 3.4785 0.0159657
2.09541730178 3.50418 0.0175371
2.10170304464 3.53291 0.0167001
2.10797273337 3.55491 0.017297
2.11425579676 3.58272 0.0160439
2.12053788985 3.60429 0.0165247
2.12682075079 3.63361 0.0181863
2.13310670204 3.65584 0.015158
2.13940011923 3.68093 0.0165718
2.14568939859 3.70902 0.0181069
2.15195789682 3.72875 0.0169404
2.15824033347 3.756 0.0160257
2.16453048092 3.77548 0.0178908
2.17081716829 3.80324 0.0194381
2.17709912993 3.82576 0.0182414
2.18337674027 3.84415 0.0162289
2.18965452646 3.87176 0.0188279
2.19593814184 3.88705 0.0197876
2.20221722867 3.91782 0.0167186
2.20849850085 3.93012 0.018118
2.21479372465 3.95847 0.0202276
2.22107581834 3.97395 0.0176632
2.22733812199 3.98925 0.0189026
2.23362792264 4.01603 0.0183264
2.2399287897 4.02705 0.0206085
2.24620084223 4.04845 0.0213774
2.2524810722 4.05753 0.0206144
2.25875993301 4.0716 0.0210644
2.26503776668 4.08532 0.0222702
2.27130391144 4.0914 0.0215197
2.27758972822 4.09829 0.0192077
2.28389830542 4.10948 0.0230528
2.29017001225 4.12663 0.0238693
2.29645357402 4.14024 0.0198166
2.30275372852 4.15283 0.0237589
2.30903325986 4.16645 0.0233436
2.31530674049 4.18667 0.0235182
2.32158490306 4.20354 0.0251115
2.3278758488 4.21288 0.0236312
2.33415543799 4.23672 0.0220259
2.34041936871 4.25927 0.0263546
2.34670710068 4.27029 0.0249738
2.3530032916 4.28894 0.0257707
2.35928989445 4.31029 0.0269233
2.36555387699 4.33215 0.025202
2.37182578571 4.34714 0.0266602
2.3781409032 4.36629 0.0259175
2.38442809259 4.39069 0.0277806
2.39069258243 4.40906 0.0283126
2.39698813839 4.42894 0.0270342
2.40330354843 4.45217 0.0281581
2.40957307365 4.4727 0.0275972
2.41583080138 4.49274 0.0292394
2.42214385676 4.51138 0.0291394
2.42843005755 4.53622 0.0301641
2.43467776878 4.56294 0.0322821
2.44097021258 4.57817 0.0291247
2.44729898127 4.60345 0.0335253
2.45356911846 4.62582 0.0346174
2.45980003814 4.64844 0.036306
2.4661092349 4.66978 0.0366611
2.47241430729 4.69502 0.0354914
2.47866355169 4.71614 0.0333774
2.48493431628 4.73626 0.033564
2.49124283111 4.76176 0.0342117
2.49755537626 4.79307 0.0365696
2.50380379021 4.80983 0.0384884
2.51005045336 4.83678 0.0397739
2.51638815336 4.85841 0.0381564
2.52269694929 4.88442 0.0438561
2.52891211798 4.90606 0.0390192
2.53519495098 4.92858 0.0419695
2.54155301509 4.95318 0.0461866
2.54783359884 4.97856 0.0476373
2.55402772623 5.01028 0.0460939
2.56033571996 5.02486 0.0422617
2.56672381747 5.04818 0.04854
2.57294751341 5.07443 0.046483
2.57911252531 5.09353 0.0495034
2.58547549612 5.12216 0.0483909
2.59185019505 5.14828 0.0548797
2.59805932148 5.1673 0.0523437
2.60429715989 5.19392 0.0537468
2.61067449751 5.21869 0.0555992
2.61693283418 5.24859 0.0587826
2.62300854502 5.26861 0.0629538
2.62939753095 5.27843 0.0571883
2.63591057571 5.31293 0.0664795
2.64202978624 5.33393 0.066279
2.64803951219 5.35795 0.0733645
2.65454096229 5.3734 0.0643195
2.66118028258 5.39915 0.0687179
2.66719514746 5.42636 0.0822693
2.67309090101 5.4381 0.0818
2.67973176445 5.46393 0.0901983
2.68646693102 5.50273 0.0984216
2.69219835647 5.50247 0.106148
2.69796467721 5.51636 0.0999487
2.70489193937 5.54617 0.1034
2.71182026315 5.59042 0.121022
2.71709790339 5.56504 0.154411
2.7227864466 5.62849 0.125884
2.72994784687 5.63203 0.14401
2.73706528781 5.64586 0.184443
2.74248820391 5.66676 0.257372
2.74787331837 5.70208 0.220126
2.75504313834 5.7282 0.287734
2.76219934437 5.7932 0.366748
2.76789278819 5.65835 0.572837
2.77283198247 5.75716 0.731052
2.77965581172 5.81918 1.22298
2.78599582346 nan nan
