0.0088996412247 9.67958 0.364839
0.0150791221651 7.67329 0.199733
0.0214479018646 6.312 0.133424
0.0278366077649 5.39774 0.104959
0.034350997858 4.75091 0.0954819
0.0404788676143 4.27044 0.0764088
0.0467671668358 3.90539 0.0637553
0.0530822510177 3.59973 0.0615413
0.0594536244094 3.34976 0.0500062
0.0657622481459 3.15054 0.0443119
0.071966329067 2.98759 0.0430159
0.0782786091569 2.85414 0.0419539
0.0847039894583 2.74197 0.031505
0.0909685462053 2.66066 0.038218
0.0972078977683 2.59224 0.0338251
0.103476303896 2.52143 0.029779
0.109757644425 2.458 0.0287398
0.116054308478 2.38821 0.0246194
0.122366966654 2.32663 0.0257588
0.128681726309 2.27344 0.0250993
0.134950080166 2.23281 0.0249269
0.141194955884 2.20139 0.0236154
0.147513357575 2.17722 0.0222812
0.153786507425 2.15915 0.0207524
0.160065754405 2.1339 0.0236217
0.166399116869 2.10994 0.0198276
0.172719564578 2.08498 0.019187
0.178976521338 2.05905 0.0193031
0.185235369065 2.03999 0.0223574
0.191480678734 2.01929 0.0199901
0.197788986865 2.0029 0.019121
0.204093773545 1.98849 0.0165904
0.210393930261 1.97809 0.0214335
0.216690970982 1.96437 0.0195794
0.222970028122 1.95059 0.0186304
0.229262002709 1.94042 0.0168423
0.235514150837 1.92253 0.0183173
0.241791058382 1.91297 0.0175594
0.248085653944 1.90223 0.0189861
0.254349225687 1.88846 0.0184552
0.260633425188 1.8773 0.0175762
0.26692573709 1.86513 0.0163859
0.273242334314 1.85541 0.016997
0.279552968008 1.84807 0.0160675
0.285836629231 1.83665 0.0157102
0.292087627139 1.82828 0.0156519
0.298344984444 1.81546 0.0174855
0.304638263941 1.80272 0.0155854
0.3109279127 1.79238 0.0161247
0.317216817162 1.7808 0.0147195
0.323518756794 1.77124 0.0163913
0.329816821755 1.76192 0.0162739
0.336117642946 1.75075 0.0158159
0.342370037571 1.74177 0.0171694
0.348647819267 1.72553 0.0163824
0.354941161441 1.71781 0.0151756
0.361191693542 1.70797 0.0147986
0.367476708956 1.698 0.014806
0.373764779528 1.68605 0.0164212
0.380065403148 1.67568 0.0174553
0.386353986126 1.66603 0.0164565
0.392614018136 1.65342 0.0162819
0.398926450032 1.64732 0.014974
0.405207324458 1.63709 0.0133193
0.411491647757 1.6217 0.0145526
0.417781427212 1.61108 0.0158978
0.424040064873 1.59988 0.0152064
0.430342569027 1.59073 0.0168403
0.436635856026 1.57964 0.0162538
0.442899618322 1.56921 0.0152315
0.449163441853 1.55736 0.0171569
0.455441414625 1.54632 0.0154304
0.46176344703 1.53844 0.0147229
0.468064424202 1.52486 0.0152652
0.474348524276 1.51622 0.0137306
0.480635613682 1.50583 0.0161826
0.486901925839 1.49618 0.0147767
0.49316970996 1.48638 0.0162106
0.499450674714 1.47441 0.0151879
0.505715905134 1.46297 0.0152953
0.511992399627 1.4562 0.016652
0.518312609777 1.44272 0.0147441
0.524608963803 1.42955 0.0154713
0.530875730848 1.42411 0.0145855
0.537157352795 1.41433 0.0137315
0.543457956378 1.40216 0.0154247
0.549743065239 1.39133 0.0146488
0.55599374275 1.38215 0.0162833
0.562285467661 1.37163 0.0150275
0.568601153723 1.36172 0.0146696
0.574880458942 1.34865 0.0154249
0.581155021034 1.3408 0.0157705
0.587439449666 1.32935 0.015379
0.59371762203 1.32054 0.0168455
0.599997195479 1.3106 0.0153416
0.606267911512 1.29711 0.0158738
0.612546957644 1.29088 0.0164633
0.618847773304 1.27923 0.0154162
0.625131056744 1.26836 0.0145071
0.631402745038 1.25957 0.0173369
0.637700356273 1.24829 0.0167922
0.643985778331 1.24097 0.0155526
0.650268541717 1.23125 0.0167604
0.65655861177 1.22075 0.0176126
0.662836928236 1.21218 0.0180922
0.669118544496 1.2009 0.0167904
0.675407019858 1.19363 0.017955
0.681683551459 1.18279 0.0180606
0.687959253386 1.17296 0.0178883
0.694234431704 1.16511 0.0156284
0.700517540243 1.15761 0.0170777
0.706812495661 1.14601 0.0148298
0.713101900967 1.13378 0.0186057
0.719391825117 1.12561 0.0193317
0.72568338076 1.11578 0.0175741
0.731965268271 1.10685 0.0166203
0.738250799048 1.10128 0.0171819
0.744526584212 1.08862 0.0168128
0.750787110194 1.08348 0.01827
0.757075846532 1.07118 0.0190355
0.76336412336 1.06479 0.0192933
0.769646295986 1.05603 0.0178169
0.775939486518 1.04916 0.0168265
0.782232914199 1.0424 0.0167616
0.788531493652 1.03031 0.0183484
0.794789656698 1.02 0.016909
0.801049109659 1.014 0.0195649
0.807336406173 1.00725 0.017024
0.813622948837 0.999753 0.0170147
0.819915299896 0.99097 0.022295
0.826195263639 0.984626 0.0190153
0.832489707008 0.977271 0.0193412
0.838795930921 0.966768 0.0180189
0.84506346397 0.961017 0.0207102
0.851328286756 0.951662 0.0197852
0.85761982639 0.945106 0.0190736
0.863905847706 0.937979 0.0193047
0.870183874549 0.932889 0.0206242
0.876464109608 0.922986 0.0214494
0.88275038734 0.919422 0.0201584
0.889033276839 0.913436 0.0186179
0.895308424711 0.907852 0.0179222
0.901595652167 0.897139 0.0211916
0.907883332809 0.894266 0.0197045
0.914174410632 0.88827 0.0204854
0.920463081772 0.882096 0.0209515
0.926743441526 0.87757 0.0190124
0.933032419735 0.872809 0.0170741
0.939326578557 0.865515 0.0214355
0.94559748104 0.861819 0.0201916
0.951866001855 0.857628 0.0254597
0.958141325553 0.850187 0.0198342
0.964435094511 0.850313 0.0201421
0.970735563357 0.844249 0.023219
0.977008076845 0.841426 0.0211338
0.983282332536 0.838706 0.0230342
0.989556969197 0.837366 0.0224687
0.995845630192 0.834033 0.0201489
1.00213621074 0.829239 0.0224659
1.00840482534 0.830998 0.022838
1.01469414984 0.824004 0.0228158
1.02099255544 0.825493 0.0196457
1.02727398044 0.827057 0.0232349
1.0335591819 0.828194 0.021042
1.03984755739 0.827496 0.0220624
1.04612697494 0.827739 0.0216777
1.05240343681 0.824142 0.0244116
1.05868070465 0.828547 0.0235909
1.06496433307 0.823974 0.0227986
1.07125677744 0.828065 0.0230748
1.0775440488 0.830272 0.0237383
1.08382482019 0.833271 0.0201188
1.09010802394 0.835745 0.0211152
1.09638966596 0.839132 0.0228873
1.10268113206 0.843178 0.0233241
1.10896304759 0.848734 0.0230292
1.11522542846 0.85195 0.0238068
1.12150212761 0.855849 0.0232575
1.12779257382 0.861812 0.0234604
1.13408955267 0.869139 0.0204563
1.14036404965 0.875644 0.0205968
1.14663918032 0.879977 0.0218973
1.15294241299 0.888839 0.0209758
1.15922890675 0.894851 0.0224645
1.16550872189 0.905176 0.0188495
1.17179307626 0.913032 0.0207743
1.17808743637 0.925471 0.0213933
1.18436765425 0.929767 0.0211116
1.1906346423 0.94084 0.0215479
1.19691220883 0.953606 0.0199152
1.20320157735 0.961271 0.0224463
1.20948684444 0.973336 0.0197773
1.21576390207 0.985059 0.019697
1.22204975517 0.995552 0.0180116
1.22834061662 1.00805 0.0189243
1.23463298658 1.02053 0.0203673
1.24090224718 1.03452 0.017547
1.24717483914 1.04669 0.0186845
1.25346545993 1.06496 0.0178973
1.25974995189 1.07759 0.0169976
1.26603214313 1.09409 0.0180264
1.27231628847 1.10692 0.017914
1.27860415506 1.12391 0.0175611
1.28488658893 1.14143 0.0171671
1.29117542007 1.15453 0.0155624
1.29746572637 1.17381 0.0162248
1.30374182701 1.18951 0.017334
1.31001732292 1.20726 0.0164327
1.31630144766 1.22382 0.018937
1.32258676036 1.24446 0.0147277
1.32886549245 1.26503 0.0159373
1.33514480495 1.28458 0.016523
1.34144051627 1.30201 0.0153776
1.34773086842 1.32554 0.0157237
1.35400158999 1.34525 0.0149433
1.3602826093 1.36672 0.014869
1.36656568646 1.38503 0.0160016
1.37285149848 1.40824 0.0160567
1.37913537293 1.4311 0.0135012
1.38540956715 1.44992 0.0133514
1.39169864122 1.47273 0.0156188
1.39798445144 1.49761 0.0145055
1.40426788341 1.51987 0.0151003
1.41055477948 1.54386 0.0138106
1.41683783355 1.56671 0.0122623
1.42311817719 1.59136 0.0145967
1.42939780116 1.61357 0.0149399
1.43568692182 1.64132 0.014811
1.44197712177 1.6638 0.013118
1.44825366785 1.69018 0.014881
1.45453234897 1.71684 0.012653
1.46081931915 1.74153 0.0129441
1.4671103644 1.76902 0.0136667
1.47339290895 1.79459 0.0110657
1.47966996524 1.82363 0.0140208
1.4859561446 1.84921 0.0136473
1.49223361076 1.87609 0.0131289
1.49850247038 1.90513 0.0131695
1.50478575205 1.92846 0.0131407
1.51107599189 1.95892 0.012428
1.51736163499 1.98782 0.0121298
1.52364857097 2.01607 0.01181
1.52993803572 2.04466 0.011898
1.53623017691 2.07337 0.0121091
1.54251071878 2.10387 0.0119357
1.54878396308 2.13226 0.0125337
1.55507306978 2.16126 0.0133574
1.56135732493 2.19325 0.010911
1.56762912105 2.22 0.0124545
1.5739136974 2.25294 0.0121368
1.58020354523 2.27948 0.0110661
1.58648539343 2.31121 0.011254
1.59276001426 2.34072 0.0127507
1.59904643639 2.37238 0.0114151
1.60534213664 2.40339 0.0119108
1.61161976836 2.42474 0.010342
1.61789716835 2.43786 0.012444
1.62418270854 2.45156 0.0116006
1.63046407995 2.46582 0.0113326
1.63674824683 2.47978 0.0117286
1.64303013827 2.49519 0.0108943
1.64930808063 2.5086 0.0115527
1.65559224863 2.52303 0.0119625
1.66187827598 2.54007 0.0121628
1.66816823994 2.55303 0.0108565
1.6744495611 2.5688 0.0112655
1.68072138563 2.58423 0.0116748
1.68701215424 2.60049 0.0124942
1.6933074808 2.61514 0.0130534
1.69958064303 2.63075 0.0120474
1.70586179344 2.64786 0.0118643
1.71215172419 2.6656 0.0133911
1.71843538617 2.68051 0.0125101
1.72471844694 2.69705 0.0126307
1.73099491844 2.7138 0.0120526
1.73728636032 2.73103 0.0137995
1.74356630258 2.74817 0.0148601
1.74983600778 2.76517 0.0127802
1.75612327869 2.7838 0.0118415
1.76241061606 2.80199 0.0122748
1.76869357896 2.81952 0.0110821
1.77497674839 2.83911 0.0127959
1.78126362161 2.85565 0.0136606
1.78754574761 2.87576 0.0115147
1.7938272923 2.89349 0.0122089
1.80010772174 2.914 0.0114686
1.80639091391 2.93301 0.0138009
1.81267451427 2.95174 0.0119402
1.81895363524 2.97228 0.0142609
1.82523850291 2.99341 0.0136739
1.8315236862 3.01185 0.0125468
1.83781040898 3.03331 0.0124437
1.84409642612 3.0526 0.0128776
1.8503769215 3.07439 0.0141038
1.85666074594 3.09514 0.0125576
1.86294359809 3.11459 0.0136763
1.86922204917 3.1372 0.0133761
1.87550781357 3.15811 0.0135035
1.88179499507 3.18029 0.0136784
1.88807781314 3.20181 0.0143321
1.89435244502 3.22327 0.0140807
1.90063796885 3.24608 0.0137209
1.90692833723 3.26826 0.0143101
1.91320221586 3.29276 0.0133914
1.91948223445 3.31588 0.0149906
1.92577010575 3.33704 0.0149463
1.93206491035 3.36219 0.0144765
1.93834071151 3.3839 0.0136424
1.94460828613 3.40768 0.0159441
1.9508968614 3.43119 0.0147909
1.95718811973 3.45615 0.0143991
1.96347509207 3.48022 0.0138627
1.9697553281 3.50383 0.0138296
1.9760413775 3.52926 0.0162789
1.98233260336 3.55358 0.0137558
1.98861171931 3.58001 0.0156218
1.99488792869 3.60351 0.0149704
2.00117304134 3.62857 0.0147842
2.00745262249 3.6553 0.0156661
2.01372721862 3.67948 0.0156233
2.02001108039 3.70624 0.0158196
2.02630405283 3.7301 0.0178796
2.03258735828 3.75722 0.0164243
2.03886100377 3.78225 0.0165002
2.04514489951 3.80674 0.0149777
2.05143683626 3.83494 0.0160577
2.05772382203 3.86065 0.016368
2.0640044634 3.88558 0.0154241
2.07029278421 3.91078 0.0171428
2.07658471853 3.93559 0.0168442
2.08285424307 3.96578 0.0187095
2.08912259138 3.98827 0.0192661
2.09541730178 4.01655 0.0162745
2.10170304464 4.04269 0.0180329
2.10797273337 4.06771 0.018588
2.11425579676 4.09462 0.0184195
2.12053788985 4.11712 0.019137
2.12682075079 4.14709 0.0186189
2.13310670204 4.1704 0.0181431
2.13940011923 4.20051 0.0186503
2.14568939859 4.22504 0.0178203
2.15195789682 4.24649 0.0187025
2.15824033347 4.27547 0.0164741
2.16453048092 4.29847 0.0192593
2.17081716829 4.32354 0.0183668
2.17709912993 4.34719 0.0185726
2.18337674027 4.36972 0.0195602
2.18965452646 4.39619 0.016529
2.19593814184 4.4164 0.0201789
2.20221722867 4.44628 0.0201864
2.20849850085 4.46143 0.0210513
2.21479372465 4.49254 0.0202361
2.22107581834 4.51014 0.0220219
2.22733812199 4.52799 0.0212537
2.23362792264 4.55335 0.0205406
2.2399287897 4.56951 0.0199828
2.24620084223 4.59253 0.0219162
2.2524810722 4.60559 0.0208962
2.25875993301 4.62683 0.021527
2.26503776668 4.64094 0.0217584
2.27130391144 4.65813 0.0204199
2.27758972822 4.6726 0.0209752
2.28389830542 4.68904 0.0250375
2.29017001225 4.70882 0.0249642
2.29645357402 4.72775 0.0244977
2.30275372852 4.74652 0.0252707
2.30903325986 4.77151 0.0244252
2.31530674049 4.79386 0.025987
2.32158490306 4.81297 0.0244765
2.3278758488 4.83048 0.0273381
2.33415543799 4.85462 0.0280183
2.34041936871 4.87646 0.0272896
2.34670710068 4.89827 0.0270204
2.3530032916 4.91893 0.0272098
2.35928989445 4.94475 0.0253101
2.36555387699 4.97126 0.0298722
2.37182578571 4.99189 0.0278123
2.3781409032 5.01197 0.0288596
2.38442809259 5.03698 0.0292087
2.39069258243 5.06033 0.0290637
2.39698813839 5.08516 0.0293369
2.40330354843 5.10947 0.0336161
2.40957307365 5.13592 0.0272324
2.41583080138 5.15797 0.0316275
2.42214385676 5.18677 0.0331069
2.42843005755 5.21033 0.0330359
2.43467776878 5.23461 0.033376
2.44097021258 5.25864 0.0346181
2.44729898127 5.28667 0.0350124
2.45356911846 5.3079 0.0376599
2.45980003814 5.33142 0.0348589
2.4661092349 5.36267 0.0379994
2.47241430729 5.38866 0.0407198
2.47866355169 5.41274 0.0373249
2.48493431628 5.43636 0.0403327
2.49124283111 5.46469 0.0417834
2.49755537626 5.48764 0.0383519
2.50380379021 5.5155 0.0426412
2.51005045336 5.53889 0.0424136
2.51638815336 5.56747 0.0381271
2.52269694929 5.58863 0.045315
2.52891211798 5.61821 0.0412696
2.53519495098 5.64521 0.0487628
2.54155301509 5.66855 0.0493697
2.54783359884 5.69917 0.0493888
2.55402772623 5.72362 0.0506275
2.56033571996 5.74732 0.0470127
2.56672381747 5.78003 0.0504529
2.57294751341 5.79646 0.054013
2.57911252531 5.81716 0.052425
2.58547549612 5.84576 0.0547825
2.59185019505 5.86424 0.0575994
2.59805932148 5.89367 0.0606533
2.60429715989 5.91551 0.0567979
2.61067449751 5.93658 0.0562864
2.61693283418 5.97308 0.0659697
2.62300854502 5.99848 0.0648288
2.62939753095 6.00355 0.0579517
2.63591057571 6.03451 0.0655283
2.64202978624 6.05072 0.0726924
2.64803951219 6.07137 0.0751257
2.65454096229 6.10515 0.0699465
2.66118028258 6.13186 0.0805548
2.66719514746 6.1501 0.093211
2.67309090101 6.1741 0.0769552
2.67973176445 6.18906 0.0839576
2.68646693102 6.23131 0.0976481
2.69219835647 6.20817 0.107466
2.69796467721 6.23936 0.108045
2.70489193937 6.27082 0.117295
2.71182026315 6.31196 0.124367
2.71709790339 6.28289 0.170794
2.7227864466 6.31609 0.149155
2.72994784687 6.34177 0.163325
2.73706528781 6.37328 0.199257
2.74248820391 6.36167 0.274074
2.74787331837 6.37841 0.251238
2.75504313834 6.41133 0.281776
2.76219934437 6.43592 0.331879
2.76789278819 6.39478 0.661433
2.77283198247 6.38966 0.63253
2.77965581172 6.5585 1.5381
2.78599582346 nan nan
