0.0088996412247 2.94173 0.103485
0.0150791221651 2.59107 0.0696311
0.0214479018646 2.35206 0.0420046
0.0278366077649 2.18178 0.0337869
0.034350997858 2.06536 0.0264485
0.0404788676143 1.98581 0.0271804
0.0467671668358 1.9127 0.0252994
0.0530822510177 1.8564 0.0223034
0.0594536244094 1.81478 0.0224853
0.0657622481459 1.78153 0.0195691
0.071966329067 1.75684 0.0170914
0.0782786091569 1.73323 0.017164
0.0847039894583 1.70761 0.016012
0.0909685462053 1.69175 0.0184782
0.0972078977683 1.67624 0.0160057
0.103476303896 1.66354 0.0193718
0.109757644425 1.65814 0.0179251
0.116054308478 1.64297 0.0164051
0.122366966654 1.62975 0.0179923
0.128681726309 1.61754 0.015089
0.134950080166 1.61185 0.0180226
0.141194955884 1.6014 0.0162126
0.147513357575 1.59156 0.0165639
0.153786507425 1.58584 0.0160475
0.160065754405 1.57703 0.0139673
0.166399116869 1.57069 0.0167865
0.172719564578 1.5631 0.0151181
0.178976521338 1.55478 0.0170067
0.185235369065 1.55244 0.0168405
0.191480678734 1.54422 0.0154305
0.197788986865 1.53692 0.0143211
0.204093773545 1.52935 0.0164414
0.210393930261 1.52359 0.0159748
0.216690970982 1.51545 0.0168146
0.222970028122 1.50811 0.0183179
0.229262002709 1.50496 0.0149761
0.235514150837 1.4966 0.0130813
0.241791058382 1.489 0.0146147
0.248085653944 1.48527 0.0166332
0.254349225687 1.47591 0.0160848
0.260633425188 1.47005 0.0172592
0.26692573709 1.46489 0.0155396
0.273242334314 1.45496 0.0149203
0.279552968008 1.44771 0.0160031
0.285836629231 1.44287 0.0165196
0.292087627139 1.43996 0.0150173
0.298344984444 1.43372 0.0162161
0.304638263941 1.42028 0.0174701
0.3109279127 1.4183 0.0156123
0.317216817162 1.40911 0.0160564
0.323518756794 1.40029 0.0149772
0.329816821755 1.39976 0.0156982
0.336117642946 1.38998 0.0157384
0.342370037571 1.38488 0.0159108
0.348647819267 1.37327 0.016279
0.354941161441 1.36878 0.0152549
0.361191693542 1.36176 0.0148803
0.367476708956 1.3574 0.014598
0.373764779528 1.34919 0.0160517
0.380065403148 1.34362 0.0153243
0.386353986126 1.33668 0.0160306
0.392614018136 1.32805 0.0146918
0.398926450032 1.32329 0.0151116
0.405207324458 1.31813 0.015052
0.411491647757 1.30974 0.0148486
0.417781427212 1.30059 0.0159216
0.424040064873 1.29624 0.015635
0.430342569027 1.28986 0.0185847
0.436635856026 1.28242 0.0161434
0.442899618322 1.27584 0.0156405
0.449163441853 1.26938 0.0160785
0.455441414625 1.26028 0.0153041
0.46176344703 1.25535 0.0163314
0.468064424202 1.24788 0.0167445
0.474348524276 1.24381 0.0147696
0.480635613682 1.2371 0.016935
0.486901925839 1.22785 0.0164511
0.49316970996 1.22321 0.0169579
0.499450674714 1.21846 0.0178562
0.505715905134 1.2092 0.0162081
0.511992399627 1.20539 0.0152268
0.518312609777 1.19867 0.0163132
0.524608963803 1.18719 0.016966
0.530875730848 1.18577 0.0151488
0.537157352795 1.1787 0.0149232
0.543457956378 1.17054 0.0164514
0.549743065239 1.16281 0.0143893
0.55599374275 1.15691 0.0182864
0.562285467661 1.15002 0.0156825
0.568601153723 1.14348 0.0161045
0.574880458942 1.1375 0.0163505
0.581155021034 1.12957 0.0152161
0.587439449666 1.12478 0.0169261
0.59371762203 1.11665 0.0167058
0.599997195479 1.11441 0.0149947
0.606267911512 1.1021 0.0171922
0.612546957644 1.09775 0.0161812
0.618847773304 1.09394 0.0187737
0.625131056744 1.0838 0.0169696
0.631402745038 1.08011 0.0147598
0.637700356273 1.07341 0.0174199
0.643985778331 1.06722 0.0146001
0.650268541717 1.05975 0.016812
0.65655861177 1.05401 0.0161349
0.662836928236 1.05039 0.0185988
0.669118544496 1.04053 0.0164694
0.675407019858 1.03798 0.0171928
0.681683551459 1.03096 0.0196354
0.687959253386 1.02246 0.0189567
0.694234431704 1.01651 0.0188978
0.700517540243 1.01205 0.0191919
0.706812495661 1.00432 0.0162621
0.713101900967 1.00008 0.0172267
0.719391825117 0.992533 0.0191069
0.72568338076 0.985712 0.0174354
0.731965268271 0.982599 0.0206888
0.738250799048 0.980548 0.0181208
0.744526584212 0.968237 0.0178687
0.750787110194 0.967185 0.0212363
0.757075846532 0.959155 0.0191008
0.76336412336 0.953257 0.0204
0.769646295986 0.947371 0.0163799
0.775939486518 0.944355 0.0158461
0.782232914199 0.939344 0.0170472
0.788531493652 0.932001 0.0169199
0.794789656698 0.927673 0.0185758
0.801049109659 0.923249 0.0183457
0.807336406173 0.917641 0.0201066
0.813622948837 0.914092 0.016788
0.819915299896 0.909705 0.0210848
0.826195263639 0.903899 0.0180949
0.832489707008 0.901559 0.0187349
0.838795930921 0.894031 0.0218635
0.84506346397 0.891219 0.0189601
0.851328286756 0.888302 0.0198547
0.85761982639 0.878096 0.0191737
0.863905847706 0.87746 0.0208459
0.870183874549 0.8776 0.0185153
0.876464109608 0.869766 0.0182286
0.88275038734 0.868245 0.0196378
0.889033276839 0.863364 0.0181073
0.895308424711 0.855648 0.019121
0.901595652167 0.855257 0.0210905
0.907883332809 0.853587 0.0208496
0.914174410632 0.849434 0.0205452
0.920463081772 0.85087 0.0192049
0.926743441526 0.848185 0.0214833
0.933032419735 0.841557 0.0200465
0.939326578557 0.838735 0.0190734
0.94559748104 0.836746 0.0197515
0.951866001855 0.836678 0.020029
0.958141325553 0.834657 0.018488
0.964435094511 0.833656 0.0163745
0.970735563357 0.834024 0.0196805
0.977008076845 0.832733 0.0187816
0.983282332536 0.828753 0.0217522
0.989556969197 0.831901 0.0196946
0.995845630192 0.830249 0.0159099
1.00213621074 0.828418 0.0202989
1.00840482534 0.834767 0.0206757
1.01469414984 0.829171 0.0217473
1.02099255544 0.833968 0.0195776
1.02727398044 0.835714 0.0208917
1.0335591819 0.835808 0.0221365
1.03984755739 0.841593 0.0230302
1.04612697494 0.840054 0.0200641
1.05240343681 0.840416 0.0219389
1.05868070465 0.84402 0.0183434
1.06496433307 0.850861 0.0195878
1.07125677744 0.85168 0.022296
1.0775440488 0.853265 0.0183142
1.08382482019 0.855153 0.0202607
1.09010802394 0.866125 0.0189043
1.09638966596 0.869436 0.0229887
1.10268113206 0.871838 0.0202117
1.10896304759 0.877586 0.0188012
1.11522542846 0.885645 0.0191438
1.12150212761 0.892485 0.0185285
1.12779257382 0.898325 0.0189041
1.13408955267 0.905529 0.016362
1.14036404965 0.913199 0.0185888
1.14663918032 0.921035 0.0198679
1.15294241299 0.928184 0.0184265
1.15922890675 0.935195 0.0162749
1.16550872189 0.946199 0.0187252
1.17179307626 0.954694 0.0191123
1.17808743637 0.965351 0.0183662
1.18436765425 0.971534 0.0181544
1.1906346423 0.981761 0.0183925
1.19691220883 0.996121 0.0178141
1.20320157735 1.00395 0.0162358
1.20948684444 1.01569 0.0190398
1.21576390207 1.03006 0.0186809
1.22204975517 1.04093 0.0165048
1.22834061662 1.04974 0.0177904
1.23463298658 1.06508 0.0156277
1.24090224718 1.07699 0.0133875
1.24717483914 1.08968 0.0151452
1.25346545993 1.10856 0.0157452
1.25974995189 1.1208 0.0149592
1.26603214313 1.13587 0.0173286
1.27231628847 1.14774 0.0148644
1.27860415506 1.16675 0.01442
1.28488658893 1.18319 0.0165268
1.29117542007 1.19618 0.0149358
1.29746572637 1.21407 0.0146932
1.30374182701 1.23311 0.0142711
1.31001732292 1.24908 0.0149447
1.31630144766 1.26649 0.0160704
1.32258676036 1.28477 0.0133387
1.32886549245 1.30437 0.0143957
1.33514480495 1.32423 0.0127583
1.34144051627 1.34173 0.013434
1.34773086842 1.36466 0.0131435
1.35400158999 1.38157 0.0133033
1.3602826093 1.40297 0.0124201
1.36656568646 1.42207 0.0122435
1.37285149848 1.44373 0.0133784
1.37913537293 1.46527 0.0133276
1.38540956715 1.48699 0.0130305
1.39169864122 1.50871 0.0118323
1.39798445144 1.52981 0.0138725
1.40426788341 1.55328 0.0119703
1.41055477948 1.57778 0.0138382
1.41683783355 1.59948 0.0106148
1.42311817719 1.62327 0.0135695
1.42939780116 1.64775 0.0123625
1.43568692182 1.67246 0.0107634
1.44197712177 1.69505 0.0119786
1.44825366785 1.72196 0.0128229
1.45453234897 1.74739 0.0143378
1.46081931915 1.7712 0.0139074
1.4671103644 1.79773 0.0124915
1.47339290895 1.823 0.0123623
1.47966996524 1.85046 0.0117966
1.4859561446 1.87465 0.0112244
1.49223361076 1.90256 0.0115721
1.49850247038 1.92952 0.0112671
1.50478575205 1.95608 0.0116638
1.51107599189 1.98481 0.0122882
1.51736163499 2.01227 0.0118194
1.52364857097 2.04118 0.012084
1.52993803572 2.06628 0.0105919
1.53623017691 2.0963 0.0113796
1.54251071878 2.12552 0.0103297
1.54878396308 2.15432 0.0115801
1.55507306978 2.18336 0.0114384
1.56135732493 2.21276 0.0107066
1.56762912105 2.24181 0.010817
1.5739136974 2.27097 0.0103876
1.58020354523 2.29889 0.0104738
1.58648539343 2.33031 0.00985442
1.59276001426 2.35912 0.0107569
1.59904643639 2.38889 0.0103205
1.60534213664 2.42079 0.0105427
1.61161976836 2.44318 0.0100316
1.61789716835 2.45602 0.0105378
1.62418270854 2.46871 0.00994488
1.63046407995 2.48398 0.00964122
1.63674824683 2.49833 0.0105878
1.64303013827 2.51037 0.0100024
1.64930808063 2.52669 0.0103476
1.65559224863 2.53955 0.0112282
1.66187827598 2.55586 0.0110302
1.66816823994 2.56949 0.0106782
1.6744495611 2.58559 0.0108917
1.68072138563 2.59963 0.0115028
1.68701215424 2.61516 0.0118249
1.6933074808 2.62893 0.0118678
1.69958064303 2.64419 0.0126896
1.70586179344 2.66255 0.0111417
1.71215172419 2.67784 0.0116828
1.71843538617 2.69194 0.0109458
1.72471844694 2.70837 0.0114746
1.73099491844 2.72703 0.0112129
1.73728636032 2.74297 0.012312
1.74356630258 2.75805 0.0105686
1.74983600778 2.77589 0.0108862
1.75612327869 2.79413 0.0115253
1.76241061606 2.81314 0.0118296
1.76869357896 2.82861 0.0107063
1.77497674839 2.84739 0.0108922
1.78126362161 2.86442 0.0111795
1.78754574761 2.88285 0.0120668
1.7938272923 2.90098 0.012565
1.80010772174 2.92029 0.0112052
1.80639091391 2.94014 0.0125429
1.81267451427 2.95726 0.0124264
1.81895363524 2.97753 0.0118153
1.82523850291 2.99909 0.0124891
1.8315236862 3.01584 0.0108232
1.83781040898 3.03785 0.0122172
1.84409642612 3.05571 0.0102098
1.8503769215 3.07805 0.0119903
1.85666074594 3.09602 0.0122998
1.86294359809 3.11758 0.0132475
1.86922204917 3.13987 0.0124591
1.87550781357 3.15951 0.0124298
1.88179499507 3.18131 0.012413
1.88807781314 3.20347 0.012316
1.89435244502 3.2229 0.0126399
1.90063796885 3.24653 0.0131052
1.90692833723 3.2674 0.0133812
1.91320221586 3.29094 0.0130901
1.91948223445 3.31387 0.0133224
1.92577010575 3.33489 0.0125767
1.93206491035 3.35915 0.01347
1.93834071151 3.38113 0.0114448
1.94460828613 3.40458 0.011558
1.9508968614 3.42706 0.0124217
1.95718811973 3.45133 0.0130434
1.96347509207 3.47469 0.0127707
1.9697553281 3.4966 0.0133408
1.9760413775 3.52275 0.0149024
1.98233260336 3.54634 0.0133448
1.98861171931 3.57469 0.0140499
1.99488792869 3.59537 0.0134453
2.00117304134 3.62058 0.0147519
2.00745262249 3.64638 0.0131289
2.01372721862 3.67056 0.0142321
2.02001108039 3.69559 0.0132615
2.02630405283 3.71992 0.016318
2.03258735828 3.74705 0.0148769
2.03886100377 3.77053 0.0145935
2.04514489951 3.79556 0.0150873
2.05143683626 3.82267 0.01477
2.05772382203 3.84797 0.0136063
2.0640044634 3.87397 0.0145275
2.07029278421 3.89896 0.0153827
2.07658471853 3.92218 0.015186
2.08285424307 3.95206 0.0175076
2.08912259138 3.97412 0.0166253
2.09541730178 4.00106 0.0158358
2.10170304464 4.02683 0.017521
2.10797273337 4.05271 0.0144128
2.11425579676 4.07881 0.0141425
2.12053788985 4.10129 0.016397
2.12682075079 4.13118 0.0178084
2.13310670204 4.15341 0.0162397
2.13940011923 4.1804 0.0175755
2.14568939859 4.20586 0.0170972
2.15195789682 4.23016 0.0174671
2.15824033347 4.25719 0.0162928
2.16453048092 4.27818 0.0169135
2.17081716829 4.30381 0.0177652
2.17709912993 4.32773 0.0157664
2.18337674027 4.34868 0.0186403
2.18965452646 4.37647 0.0168592
2.19593814184 4.395 0.0182447
2.20221722867 4.42386 0.0172502
2.20849850085 4.43986 0.0187805
2.21479372465 4.46721 0.0187076
2.22107581834 4.48689 0.0188468
2.22733812199 4.50736 0.0165677
2.23362792264 4.52985 0.019598
2.2399287897 4.54666 0.0188123
2.24620084223 4.57037 0.0199521
2.2524810722 4.58415 0.0190114
2.25875993301 4.6025 0.0192446
2.26503776668 4.61775 0.0190079
2.27130391144 4.63445 0.0199879
2.27758972822 4.64555 0.0214986
2.28389830542 4.66384 0.0209613
2.29017001225 4.68343 0.0240589
2.29645357402 4.70115 0.0243953
2.30275372852 4.72007 0.0237363
2.30903325986 4.73927 0.0223851
2.31530674049 4.76395 0.0233283
2.32158490306 4.78367 0.0224296
2.3278758488 4.80056 0.0253363
2.33415543799 4.82297 0.0261661
2.34041936871 4.84523 0.0282188
2.34670710068 4.86476 0.0244617
2.3530032916 4.88889 0.0235243
2.35928989445 4.91341 0.025497
2.36555387699 4.93673 0.0301872
2.37182578571 4.95943 0.0278016
2.3781409032 4.9814 0.0247206
2.38442809259 5.00365 0.0284919
2.39069258243 5.02633 0.0308514
2.39698813839 5.04963 0.0269517
2.40330354843 5.07828 0.0326367
2.40957307365 5.10431 0.0272339
2.41583080138 5.12178 0.030386
2.42214385676 5.14884 0.0280456
2.42843005755 5.17204 0.0313344
2.43467776878 5.19936 0.0272294
2.44097021258 5.21857 0.0356112
2.44729898127 5.24911 0.030933
2.45356911846 5.27311 0.0312123
2.45980003814 5.29381 0.0342373
2.4661092349 5.32097 0.034587
2.47241430729 5.34958 0.0335673
2.47866355169 5.37405 0.0348793
2.48493431628 5.39358 0.0338565
2.49124283111 5.42733 0.0333029
2.49755537626 5.44862 0.0335678
2.50380379021 5.47267 0.0459125
2.51005045336 5.50061 0.0383634
2.51638815336 5.52681 0.0351426
2.52269694929 5.54899 0.0424797
2.52891211798 5.57383 0.041709
2.53519495098 5.60137 0.0396268
2.54155301509 5.62744 0.0464947
2.54783359884 5.65188 0.0428663
2.55402772623 5.6824 0.0395232
2.56033571996 5.70416 0.0453817
2.56672381747 5.72907 0.0528162
2.57294751341 5.74548 0.04335
2.57911252531 5.77026 0.0470028
2.58547549612 5.80302 0.0594522
2.59185019505 5.82372 0.0463853
2.59805932148 5.8448 0.0610992
2.60429715989 5.87179 0.0575717
2.61067449751 5.89918 0.0582644
2.61693283418 5.92298 0.0578062
2.62300854502 5.94869 0.0600638
2.62939753095 5.96092 0.0562551
2.63591057571 5.98781 0.0684371
2.64202978624 6.00695 0.0697817
2.64803951219 6.02111 0.0693604
2.65454096229 6.05025 0.0733047
2.66118028258 6.08376 0.0731818
2.66719514746 6.10068 0.0714173
2.67309090101 6.11449 0.0775941
2.67973176445 6.13355 0.0836177
2.68646693102 6.17882 0.0857056
2.69219835647 6.1728 0.105463
2.69796467721 6.18522 0.100428
2.70489193937 6.2287 0.103422
2.71182026315 6.26379 0.112169
2.71709790339 6.26474 0.150384
2.7227864466 6.27243 0.125596
2.72994784687 6.28522 0.15748
2.73706528781 6.31456 0.167174
2.74248820391 6.30445 0.253596
2.74787331837 6.33877 0.248579
2.75504313834 6.36413 0.236306
2.76219934437 6.36636 0.34427
2.76789278819 6.34021 0.58422
2.77283198247 6.47056 0.558917
2.77965581172 6.49472 1.45135
2.78599582346 nan nan
