0.0088996412247 7.79343 0.247574
0.0150791221651 6.27549 0.131932
0.0214479018646 5.2456 0.0930587
0.0278366077649 4.55589 0.0703399
0.034350997858 4.06196 0.0632267
0.0404788676143 3.70382 0.0532993
0.0467671668358 3.428 0.0462509
0.0530822510177 3.20245 0.0444951
0.0594536244094 3.02048 0.0377469
0.0657622481459 2.87698 0.0317501
0.071966329067 2.76047 0.032902
0.0782786091569 2.66729 0.0338905
0.0847039894583 2.58588 0.0249681
0.0909685462053 2.5301 0.0315389
0.0972078977683 2.48238 0.0280066
0.103476303896 2.43399 0.0260537
0.109757644425 2.39096 0.0234033
0.116054308478 2.34532 0.0226448
0.122366966654 2.30339 0.0237374
0.128681726309 2.2625 0.020931
0.134950080166 2.23495 0.0228356
0.141194955884 2.21327 0.021444
0.147513357575 2.19779 0.0210095
0.153786507425 2.1832 0.0202496
0.160065754405 2.16681 0.0204581
0.166399116869 2.14948 0.0200246
0.172719564578 2.12876 0.0180422
0.178976521338 2.11005 0.0189015
0.185235369065 2.09319 0.0212774
0.191480678734 2.07666 0.02022
0.197788986865 2.06184 0.0176702
0.204093773545 2.04845 0.0195156
0.210393930261 2.03845 0.0191921
0.216690970982 2.02302 0.0179078
0.222970028122 2.01041 0.0183035
0.229262002709 2.00112 0.0160731
0.235514150837 1.98257 0.0168268
0.241791058382 1.9726 0.0166874
0.248085653944 1.96079 0.0185689
0.254349225687 1.9434 0.0184354
0.260633425188 1.93394 0.0179725
0.26692573709 1.91888 0.014345
0.273242334314 1.90563 0.0159205
0.279552968008 1.89763 0.0161798
0.285836629231 1.88437 0.0153764
0.292087627139 1.87375 0.0150678
0.298344984444 1.86219 0.0149653
0.304638263941 1.84494 0.0152606
0.3109279127 1.83358 0.0155788
0.317216817162 1.82148 0.0166796
0.323518756794 1.81052 0.0160479
0.329816821755 1.80084 0.0149353
0.336117642946 1.78605 0.0152785
0.342370037571 1.77492 0.0147282
0.348647819267 1.75824 0.0156057
0.354941161441 1.75007 0.0150756
0.361191693542 1.7381 0.0148982
0.367476708956 1.72549 0.0161369
0.373764779528 1.71383 0.0154293
0.380065403148 1.70167 0.0167412
0.386353986126 1.69111 0.0151973
0.392614018136 1.67635 0.0159981
0.398926450032 1.67141 0.0142816
0.405207324458 1.65536 0.0128484
0.411491647757 1.64491 0.015086
0.417781427212 1.6329 0.0150354
0.424040064873 1.62218 0.013803
0.430342569027 1.61163 0.01686
0.436635856026 1.59992 0.0165579
0.442899618322 1.58941 0.013791
0.449163441853 1.57703 0.0170926
0.455441414625 1.5651 0.0166053
0.46176344703 1.55483 0.0122513
0.468064424202 1.54291 0.0144669
0.474348524276 1.53278 0.0126046
0.480635613682 1.52242 0.0144242
0.486901925839 1.51194 0.0132873
0.49316970996 1.49999 0.0158953
0.499450674714 1.48981 0.0152026
0.505715905134 1.47855 0.0145495
0.511992399627 1.47101 0.0162936
0.518312609777 1.45654 0.014971
0.524608963803 1.44589 0.0153531
0.530875730848 1.43749 0.01601
0.537157352795 1.42863 0.0148727
0.543457956378 1.41631 0.0140885
0.549743065239 1.40569 0.0144271
0.55599374275 1.39438 0.0149372
0.562285467661 1.38507 0.014941
0.568601153723 1.37456 0.0127528
0.574880458942 1.36061 0.014991
0.581155021034 1.35479 0.0164429
0.587439449666 1.34264 0.0141427
0.59371762203 1.3316 0.0150934
0.599997195479 1.32188 0.0148593
0.606267911512 1.31086 0.0147248
0.612546957644 1.30204 0.0152153
0.618847773304 1.29213 0.0153405
0.625131056744 1.27973 0.016294
0.631402745038 1.27123 0.0160568
0.637700356273 1.26149 0.0163489
0.643985778331 1.25125 0.015685
0.650268541717 1.24352 0.0164821
0.65655861177 1.23188 0.0178933
0.662836928236 1.22253 0.0166129
0.669118544496 1.21491 0.0168638
0.675407019858 1.20457 0.0154814
0.681683551459 1.19446 0.0163695
0.687959253386 1.18418 0.0175078
0.694234431704 1.17616 0.0173755
0.700517540243 1.16883 0.0180568
0.706812495661 1.15847 0.0160077
0.713101900967 1.14712 0.0168771
0.719391825117 1.13763 0.0199731
0.72568338076 1.12721 0.0182043
0.731965268271 1.11834 0.0181044
0.738250799048 1.11219 0.0172573
0.744526584212 1.10067 0.0188013
0.750787110194 1.0939 0.0173305
0.757075846532 1.08402 0.017585
0.76336412336 1.07803 0.0187506
0.769646295986 1.06802 0.0175252
0.775939486518 1.06031 0.0172643
0.782232914199 1.0537 0.0182444
0.788531493652 1.04223 0.0154418
0.794789656698 1.03335 0.0171625
0.801049109659 1.02877 0.0194536
0.807336406173 1.0214 0.0163968
0.813622948837 1.01103 0.0176134
0.819915299896 1.00213 0.0215003
0.826195263639 0.995784 0.0173816
0.832489707008 0.987855 0.0194295
0.838795930921 0.979871 0.0178531
0.84506346397 0.973451 0.0204158
0.851328286756 0.965286 0.0168422
0.85761982639 0.958745 0.0181624
0.863905847706 0.950228 0.0176242
0.870183874549 0.946154 0.0218882
0.876464109608 0.937175 0.0206683
0.88275038734 0.931126 0.0200631
0.889033276839 0.924123 0.0178461
0.895308424711 0.918347 0.0172969
0.901595652167 0.910918 0.0183063
0.907883332809 0.904193 0.0205609
0.914174410632 0.900374 0.0201481
0.920463081772 0.891771 0.0196571
0.926743441526 0.889948 0.0190361
0.933032419735 0.884374 0.0193452
0.939326578557 0.877974 0.0188991
0.94559748104 0.872043 0.02025
0.951866001855 0.869193 0.0248061
0.958141325553 0.861973 0.0208274
0.964435094511 0.862812 0.0207064
0.970735563357 0.856668 0.0218945
0.977008076845 0.851338 0.0212092
0.983282332536 0.851756 0.0198742
0.989556969197 0.846026 0.0209296
0.995845630192 0.845995 0.019473
1.00213621074 0.84247 0.0194891
1.00840482534 0.840248 0.0196699
1.01469414984 0.836876 0.0208379
1.02099255544 0.838617 0.0202036
1.02727398044 0.83723 0.0228088
1.0335591819 0.840852 0.0213921
1.03984755739 0.840617 0.0212876
1.04612697494 0.838328 0.0191156
1.05240343681 0.835392 0.0226285
1.05868070465 0.83789 0.0223965
1.06496433307 0.837115 0.0216573
1.07125677744 0.840004 0.0223069
1.0775440488 0.841773 0.0218199
1.08382482019 0.844443 0.0211189
1.09010802394 0.847547 0.0196992
1.09638966596 0.849103 0.0229871
1.10268113206 0.855959 0.0220531
1.10896304759 0.858977 0.0207117
1.11522542846 0.861394 0.0223739
1.12150212761 0.867567 0.020647
1.12779257382 0.873569 0.0216542
1.13408955267 0.879653 0.0202758
1.14036404965 0.885392 0.0196348
1.14663918032 0.891296 0.0192039
1.15294241299 0.897949 0.0184598
1.15922890675 0.905473 0.0214819
1.16550872189 0.915367 0.0183008
1.17179307626 0.919886 0.021431
1.17808743637 0.932957 0.0196281
1.18436765425 0.937113 0.0209866
1.1906346423 0.94575 0.0194825
1.19691220883 0.962085 0.0176966
1.20320157735 0.969012 0.0210478
1.20948684444 0.981383 0.0195367
1.21576390207 0.992896 0.0185623
1.22204975517 1.00137 0.0191919
1.22834061662 1.01511 0.0182522
1.23463298658 1.02776 0.019233
1.24090224718 1.03983 0.0178878
1.24717483914 1.05414 0.0177185
1.25346545993 1.07062 0.018169
1.25974995189 1.08306 0.0162346
1.26603214313 1.09867 0.0170469
1.27231628847 1.11244 0.0181634
1.27860415506 1.13092 0.0186079
1.28488658893 1.14683 0.0164934
1.29117542007 1.16041 0.0145759
1.29746572637 1.17932 0.016351
1.30374182701 1.19538 0.0160527
1.31001732292 1.21214 0.0161339
1.31630144766 1.22844 0.0171941
1.32258676036 1.24872 0.0141615
1.32886549245 1.26886 0.0158553
1.33514480495 1.29071 0.0151455
1.34144051627 1.30846 0.0146739
1.34773086842 1.32886 0.0155739
1.35400158999 1.35062 0.0143867
1.3602826093 1.37142 0.0136816
1.36656568646 1.38895 0.015643
1.37285149848 1.41331 0.0142162
1.37913537293 1.43681 0.0138891
1.38540956715 1.45479 0.0140967
1.39169864122 1.47626 0.0134047
1.39798445144 1.50181 0.0137152
1.40426788341 1.52317 0.0135166
1.41055477948 1.54735 0.0140225
1.41683783355 1.57099 0.0130075
1.42311817719 1.59529 0.0142998
1.42939780116 1.61751 0.0139471
1.43568692182 1.64543 0.0139862
1.44197712177 1.66761 0.0118142
1.44825366785 1.69407 0.0138746
1.45453234897 1.71979 0.0124183
1.46081931915 1.74524 0.0121712
1.4671103644 1.77182 0.0132781
1.47339290895 1.798 0.0113314
1.47966996524 1.82624 0.0120101
1.4859561446 1.85131 0.0127992
1.49223361076 1.87857 0.01217
1.49850247038 1.9073 0.0120834
1.50478575205 1.93015 0.012817
1.51107599189 1.96105 0.0126085
1.51736163499 1.99114 0.0119055
1.52364857097 2.01891 0.0117631
1.52993803572 2.0478 0.0129277
1.53623017691 2.07622 0.0119537
1.54251071878 2.1058 0.012004
1.54878396308 2.13433 0.0111647
1.55507306978 2.16413 0.0123845
1.56135732493 2.19579 0.0107411
1.56762912105 2.2231 0.0118653
1.5739136974 2.25447 0.0106023
1.58020354523 2.2824 0.0111445
1.58648539343 2.31357 0.0115878
1.59276001426 2.34297 0.0121816
1.59904643639 2.37322 0.0114938
1.60534213664 2.4057 0.0120226
1.61161976836 2.42759 0.0102223
1.61789716835 2.44016 0.0127704
1.62418270854 2.45361 0.00976163
1.63046407995 2.46892 0.0106092
1.63674824683 2.48219 0.0111775
1.64303013827 2.49752 0.0114233
1.64930808063 2.51148 0.0112793
1.65559224863 2.52687 0.0125578
1.66187827598 2.54211 0.0117764
1.66816823994 2.55517 0.0100078
1.6744495611 2.57156 0.0107292
1.68072138563 2.58633 0.0119018
1.68701215424 2.6029 0.0116703
1.6933074808 2.61834 0.0127487
1.69958064303 2.63345 0.0123039
1.70586179344 2.64986 0.0113317
1.71215172419 2.6677 0.0122935
1.71843538617 2.6838 0.0133165
1.72471844694 2.69972 0.0123293
1.73099491844 2.71638 0.0113144
1.73728636032 2.73333 0.012062
1.74356630258 2.75075 0.0131982
1.74983600778 2.76821 0.0130535
1.75612327869 2.78686 0.011257
1.76241061606 2.8041 0.0128057
1.76869357896 2.82245 0.011035
1.77497674839 2.84066 0.0125705
1.78126362161 2.85903 0.0124318
1.78754574761 2.87769 0.0120744
1.7938272923 2.89641 0.0119169
1.80010772174 2.91682 0.0115194
1.80639091391 2.93635 0.0136972
1.81267451427 2.95396 0.0124603
1.81895363524 2.97578 0.0134072
1.82523850291 2.99677 0.0144206
1.8315236862 3.01429 0.0121934
1.83781040898 3.03604 0.0128063
1.84409642612 3.05641 0.0131526
1.8503769215 3.07755 0.0140834
1.85666074594 3.09759 0.0121623
1.86294359809 3.11794 0.0145005
1.86922204917 3.13987 0.0131238
1.87550781357 3.16063 0.0143039
1.88179499507 3.18288 0.0136276
1.88807781314 3.2054 0.0129619
1.89435244502 3.22587 0.0153507
1.90063796885 3.24806 0.0143548
1.90692833723 3.27122 0.0142424
1.91320221586 3.29393 0.013778
1.91948223445 3.31929 0.0153458
1.92577010575 3.33955 0.0149413
1.93206491035 3.36491 0.0139016
1.93834071151 3.38625 0.0134437
1.94460828613 3.41068 0.0140176
1.9508968614 3.4342 0.0148639
1.95718811973 3.45948 0.0148315
1.96347509207 3.48345 0.0142047
1.9697553281 3.50625 0.0141057
1.9760413775 3.53165 0.0161154
1.98233260336 3.55746 0.0135921
1.98861171931 3.58407 0.0144775
1.99488792869 3.60674 0.0142469
2.00117304134 3.63089 0.0148728
2.00745262249 3.65739 0.0164771
2.01372721862 3.68192 0.0148215
2.02001108039 3.70959 0.0158303
2.02630405283 3.73328 0.0168656
2.03258735828 3.75992 0.0159513
2.03886100377 3.78532 0.0156226
2.04514489951 3.81021 0.0154737
2.05143683626 3.83824 0.0159594
2.05772382203 3.86324 0.0159327
2.0640044634 3.8888 0.0172801
2.07029278421 3.91408 0.0175267
2.07658471853 3.93893 0.0174719
2.08285424307 3.96836 0.0191207
2.08912259138 3.99163 0.0190895
2.09541730178 4.01867 0.0181989
2.10170304464 4.04599 0.0175869
2.10797273337 4.07079 0.0179087
2.11425579676 4.09814 0.0177025
2.12053788985 4.1207 0.0181197
2.12682075079 4.15141 0.0175427
2.13310670204 4.17305 0.0186314
2.13940011923 4.20169 0.0186861
2.14568939859 4.22938 0.0177316
2.15195789682 4.25014 0.0181632
2.15824033347 4.2788 0.0179581
2.16453048092 4.30182 0.0193153
2.17081716829 4.32715 0.0183333
2.17709912993 4.35171 0.0195585
2.18337674027 4.37465 0.0191589
2.18965452646 4.40103 0.017672
2.19593814184 4.41826 0.0204624
2.20221722867 4.44919 0.0191853
2.20849850085 4.46507 0.0212303
2.21479372465 4.49522 0.0199268
2.22107581834 4.51273 0.0203404
2.22733812199 4.53116 0.0197672
2.23362792264 4.55659 0.0206659
2.2399287897 4.57296 0.0213548
2.24620084223 4.59711 0.0219035
2.2524810722 4.61031 0.0218503
2.25875993301 4.6303 0.0216654
2.26503776668 4.64465 0.0218351
2.27130391144 4.66234 0.0215176
2.27758972822 4.67641 0.0216261
2.28389830542 4.69367 0.0254271
2.29017001225 4.71125 0.0262975
2.29645357402 4.73083 0.0243394
2.30275372852 4.75003 0.0245481
2.30903325986 4.77559 0.0260893
2.31530674049 4.79443 0.0264095
2.32158490306 4.81769 0.0255832
2.3278758488 4.83592 0.0264056
2.33415543799 4.85755 0.0267275
2.34041936871 4.88141 0.0278695
2.34670710068 4.904 0.0274084
2.3530032916 4.92423 0.0266294
2.35928989445 4.95027 0.026445
2.36555387699 4.9739 0.0312847
2.37182578571 4.99266 0.0282371
2.3781409032 5.01552 0.0274937
2.38442809259 5.04047 0.0285026
2.39069258243 5.06445 0.028813
2.39698813839 5.09104 0.0278902
2.40330354843 5.11342 0.0331366
2.40957307365 5.1419 0.0262406
2.41583080138 5.16205 0.0300345
2.42214385676 5.18962 0.033088
2.42843005755 5.2163 0.0294571
2.43467776878 5.2397 0.0339275
2.44097021258 5.26227 0.0340889
2.44729898127 5.2917 0.0347668
2.45356911846 5.31549 0.0400093
2.45980003814 5.33693 0.0349012
2.4661092349 5.36814 0.0384968
2.47241430729 5.39126 0.0381444
2.47866355169 5.41962 0.0376193
2.48493431628 5.4416 0.0354874
2.49124283111 5.4668 0.0376169
2.49755537626 5.49409 0.0392211
2.50380379021 5.52104 0.0442755
2.51005045336 5.54433 0.0431868
2.51638815336 5.57247 0.0396126
2.52269694929 5.59599 0.0437328
2.52891211798 5.62455 0.0424326
2.53519495098 5.65508 0.0478016
2.54155301509 5.67392 0.0473856
2.54783359884 5.70346 0.049165
2.55402772623 5.72703 0.049103
2.56033571996 5.75517 0.0467601
2.56672381747 5.78068 0.0488956
2.57294751341 5.80264 0.0545424
2.57911252531 5.82236 0.0515414
2.58547549612 5.84946 0.0532674
2.59185019505 5.87131 0.056417
2.59805932148 5.89951 0.06109
2.60429715989 5.91725 0.0544097
2.61067449751 5.94281 0.0581281
2.61693283418 5.97558 0.0659426
2.62300854502 5.99901 0.0635369
2.62939753095 6.01486 0.0555691
2.63591057571 6.04256 0.066867
2.64202978624 6.05723 0.0667377
2.64803951219 6.07875 0.0702561
2.65454096229 6.10457 0.077366
2.66118028258 6.14055 0.0836822
2.66719514746 6.15618 0.0847126
2.67309090101 6.17895 0.0758573
2.67973176445 6.1932 0.0721688
2.68646693102 6.23416 0.0966097
2.69219835647 6.21722 0.106012
2.69796467721 6.23621 0.0956206
2.70489193937 6.27637 0.115151
2.71182026315 6.30585 0.124991
2.71709790339 6.29087 0.168127
2.7227864466 6.30467 0.136599
2.72994784687 6.35388 0.156421
2.73706528781 6.37366 0.196589
2.74248820391 6.36554 0.261452
2.74787331837 6.40052 0.253002
2.75504313834 6.40545 0.287919
2.76219934437 6.44318 0.34797
2.76789278819 6.31392 0.622441
2.77283198247 6.37499 0.657373
2.77965581172 6.64293 1.43357
2.78599582346 nan nan
