0.0088996412247 5.0867 0.157722
0.0150791221651 4.23179 0.0841499
0.0214479018646 3.64343 0.0555154
0.0278366077649 3.24768 0.0424691
0.034350997858 2.96339 0.0363867
0.0404788676143 2.76665 0.035473
0.0467671668358 2.60469 0.0332095
0.0530822510177 2.47206 0.0281569
0.0594536244094 2.37281 0.0257786
0.0657622481459 2.29006 0.0237733
0.071966329067 2.22866 0.0216632
0.0782786091569 2.1753 0.0217144
0.0847039894583 2.1248 0.0194881
0.0909685462053 2.09425 0.0245523
0.0972078977683 2.06549 0.0190628
0.103476303896 2.03855 0.0217643
0.109757644425 2.0167 0.0209705
0.116054308478 1.99061 0.0190792
0.122366966654 1.96591 0.0196246
0.128681726309 1.94259 0.0164542
0.134950080166 1.92776 0.017354
0.141194955884 1.91373 0.018074
0.147513357575 1.90417 0.0165694
0.153786507425 1.89487 0.0177835
0.160065754405 1.88553 0.017392
0.166399116869 1.87802 0.0193986
0.172719564578 1.86377 0.0156371
0.178976521338 1.85303 0.0169767
0.185235369065 1.84466 0.0188167
0.191480678734 1.83286 0.0180537
0.197788986865 1.82585 0.0167934
0.204093773545 1.81769 0.0176359
0.210393930261 1.80889 0.0167088
0.216690970982 1.80315 0.017118
0.222970028122 1.79333 0.0183158
0.229262002709 1.79035 0.0158723
0.235514150837 1.77994 0.0139838
0.241791058382 1.77268 0.0171835
0.248085653944 1.76768 0.0161598
0.254349225687 1.75562 0.0164198
0.260633425188 1.75201 0.0175643
0.26692573709 1.74335 0.0167379
0.273242334314 1.73474 0.0149813
0.279552968008 1.72906 0.0172208
0.285836629231 1.71909 0.0163418
0.292087627139 1.71667 0.0165675
0.298344984444 1.70961 0.014934
0.304638263941 1.69713 0.0161498
0.3109279127 1.69282 0.0176966
0.317216817162 1.68388 0.0162989
0.323518756794 1.67503 0.0143325
0.329816821755 1.67159 0.0168247
0.336117642946 1.66187 0.0157564
0.342370037571 1.6544 0.0147821
0.348647819267 1.64307 0.0162283
0.354941161441 1.63738 0.0144162
0.361191693542 1.62916 0.0152427
0.367476708956 1.62474 0.0159057
0.373764779528 1.61521 0.0139263
0.380065403148 1.60566 0.0159832
0.386353986126 1.59795 0.015701
0.392614018136 1.5903 0.0149472
0.398926450032 1.58584 0.0137662
0.405207324458 1.57615 0.0158597
0.411491647757 1.56672 0.0156011
0.417781427212 1.55776 0.0149761
0.424040064873 1.54929 0.0147666
0.430342569027 1.54247 0.0164068
0.436635856026 1.53355 0.0167443
0.442899618322 1.52443 0.0155496
0.449163441853 1.5155 0.0150989
0.455441414625 1.50709 0.0148919
0.46176344703 1.49809 0.0136536
0.468064424202 1.48737 0.0166952
0.474348524276 1.48227 0.0127861
0.480635613682 1.47274 0.0153116
0.486901925839 1.46347 0.0144175
0.49316970996 1.45686 0.0174778
0.499450674714 1.44811 0.0160111
0.505715905134 1.43787 0.0147678
0.511992399627 1.4307 0.0165706
0.518312609777 1.42121 0.0143563
0.524608963803 1.41022 0.015773
0.530875730848 1.40284 0.01473
0.537157352795 1.39656 0.0148439
0.543457956378 1.38731 0.0144039
0.549743065239 1.37556 0.0142879
0.55599374275 1.36691 0.0165455
0.562285467661 1.35795 0.0149112
0.568601153723 1.34814 0.0137701
0.574880458942 1.33877 0.0161872
0.581155021034 1.33008 0.0150436
0.587439449666 1.32176 0.0147836
0.59371762203 1.31272 0.0165783
0.599997195479 1.30702 0.0167996
0.606267911512 1.29343 0.0149694
0.612546957644 1.28652 0.0144718
0.618847773304 1.27477 0.0163915
0.625131056744 1.2665 0.0169191
0.631402745038 1.25917 0.0143826
0.637700356273 1.2498 0.0162851
0.643985778331 1.2399 0.0152991
0.650268541717 1.23268 0.0167349
0.65655861177 1.22338 0.016755
0.662836928236 1.21538 0.0167522
0.669118544496 1.20549 0.0158607
0.675407019858 1.19675 0.0148827
0.681683551459 1.18867 0.0173843
0.687959253386 1.17834 0.0170041
0.694234431704 1.16918 0.0169598
0.700517540243 1.16357 0.0156791
0.706812495661 1.15457 0.0151793
0.713101900967 1.14548 0.0174405
0.719391825117 1.1371 0.0179333
0.72568338076 1.12536 0.0187765
0.731965268271 1.12021 0.020649
0.738250799048 1.11149 0.0172245
0.744526584212 1.0993 0.0171357
0.750787110194 1.09339 0.019099
0.757075846532 1.08332 0.0174894
0.76336412336 1.07955 0.0170432
0.769646295986 1.0715 0.0164144
0.775939486518 1.06347 0.017649
0.782232914199 1.05683 0.018528
0.788531493652 1.04708 0.0163515
0.794789656698 1.03547 0.0169662
0.801049109659 1.0325 0.0187376
0.807336406173 1.024 0.0188838
0.813622948837 1.01848 0.0142329
0.819915299896 1.01074 0.0174582
0.826195263639 1.00554 0.0154677
0.832489707008 0.996209 0.0184596
0.838795930921 0.988457 0.0199714
0.84506346397 0.981192 0.0190892
0.851328286756 0.973909 0.0169439
0.85761982639 0.968007 0.0185786
0.863905847706 0.958209 0.0177606
0.870183874549 0.957314 0.0176978
0.876464109608 0.949376 0.0191087
0.88275038734 0.94216 0.0194017
0.889033276839 0.937783 0.0191123
0.895308424711 0.929509 0.0190978
0.901595652167 0.922476 0.0195983
0.907883332809 0.918598 0.0204263
0.914174410632 0.91617 0.0182103
0.920463081772 0.909679 0.0187057
0.926743441526 0.906395 0.0178153
0.933032419735 0.900488 0.0171454
0.939326578557 0.89207 0.0198195
0.94559748104 0.889023 0.0196134
0.951866001855 0.885183 0.0208359
0.958141325553 0.879409 0.0191161
0.964435094511 0.880365 0.0189924
0.970735563357 0.875076 0.0205018
0.977008076845 0.870548 0.0197133
0.983282332536 0.868739 0.0187854
0.989556969197 0.868305 0.0177948
0.995845630192 0.866419 0.0198065
1.00213621074 0.862253 0.0202937
1.00840482534 0.863715 0.0171836
1.01469414984 0.859776 0.0214607
1.02099255544 0.861358 0.0194922
1.02727398044 0.859042 0.0213115
1.0335591819 0.861159 0.0179648
1.03984755739 0.864567 0.0213283
1.04612697494 0.860437 0.0211252
1.05240343681 0.856267 0.0217613
1.05868070465 0.859579 0.0193734
1.06496433307 0.861818 0.0205102
1.07125677744 0.863734 0.0192489
1.0775440488 0.86639 0.0183119
1.08382482019 0.864637 0.0191193
1.09010802394 0.8734 0.0212887
1.09638966596 0.875575 0.0220387
1.10268113206 0.878181 0.0220129
1.10896304759 0.879648 0.020237
1.11522542846 0.886109 0.0200069
1.12150212761 0.891272 0.0188795
1.12779257382 0.897938 0.0199506
1.13408955267 0.904512 0.0221325
1.14036404965 0.910956 0.0187534
1.14663918032 0.917198 0.0207978
1.15294241299 0.925235 0.0180996
1.15922890675 0.929289 0.0195695
1.16550872189 0.93897 0.0176764
1.17179307626 0.945906 0.0198933
1.17808743637 0.95796 0.0180665
1.18436765425 0.960867 0.0186504
1.1906346423 0.970755 0.0170905
1.19691220883 0.984064 0.0191624
1.20320157735 0.994654 0.0180151
1.20948684444 1.00397 0.0181631
1.21576390207 1.01544 0.0173395
1.22204975517 1.02788 0.0168987
1.22834061662 1.04061 0.0153747
1.23463298658 1.05226 0.0160687
1.24090224718 1.06345 0.0175822
1.24717483914 1.07683 0.0148394
1.25346545993 1.0941 0.0175663
1.25974995189 1.10871 0.0145207
1.26603214313 1.12305 0.0172674
1.27231628847 1.1361 0.0162646
1.27860415506 1.1547 0.0151067
1.28488658893 1.16794 0.0178639
1.29117542007 1.18378 0.0129137
1.29746572637 1.2017 0.014734
1.30374182701 1.2176 0.0154231
1.31001732292 1.23665 0.014539
1.31630144766 1.25101 0.0152592
1.32258676036 1.27123 0.0135986
1.32886549245 1.29011 0.0157415
1.33514480495 1.31019 0.0145697
1.34144051627 1.32956 0.0134284
1.34773086842 1.34999 0.0157341
1.35400158999 1.36902 0.014405
1.3602826093 1.38881 0.0139538
1.36656568646 1.40748 0.0143221
1.37285149848 1.43026 0.0135964
1.37913537293 1.45389 0.0124378
1.38540956715 1.47518 0.0145241
1.39169864122 1.49678 0.0117472
1.39798445144 1.51946 0.0138101
1.40426788341 1.54083 0.0109216
1.41055477948 1.56479 0.0138001
1.41683783355 1.58847 0.0119745
1.42311817719 1.61163 0.0137075
1.42939780116 1.63515 0.0123911
1.43568692182 1.66241 0.0121526
1.44197712177 1.68489 0.011507
1.44825366785 1.71251 0.0114792
1.45453234897 1.73605 0.012626
1.46081931915 1.76222 0.0117773
1.4671103644 1.78851 0.0125456
1.47339290895 1.81378 0.0111442
1.47966996524 1.84202 0.01078
1.4859561446 1.86712 0.0126616
1.49223361076 1.89474 0.0111875
1.49850247038 1.92295 0.0129648
1.50478575205 1.9478 0.0130149
1.51107599189 1.9766 0.0108502
1.51736163499 2.00619 0.0120869
1.52364857097 2.03444 0.0121642
1.52993803572 2.06202 0.0114736
1.53623017691 2.09152 0.010883
1.54251071878 2.12026 0.0105975
1.54878396308 2.14769 0.0112257
1.55507306978 2.17965 0.0116224
1.56135732493 2.21 0.0101678
1.56762912105 2.23777 0.0121743
1.5739136974 2.26663 0.0100493
1.58020354523 2.29521 0.0112071
1.58648539343 2.32718 0.0115923
1.59276001426 2.35624 0.0109698
1.59904643639 2.38696 0.0103906
1.60534213664 2.4183 0.0118478
1.61161976836 2.44208 0.00930556
1.61789716835 2.45427 0.010807
1.62418270854 2.46682 0.00958287
1.63046407995 2.48201 0.0100865
1.63674824683 2.49614 0.0109535
1.64303013827 2.5108 0.0111231
1.64930808063 2.52581 0.010839
1.65559224863 2.53895 0.011066
1.66187827598 2.55489 0.012206
1.66816823994 2.56875 0.0111456
1.6744495611 2.58596 0.0107455
1.68072138563 2.60009 0.0107432
1.68701215424 2.61599 0.0115879
1.6933074808 2.63186 0.0118508
1.69958064303 2.64612 0.0114279
1.70586179344 2.66396 0.0106705
1.71215172419 2.67968 0.0120098
1.71843538617 2.69597 0.0122472
1.72471844694 2.71203 0.0112678
1.73099491844 2.73056 0.0112233
1.73728636032 2.74773 0.012425
1.74356630258 2.7649 0.0116191
1.74983600778 2.78132 0.0120166
1.75612327869 2.79932 0.0112935
1.76241061606 2.81726 0.0124276
1.76869357896 2.83531 0.0106932
1.77497674839 2.85222 0.0105847
1.78126362161 2.87059 0.011598
1.78754574761 2.89059 0.0116284
1.7938272923 2.90944 0.0115295
1.80010772174 2.92975 0.0126379
1.80639091391 2.94801 0.0118821
1.81267451427 2.96714 0.0115967
1.81895363524 2.98815 0.0114989
1.82523850291 3.00954 0.0134739
1.8315236862 3.0273 0.0109766
1.83781040898 3.04947 0.011585
1.84409642612 3.06771 0.0116538
1.8503769215 3.08982 0.0139653
1.85666074594 3.10983 0.0111191
1.86294359809 3.13071 0.0145995
1.86922204917 3.15294 0.0113809
1.87550781357 3.1722 0.0138385
1.88179499507 3.19519 0.0129357
1.88807781314 3.21871 0.0129291
1.89435244502 3.23806 0.0141828
1.90063796885 3.26065 0.013146
1.90692833723 3.28334 0.0128471
1.91320221586 3.30606 0.0133824
1.91948223445 3.33137 0.0134803
1.92577010575 3.35128 0.0133595
1.93206491035 3.377 0.0149805
1.93834071151 3.39819 0.0135372
1.94460828613 3.42294 0.0116631
1.9508968614 3.44502 0.0133383
1.95718811973 3.47029 0.0128935
1.96347509207 3.49397 0.0130725
1.9697553281 3.51779 0.0127989
1.9760413775 3.54264 0.0141238
1.98233260336 3.56889 0.0132343
1.98861171931 3.59586 0.0145668
1.99488792869 3.61792 0.0142259
2.00117304134 3.64294 0.0146018
2.00745262249 3.66893 0.0153649
2.01372721862 3.69392 0.0145115
2.02001108039 3.72052 0.0142874
2.02630405283 3.74472 0.015144
2.03258735828 3.77164 0.0147193
2.03886100377 3.79626 0.0144228
2.04514489951 3.82135 0.0139232
2.05143683626 3.84844 0.0146817
2.05772382203 3.87393 0.0155064
2.0640044634 3.90004 0.0157689
2.07029278421 3.92474 0.015694
2.07658471853 3.94856 0.0155417
2.08285424307 3.97857 0.0160474
2.08912259138 4.00171 0.0165206
2.09541730178 4.02999 0.0153557
2.10170304464 4.05551 0.0165074
2.10797273337 4.08192 0.0161837
2.11425579676 4.10905 0.016855
2.12053788985 4.1303 0.0177394
2.12682075079 4.16129 0.0159314
2.13310670204 4.1834 0.0170844
2.13940011923 4.2116 0.0170259
2.14568939859 4.23808 0.016579
2.15195789682 4.26019 0.0161801
2.15824033347 4.28862 0.0165026
2.16453048092 4.31031 0.0179402
2.17081716829 4.33719 0.0174778
2.17709912993 4.36089 0.0175444
2.18337674027 4.38287 0.0169937
2.18965452646 4.40917 0.0160991
2.19593814184 4.42899 0.0194929
2.20221722867 4.45885 0.0188409
2.20849850085 4.47366 0.0179151
2.21479372465 4.50313 0.0185827
2.22107581834 4.52097 0.0197996
2.22733812199 4.54215 0.0190027
2.23362792264 4.56566 0.0193872
2.2399287897 4.58229 0.0175683
2.24620084223 4.60616 0.019505
2.2524810722 4.62009 0.0184019
2.25875993301 4.64035 0.019793
2.26503776668 4.65751 0.0184532
2.27130391144 4.67062 0.0178682
2.27758972822 4.68514 0.0212629
2.28389830542 4.70246 0.0222051
2.29017001225 4.72495 0.0247755
2.29645357402 4.73962 0.023157
2.30275372852 4.76199 0.0231198
2.30903325986 4.7813 0.0261229
2.31530674049 4.80296 0.0249367
2.32158490306 4.82761 0.0231714
2.3278758488 4.84304 0.0261258
2.33415543799 4.86621 0.0257859
2.34041936871 4.8917 0.026034
2.34670710068 4.91136 0.0240272
2.3530032916 4.93339 0.0222725
2.35928989445 4.95999 0.0249384
2.36555387699 4.98144 0.0275246
2.37182578571 5.00223 0.0238267
2.3781409032 5.02745 0.026139
2.38442809259 5.05198 0.0281856
2.39069258243 5.07557 0.0262883
2.39698813839 5.09914 0.0281471
2.40330354843 5.12485 0.0316741
2.40957307365 5.1505 0.0254137
2.41583080138 5.17207 0.0320854
2.42214385676 5.19941 0.0287034
2.42843005755 5.22512 0.0293806
2.43467776878 5.24732 0.0295462
2.44097021258 5.27201 0.0333812
2.44729898127 5.30179 0.0328415
2.45356911846 5.32319 0.0369611
2.45980003814 5.34747 0.0331595
2.4661092349 5.37507 0.0359811
2.47241430729 5.40331 0.0345727
2.47866355169 5.42945 0.0348018
2.48493431628 5.44923 0.0335423
2.49124283111 5.47826 0.037411
2.49755537626 5.50734 0.0339799
2.50380379021 5.52915 0.0445855
2.51005045336 5.55662 0.0406049
2.51638815336 5.58365 0.0384619
2.52269694929 5.60671 0.0435103
2.52891211798 5.63346 0.0385061
2.53519495098 5.66345 0.0404601
2.54155301509 5.68175 0.0457601
2.54783359884 5.70971 0.0463187
2.55402772623 5.7345 0.0476326
2.56033571996 5.76167 0.0447057
2.56672381747 5.7893 0.0458106
2.57294751341 5.80453 0.0521117
2.57911252531 5.83124 0.0476124
2.58547549612 5.85814 0.0558793
2.59185019505 5.88519 0.0484296
2.59805932148 5.9075 0.0551612
2.60429715989 5.92971 0.056047
2.61067449751 5.95003 0.0562462
2.61693283418 5.98706 0.0597974
2.62300854502 6.00835 0.0593734
2.62939753095 6.02123 0.0627963
2.63591057571 6.05135 0.0648002
2.64202978624 6.07378 0.0714788
2.64803951219 6.08942 0.0720499
2.65454096229 6.11203 0.0667431
2.66118028258 6.14419 0.0721525
2.66719514746 6.16532 0.0820045
2.67309090101 6.17787 0.0728166
2.67973176445 6.19831 0.0759291
2.68646693102 6.24401 0.100922
2.69219835647 6.23316 0.109429
2.69796467721 6.23846 0.0983028
2.70489193937 6.29154 0.108961
2.71182026315 6.31454 0.109978
2.71709790339 6.31268 0.1659
2.7227864466 6.32046 0.137713
2.72994784687 6.36991 0.149053
2.73706528781 6.37815 0.187538
2.74248820391 6.3528 0.290994
2.74787331837 6.41371 0.241472
2.75504313834 6.42588 0.285013
2.76219934437 6.48544 0.369957
2.76789278819 6.45324 0.631804
2.77283198247 6.45732 0.614861
2.77965581172 6.64794 1.28448
2.78599582346 nan nan
