0.0088996412247 1.99087 0.0927993
0.0150791221651 1.87664 0.0576596
0.0214479018646 1.78044 0.0386517
0.0278366077649 1.71276 0.0312071
0.034350997858 1.6671 0.0268948
0.0404788676143 1.6324 0.0280519
0.0467671668358 1.60435 0.0251967
0.0530822510177 1.58073 0.0214353
0.0594536244094 1.56718 0.0210256
0.0657622481459 1.5538 0.0181405
0.071966329067 1.54117 0.0178528
0.0782786091569 1.5343 0.0175745
0.0847039894583 1.51823 0.0173433
0.0909685462053 1.51432 0.0184221
0.0972078977683 1.50217 0.0164144
0.103476303896 1.49557 0.0188837
0.109757644425 1.49268 0.0174721
0.116054308478 1.4839 0.0161604
0.122366966654 1.48074 0.0181085
0.128681726309 1.47336 0.0154954
0.134950080166 1.46835 0.0178805
0.141194955884 1.45933 0.0155587
0.147513357575 1.45167 0.0161251
0.153786507425 1.44493 0.0157816
0.160065754405 1.43768 0.0163559
0.166399116869 1.43349 0.0178807
0.172719564578 1.42604 0.0155813
0.178976521338 1.41875 0.0162108
0.185235369065 1.41838 0.0168992
0.191480678734 1.40924 0.0163988
0.197788986865 1.40526 0.0158471
0.204093773545 1.39818 0.0149254
0.210393930261 1.39366 0.0148613
0.216690970982 1.38035 0.0165708
0.222970028122 1.37445 0.0189645
0.229262002709 1.37193 0.0157045
0.235514150837 1.36037 0.0161474
0.241791058382 1.35548 0.0178154
0.248085653944 1.35049 0.0161901
0.254349225687 1.34204 0.0150575
0.260633425188 1.33609 0.01508
0.26692573709 1.32863 0.0152516
0.273242334314 1.32374 0.0152925
0.279552968008 1.31555 0.0161865
0.285836629231 1.30738 0.016593
0.292087627139 1.30267 0.0154714
0.298344984444 1.29607 0.0153809
0.304638263941 1.28389 0.0151768
0.3109279127 1.2798 0.0166914
0.317216817162 1.27123 0.0169331
0.323518756794 1.2637 0.0158173
0.329816821755 1.25947 0.0152671
0.336117642946 1.25146 0.0155415
0.342370037571 1.24362 0.0168421
0.348647819267 1.23453 0.0141526
0.354941161441 1.22946 0.0140292
0.361191693542 1.22075 0.0154861
0.367476708956 1.21619 0.0171687
0.373764779528 1.20744 0.0187903
0.380065403148 1.19743 0.0184635
0.386353986126 1.19454 0.0168135
0.392614018136 1.18232 0.0168319
0.398926450032 1.17696 0.016793
0.405207324458 1.17013 0.0154217
0.411491647757 1.16319 0.0159136
0.417781427212 1.15901 0.017918
0.424040064873 1.14735 0.0161284
0.430342569027 1.14148 0.0181675
0.436635856026 1.13444 0.0176515
0.442899618322 1.12833 0.0151825
0.449163441853 1.12054 0.0183678
0.455441414625 1.11041 0.0171915
0.46176344703 1.10646 0.0169182
0.468064424202 1.09469 0.0171702
0.474348524276 1.09043 0.0189157
0.480635613682 1.08577 0.0181242
0.486901925839 1.07757 0.0169346
0.49316970996 1.06715 0.0187632
0.499450674714 1.06273 0.0179536
0.505715905134 1.05578 0.0174176
0.511992399627 1.05282 0.016844
0.518312609777 1.04109 0.0188735
0.524608963803 1.03228 0.0189131
0.530875730848 1.02921 0.0165902
0.537157352795 1.02052 0.0171171
0.543457956378 1.01129 0.0171345
0.549743065239 1.00499 0.0181711
0.55599374275 0.999546 0.0170358
0.562285467661 0.993982 0.0163902
0.568601153723 0.985095 0.0186961
0.574880458942 0.978798 0.0198431
0.581155021034 0.972017 0.0162682
0.587439449666 0.963919 0.0181454
0.59371762203 0.95683 0.0190958
0.599997195479 0.953644 0.0194211
0.606267911512 0.944797 0.0194583
0.612546957644 0.936755 0.0179354
0.618847773304 0.933891 0.0199884
0.625131056744 0.923435 0.0204712
0.631402745038 0.91893 0.0206197
0.637700356273 0.9115 0.0184954
0.643985778331 0.902591 0.0197906
0.650268541717 0.896226 0.0194512
0.65655861177 0.894415 0.0178722
0.662836928236 0.88489 0.0201221
0.669118544496 0.878219 0.0199733
0.675407019858 0.874005 0.0192069
0.681683551459 0.867829 0.0212392
0.687959253386 0.85688 0.0204521
0.694234431704 0.853006 0.0219551
0.700517540243 0.849607 0.0184754
0.706812495661 0.84146 0.0207231
0.713101900967 0.838097 0.0215693
0.719391825117 0.828068 0.0216666
0.72568338076 0.8218 0.0219768
0.731965268271 0.819022 0.0242717
0.738250799048 0.817299 0.0199346
0.744526584212 0.805587 0.0204417
0.750787110194 0.799695 0.0227659
0.757075846532 0.796793 0.0209689
0.76336412336 0.794832 0.0214209
0.769646295986 0.783998 0.0213288
0.775939486518 0.781485 0.0188292
0.782232914199 0.779278 0.0208919
0.788531493652 0.771173 0.0185841
0.794789656698 0.767791 0.0233967
0.801049109659 0.761465 0.0186388
0.807336406173 0.757439 0.0232669
0.813622948837 0.754002 0.0214608
0.819915299896 0.748964 0.0207898
0.826195263639 0.745672 0.0215567
0.832489707008 0.740946 0.0206484
0.838795930921 0.735055 0.0221358
0.84506346397 0.732699 0.0209587
0.851328286756 0.728543 0.0234099
0.85761982639 0.721126 0.0203721
0.863905847706 0.720866 0.0237111
0.870183874549 0.720004 0.0229103
0.876464109608 0.717678 0.0220857
0.88275038734 0.714448 0.0208156
0.889033276839 0.709674 0.023491
0.895308424711 0.707711 0.0217097
0.901595652167 0.70537 0.0246942
0.907883332809 0.70369 0.0219747
0.914174410632 0.702232 0.0242488
0.920463081772 0.703977 0.0213426
0.926743441526 0.696486 0.0234992
0.933032419735 0.696308 0.0202324
0.939326578557 0.696732 0.0234536
0.94559748104 0.692913 0.0244994
0.951866001855 0.692539 0.0215388
0.958141325553 0.69358 0.0244776
0.964435094511 0.695656 0.0225257
0.970735563357 0.696969 0.0201118
0.977008076845 0.699058 0.0230799
0.983282332536 0.690299 0.0266594
0.989556969197 0.698239 0.0238462
0.995845630192 0.699791 0.0218774
1.00213621074 0.699087 0.0252055
1.00840482534 0.706435 0.0228338
1.01469414984 0.704344 0.0249515
1.02099255544 0.709073 0.0227578
1.02727398044 0.71438 0.0258633
1.0335591819 0.718272 0.0219636
1.03984755739 0.720753 0.0198643
1.04612697494 0.725535 0.0231341
1.05240343681 0.725235 0.0222532
1.05868070465 0.728748 0.0210078
1.06496433307 0.736113 0.0225314
1.07125677744 0.740198 0.0209474
1.0775440488 0.748471 0.0225133
1.08382482019 0.749173 0.0219104
1.09010802394 0.76103 0.0236734
1.09638966596 0.767086 0.0241401
1.10268113206 0.774085 0.0231859
1.10896304759 0.779511 0.0213589
1.11522542846 0.790159 0.0228133
1.12150212761 0.794753 0.0219991
1.12779257382 0.80354 0.0201267
1.13408955267 0.816789 0.0201278
1.14036404965 0.82311 0.0209194
1.14663918032 0.833906 0.0180072
1.15294241299 0.843328 0.0190898
1.15922890675 0.853206 0.0187835
1.16550872189 0.86594 0.0181279
1.17179307626 0.875683 0.0223591
1.17808743637 0.888326 0.0176922
1.18436765425 0.896344 0.0191443
1.1906346423 0.910064 0.0181429
1.19691220883 0.922429 0.0200421
1.20320157735 0.933753 0.0198767
1.20948684444 0.948896 0.01798
1.21576390207 0.960619 0.0176645
1.22204975517 0.974553 0.0179073
1.22834061662 0.986206 0.0151887
1.23463298658 1.00289 0.0167816
1.24090224718 1.01743 0.0162095
1.24717483914 1.03261 0.0182951
1.25346545993 1.0513 0.0163567
1.25974995189 1.06525 0.0141642
1.26603214313 1.08057 0.0154756
1.27231628847 1.09806 0.016398
1.27860415506 1.11307 0.0163919
1.28488658893 1.13311 0.0148102
1.29117542007 1.14834 0.0157988
1.29746572637 1.16475 0.0141523
1.30374182701 1.18771 0.0167074
1.31001732292 1.20352 0.0152091
1.31630144766 1.22272 0.0141803
1.32258676036 1.2429 0.0131627
1.32886549245 1.26441 0.0122942
1.33514480495 1.28235 0.0129614
1.34144051627 1.30252 0.0138417
1.34773086842 1.3252 0.0126597
1.35400158999 1.3447 0.0133122
1.3602826093 1.36771 0.0124032
1.36656568646 1.38604 0.0121144
1.37285149848 1.40704 0.0123949
1.37913537293 1.43168 0.0148505
1.38540956715 1.45295 0.015918
1.39169864122 1.4755 0.0126938
1.39798445144 1.49923 0.0124396
1.40426788341 1.52131 0.0128143
1.41055477948 1.5468 0.0116456
1.41683783355 1.56926 0.0119484
1.42311817719 1.59431 0.0124779
1.42939780116 1.61866 0.011454
1.43568692182 1.64475 0.0122841
1.44197712177 1.66757 0.0127475
1.44825366785 1.69437 0.0108046
1.45453234897 1.7209 0.0128324
1.46081931915 1.74298 0.0126373
1.4671103644 1.77309 0.012045
1.47339290895 1.79707 0.0102407
1.47966996524 1.82552 0.0114447
1.4859561446 1.84999 0.0120508
1.49223361076 1.87882 0.0121603
1.49850247038 1.90695 0.0120892
1.50478575205 1.93292 0.0117395
1.51107599189 1.96266 0.0120934
1.51736163499 1.99083 0.0095919
1.52364857097 2.01925 0.0116826
1.52993803572 2.04629 0.0112727
1.53623017691 2.07648 0.0109005
1.54251071878 2.10417 0.0104588
1.54878396308 2.13424 0.0120687
1.55507306978 2.16394 0.0103942
1.56135732493 2.194 0.0116222
1.56762912105 2.22139 0.0109764
1.5739136974 2.25163 0.00998382
1.58020354523 2.27996 0.0112499
1.58648539343 2.31128 0.00961368
1.59276001426 2.34017 0.0109329
1.59904643639 2.37179 0.00903347
1.60534213664 2.40263 0.010125
1.61161976836 2.42438 0.00961734
1.61789716835 2.43869 0.0111754
1.62418270854 2.45148 0.0101896
1.63046407995 2.46742 0.0109319
1.63674824683 2.48044 0.0111455
1.64303013827 2.49268 0.0103047
1.64930808063 2.50962 0.00944511
1.65559224863 2.52228 0.010369
1.66187827598 2.53958 0.0111884
1.66816823994 2.55269 0.0113559
1.6744495611 2.56915 0.0118137
1.68072138563 2.58372 0.0106928
1.68701215424 2.59714 0.01151
1.6933074808 2.6133 0.0112925
1.69958064303 2.62849 0.0119093
1.70586179344 2.64546 0.0120772
1.71215172419 2.66284 0.0123887
1.71843538617 2.67643 0.0107569
1.72471844694 2.69169 0.0107356
1.73099491844 2.71075 0.0116746
1.73728636032 2.72891 0.0115689
1.74356630258 2.7446 0.0116091
1.74983600778 2.76089 0.0113629
1.75612327869 2.77944 0.0118585
1.76241061606 2.7961 0.0118111
1.76869357896 2.81402 0.0123908
1.77497674839 2.83269 0.01243
1.78126362161 2.84947 0.0122277
1.78754574761 2.86937 0.0113832
1.7938272923 2.88676 0.0123581
1.80010772174 2.90654 0.0110161
1.80639091391 2.92491 0.0127246
1.81267451427 2.94264 0.0125486
1.81895363524 2.96366 0.0117344
1.82523850291 2.98363 0.011849
1.8315236862 3.00118 0.0122607
1.83781040898 3.02214 0.0128022
1.84409642612 3.04148 0.0121681
1.8503769215 3.06133 0.0127789
1.85666074594 3.08193 0.0135804
1.86294359809 3.10111 0.0132349
1.86922204917 3.12411 0.0121976
1.87550781357 3.14399 0.0131954
1.88179499507 3.16624 0.0130094
1.88807781314 3.18745 0.0126353
1.89435244502 3.20769 0.0144125
1.90063796885 3.2293 0.0138614
1.90692833723 3.25066 0.0135833
1.91320221586 3.27471 0.0139799
1.91948223445 3.2985 0.0149946
1.92577010575 3.31777 0.0126645
1.93206491035 3.34185 0.0141688
1.93834071151 3.36364 0.0134068
1.94460828613 3.38769 0.0151866
1.9508968614 3.41085 0.0136586
1.95718811973 3.43216 0.0137173
1.96347509207 3.45764 0.0139304
1.9697553281 3.47976 0.0136942
1.9760413775 3.504 0.0151812
1.98233260336 3.5293 0.014718
1.98861171931 3.55557 0.0140436
1.99488792869 3.57725 0.0145478
2.00117304134 3.603 0.0146115
2.00745262249 3.62755 0.0150131
2.01372721862 3.65132 0.0140705
2.02001108039 3.67786 0.0156693
2.02630405283 3.70148 0.0164107
2.03258735828 3.72839 0.01542
2.03886100377 3.75164 0.0165279
2.04514489951 3.77475 0.0159332
2.05143683626 3.8023 0.0154774
2.05772382203 3.82894 0.0163033
2.0640044634 3.85523 0.0162198
2.07029278421 3.87813 0.016748
2.07658471853 3.90137 0.0167716
2.08285424307 3.93208 0.0179555
2.08912259138 3.95412 0.0170289
2.09541730178 3.98104 0.0174597
2.10170304464 4.00653 0.0200577
2.10797273337 4.03164 0.0167265
2.11425579676 4.05886 0.016684
2.12053788985 4.08126 0.0185075
2.12682075079 4.1101 0.0179325
2.13310670204 4.13228 0.0172863
2.13940011923 4.15855 0.0182826
2.14568939859 4.18486 0.0172055
2.15195789682 4.20874 0.0196178
2.15824033347 4.23463 0.0174975
2.16453048092 4.25514 0.0172417
2.17081716829 4.28083 0.0183566
2.17709912993 4.3054 0.0167083
2.18337674027 4.32623 0.01818
2.18965452646 4.352 0.0179323
2.19593814184 4.37198 0.019077
2.20221722867 4.40009 0.0174603
2.20849850085 4.41576 0.0208825
2.21479372465 4.44362 0.0184327
2.22107581834 4.46187 0.0207781
2.22733812199 4.48336 0.018058
2.23362792264 4.50464 0.0216113
2.2399287897 4.52163 0.01908
2.24620084223 4.54524 0.0213723
2.2524810722 4.5592 0.0208755
2.25875993301 4.57876 0.0215721
2.26503776668 4.59201 0.0190488
2.27130391144 4.60661 0.0200266
2.27758972822 4.61797 0.0216519
2.28389830542 4.63974 0.0232615
2.29017001225 4.6546 0.024435
2.29645357402 4.67405 0.0243853
2.30275372852 4.69267 0.0259298
2.30903325986 4.71135 0.0244059
2.31530674049 4.73556 0.0242252
2.32158490306 4.75653 0.0241228
2.3278758488 4.77476 0.0269869
2.33415543799 4.79453 0.0249347
2.34041936871 4.81671 0.0280588
2.34670710068 4.83588 0.0263711
2.3530032916 4.85883 0.0282611
2.35928989445 4.88411 0.0260668
2.36555387699 4.90774 0.0301112
2.37182578571 4.92677 0.0283366
2.3781409032 4.94878 0.0274996
2.38442809259 4.97262 0.0272642
2.39069258243 4.99442 0.028871
2.39698813839 5.01878 0.0291479
2.40330354843 5.04535 0.0329649
2.40957307365 5.07138 0.0297741
2.41583080138 5.09193 0.0288808
2.42214385676 5.11536 0.030191
2.42843005755 5.14151 0.0322044
2.43467776878 5.16615 0.0314171
2.44097021258 5.18691 0.0329219
2.44729898127 5.21739 0.032516
2.45356911846 5.23913 0.0353069
2.45980003814 5.26383 0.0380908
2.4661092349 5.28837 0.0385959
2.47241430729 5.31388 0.0349752
2.47866355169 5.34019 0.0379665
2.48493431628 5.36231 0.03661
2.49124283111 5.39102 0.0353685
2.49755537626 5.40951 0.0373051
2.50380379021 5.43503 0.0427615
2.51005045336 5.46472 0.0373674
2.51638815336 5.49118 0.0386887
2.52269694929 5.51869 0.0415428
2.52891211798 5.54217 0.039544
2.53519495098 5.56058 0.0390877
2.54155301509 5.59056 0.0439897
2.54783359884 5.61283 0.0471598
2.55402772623 5.64059 0.0453616
2.56033571996 5.66642 0.0464316
2.56672381747 5.6865 0.0502171
2.57294751341 5.7072 0.0451808
2.57911252531 5.74017 0.0492314
2.58547549612 5.76874 0.0532555
2.59185019505 5.78828 0.0451366
2.59805932148 5.80568 0.0580274
2.60429715989 5.83648 0.0585792
2.61067449751 5.86559 0.0560326
2.61693283418 5.88634 0.0582883
2.62300854502 5.91059 0.0598368
2.62939753095 5.92421 0.0551562
2.63591057571 5.95072 0.0727459
2.64202978624 5.96796 0.0694503
2.64803951219 5.98881 0.0727016
2.65454096229 6.01253 0.0733872
2.66118028258 6.04456 0.0800455
2.66719514746 6.06041 0.0728573
2.67309090101 6.08039 0.078216
2.67973176445 6.0996 0.0787375
2.68646693102 6.14145 0.0796552
2.69219835647 6.13324 0.110773
2.69796467721 6.1446 0.0899283
2.70489193937 6.19214 0.115975
2.71182026315 6.21058 0.117547
2.71709790339 6.23723 0.147258
2.7227864466 6.23678 0.13046
2.72994784687 6.24017 0.151555
2.73706528781 6.27656 0.172177
2.74248820391 6.27388 0.266391
2.74787331837 6.27362 0.227301
2.75504313834 6.31713 0.25076
2.76219934437 6.33305 0.37244
2.76789278819 6.25811 0.644083
2.77283198247 6.36117 0.537701
2.77965581172 6.35493 1.32409
2.78599582346 nan nan
