0.0088996412247 0.882882 0.123826
0.0150791221651 0.992406 0.0581401
0.0214479018646 1.08527 0.0380904
0.0278366077649 1.15255 0.0387461
0.034350997858 1.19704 0.0302884
0.0404788676143 1.22704 0.0253146
0.0467671668358 1.25005 0.0257294
0.0530822510177 1.27432 0.023018
0.0594536244094 1.28297 0.0206829
0.0657622481459 1.29531 0.0221987
0.071966329067 1.30914 0.0190712
0.0782786091569 1.31441 0.0161202
0.0847039894583 1.31994 0.0178614
0.0909685462053 1.32019 0.0186949
0.0972078977683 1.32223 0.0183617
0.103476303896 1.32232 0.0190041
0.109757644425 1.3259 0.017653
0.116054308478 1.32755 0.0177722
0.122366966654 1.32978 0.0159743
0.128681726309 1.33034 0.0174972
0.134950080166 1.32635 0.0173649
0.141194955884 1.32656 0.01503
0.147513357575 1.32139 0.0160588
0.153786507425 1.31759 0.018236
0.160065754405 1.31722 0.0170772
0.166399116869 1.3086 0.0162612
0.172719564578 1.30493 0.0181861
0.178976521338 1.30272 0.0178002
0.185235369065 1.30092 0.016962
0.191480678734 1.29798 0.0167395
0.197788986865 1.29548 0.017227
0.204093773545 1.28515 0.017331
0.210393930261 1.28307 0.0136511
0.216690970982 1.27836 0.0170694
0.222970028122 1.27224 0.016313
0.229262002709 1.26353 0.0185223
0.235514150837 1.25941 0.0150722
0.241791058382 1.25607 0.0169432
0.248085653944 1.25076 0.0163798
0.254349225687 1.24486 0.0153866
0.260633425188 1.23852 0.0167011
0.26692573709 1.23277 0.0170165
0.273242334314 1.22855 0.0170958
0.279552968008 1.22346 0.0176722
0.285836629231 1.21441 0.016639
0.292087627139 1.20901 0.0184361
0.298344984444 1.2039 0.0149145
0.304638263941 1.19384 0.0159514
0.3109279127 1.18921 0.0172298
0.317216817162 1.182 0.0182762
0.323518756794 1.17712 0.0191691
0.329816821755 1.1711 0.0161396
0.336117642946 1.16586 0.0154675
0.342370037571 1.16043 0.0174885
0.348647819267 1.15117 0.0162555
0.354941161441 1.14364 0.0176422
0.361191693542 1.13614 0.0181515
0.367476708956 1.12706 0.0193875
0.373764779528 1.12469 0.0175042
0.380065403148 1.11716 0.0168414
0.386353986126 1.11126 0.0188467
0.392614018136 1.10339 0.0157767
0.398926450032 1.10027 0.0159765
0.405207324458 1.09074 0.017735
0.411491647757 1.08342 0.0163816
0.417781427212 1.07815 0.0185264
0.424040064873 1.07167 0.0197648
0.430342569027 1.06224 0.0181463
0.436635856026 1.05892 0.0191085
0.442899618322 1.05271 0.0186664
0.449163441853 1.04365 0.0197414
0.455441414625 1.03833 0.0160339
0.46176344703 1.03146 0.018251
0.468064424202 1.02265 0.0179384
0.474348524276 1.0209 0.0171034
0.480635613682 1.01259 0.0186054
0.486901925839 1.00934 0.0159429
0.49316970996 1.00021 0.0191291
0.499450674714 0.996198 0.0193099
0.505715905134 0.982713 0.0205
0.511992399627 0.977914 0.0186193
0.518312609777 0.973903 0.0197176
0.524608963803 0.965728 0.0213595
0.530875730848 0.961781 0.017802
0.537157352795 0.954505 0.0151272
0.543457956378 0.948605 0.0196135
0.549743065239 0.939357 0.0212532
0.55599374275 0.936495 0.0196905
0.562285467661 0.931192 0.0197965
0.568601153723 0.925784 0.0224658
0.574880458942 0.915574 0.0207027
0.581155021034 0.910815 0.0205023
0.587439449666 0.900977 0.0204876
0.59371762203 0.899276 0.0174468
0.599997195479 0.894306 0.0211498
0.606267911512 0.885418 0.0198578
0.612546957644 0.878245 0.0215619
0.618847773304 0.872297 0.0211323
0.625131056744 0.871338 0.0190905
0.631402745038 0.863785 0.0194272
0.637700356273 0.855931 0.0224447
0.643985778331 0.851798 0.0206383
0.650268541717 0.849455 0.0188951
0.65655861177 0.840259 0.0188778
0.662836928236 0.837139 0.0207535
0.669118544496 0.829927 0.0205358
0.675407019858 0.826332 0.0197034
0.681683551459 0.818948 0.0202524
0.687959253386 0.815756 0.0205433
0.694234431704 0.811425 0.0211351
0.700517540243 0.805075 0.0217468
0.706812495661 0.798152 0.0193355
0.713101900967 0.790965 0.0201366
0.719391825117 0.790442 0.0212445
0.72568338076 0.787532 0.0221211
0.731965268271 0.776125 0.0202764
0.738250799048 0.772219 0.0232264
0.744526584212 0.771024 0.0218588
0.750787110194 0.767007 0.0213089
0.757075846532 0.760429 0.0212806
0.76336412336 0.758237 0.0234647
0.769646295986 0.757843 0.0258694
0.775939486518 0.75338 0.0220353
0.782232914199 0.749847 0.0230836
0.788531493652 0.742817 0.0218803
0.794789656698 0.740142 0.022309
0.801049109659 0.739397 0.0225725
0.807336406173 0.736335 0.0200842
0.813622948837 0.72887 0.0209848
0.819915299896 0.729821 0.0217091
0.826195263639 0.73087 0.0213611
0.832489707008 0.723544 0.0259858
0.838795930921 0.719365 0.0236202
0.84506346397 0.716564 0.0228711
0.851328286756 0.717081 0.022847
0.85761982639 0.713948 0.0219312
0.863905847706 0.715929 0.0209676
0.870183874549 0.71288 0.0249746
0.876464109608 0.708829 0.0253306
0.88275038734 0.709344 0.021154
0.889033276839 0.708731 0.0236315
0.895308424711 0.70673 0.0223004
0.901595652167 0.705411 0.0267776
0.907883332809 0.705697 0.0230668
0.914174410632 0.701113 0.022826
0.920463081772 0.706607 0.0224114
0.926743441526 0.706133 0.025433
0.933032419735 0.705954 0.0222863
0.939326578557 0.705272 0.023772
0.94559748104 0.710091 0.0237855
0.951866001855 0.711986 0.0271835
0.958141325553 0.712087 0.0220772
0.964435094511 0.714796 0.0213656
0.970735563357 0.717869 0.0232496
0.977008076845 0.720235 0.0211668
0.983282332536 0.722803 0.0202954
0.989556969197 0.724446 0.0253882
0.995845630192 0.730635 0.0233621
1.00213621074 0.729511 0.0207611
1.00840482534 0.735201 0.0253126
1.01469414984 0.742022 0.0228573
1.02099255544 0.742246 0.0203622
1.02727398044 0.748149 0.0228371
1.0335591819 0.751884 0.0222679
1.03984755739 0.760872 0.0186537
1.04612697494 0.768088 0.0234073
1.05240343681 0.771365 0.0204928
1.05868070465 0.776951 0.0202696
1.06496433307 0.785069 0.025211
1.07125677744 0.789131 0.0202727
1.0775440488 0.796824 0.0221677
1.08382482019 0.806328 0.0224828
1.09010802394 0.813668 0.0215306
1.09638966596 0.820553 0.024814
1.10268113206 0.829515 0.020277
1.10896304759 0.837511 0.0201622
1.11522542846 0.846031 0.0230777
1.12150212761 0.856653 0.0190545
1.12779257382 0.864356 0.0210855
1.13408955267 0.879695 0.0195099
1.14036404965 0.885405 0.0196996
1.14663918032 0.899087 0.0199094
1.15294241299 0.911139 0.0199055
1.15922890675 0.921312 0.0194015
1.16550872189 0.932886 0.0178854
1.17179307626 0.941152 0.0173385
1.17808743637 0.957566 0.017663
1.18436765425 0.969322 0.018126
1.1906346423 0.984709 0.0177864
1.19691220883 0.996615 0.0187661
1.20320157735 1.00857 0.0193881
1.20948684444 1.02543 0.0169806
1.21576390207 1.04083 0.0151097
1.22204975517 1.05212 0.015957
1.22834061662 1.06958 0.0167325
1.23463298658 1.08329 0.0168169
1.24090224718 1.0994 0.0172502
1.24717483914 1.11764 0.0169535
1.25346545993 1.13001 0.0163603
1.25974995189 1.14628 0.0143282
1.26603214313 1.16689 0.0160428
1.27231628847 1.18352 0.0146786
1.27860415506 1.1988 0.0150971
1.28488658893 1.21935 0.0145881
1.29117542007 1.23474 0.0148266
1.29746572637 1.25618 0.0157363
1.30374182701 1.27249 0.0151315
1.31001732292 1.29282 0.0159554
1.31630144766 1.31179 0.0147518
1.32258676036 1.33003 0.0136605
1.32886549245 1.35231 0.0142179
1.33514480495 1.37295 0.0138371
1.34144051627 1.39012 0.0131772
1.34773086842 1.41372 0.0146707
1.35400158999 1.4338 0.0136221
1.3602826093 1.45701 0.0135514
1.36656568646 1.47692 0.0137557
1.37285149848 1.4994 0.0120171
1.37913537293 1.52442 0.0121606
1.38540956715 1.54499 0.0128394
1.39169864122 1.56795 0.0130588
1.39798445144 1.59169 0.0119638
1.40426788341 1.61558 0.0123011
1.41055477948 1.63927 0.0122009
1.41683783355 1.66363 0.0136814
1.42311817719 1.68676 0.0126301
1.42939780116 1.71106 0.0126379
1.43568692182 1.73694 0.0135701
1.44197712177 1.76289 0.0109327
1.44825366785 1.78833 0.0114287
1.45453234897 1.81233 0.0118064
1.46081931915 1.8402 0.0116861
1.4671103644 1.86408 0.0113829
1.47339290895 1.89195 0.0128061
1.47966996524 1.91944 0.0118689
1.4859561446 1.94527 0.0122564
1.49223361076 1.9721 0.012235
1.49850247038 2.00148 0.0104259
1.50478575205 2.02664 0.0109536
1.51107599189 2.05419 0.0116541
1.51736163499 2.08303 0.0113164
1.52364857097 2.11056 0.0116212
1.52993803572 2.14065 0.0109241
1.53623017691 2.168 0.0114185
1.54251071878 2.19806 0.0110484
1.54878396308 2.22611 0.011152
1.55507306978 2.25554 0.0118506
1.56135732493 2.28578 0.0102526
1.56762912105 2.31429 0.0119759
1.5739136974 2.34426 0.0106728
1.58020354523 2.37284 0.0114696
1.58648539343 2.40478 0.00988617
1.59276001426 2.43349 0.0110356
1.59904643639 2.46247 0.0107344
1.60534213664 2.49374 0.0110888
1.61161976836 2.5152 0.012355
1.61789716835 2.52965 0.0107089
1.62418270854 2.54488 0.0118112
1.63046407995 2.55961 0.0101097
1.63674824683 2.57506 0.0122487
1.64303013827 2.58988 0.0110756
1.64930808063 2.60469 0.0111941
1.65559224863 2.62026 0.0114868
1.66187827598 2.63543 0.011346
1.66816823994 2.65034 0.0112615
1.6744495611 2.66735 0.0111941
1.68072138563 2.68272 0.0116542
1.68701215424 2.69917 0.0114537
1.6933074808 2.71358 0.0115896
1.69958064303 2.7314 0.0130098
1.70586179344 2.74609 0.0129977
1.71215172419 2.7654 0.0133334
1.71843538617 2.78173 0.0108521
1.72471844694 2.79939 0.0105489
1.73099491844 2.81623 0.0118632
1.73728636032 2.8345 0.0127821
1.74356630258 2.85145 0.0141539
1.74983600778 2.86872 0.0131872
1.75612327869 2.8872 0.0116731
1.76241061606 2.90502 0.0127036
1.76869357896 2.92295 0.0120926
1.77497674839 2.94109 0.0121536
1.78126362161 2.95955 0.0123882
1.78754574761 2.97892 0.0115987
1.7938272923 3.0 0.011315
1.80010772174 3.0191 0.0125119
1.80639091391 3.03832 0.0132665
1.81267451427 3.05702 0.0115123
1.81895363524 3.07687 0.0129651
1.82523850291 3.09854 0.0134799
1.8315236862 3.1164 0.0132456
1.83781040898 3.13829 0.0121482
1.84409642612 3.15982 0.0132351
1.8503769215 3.17891 0.0125163
1.85666074594 3.20011 0.0131291
1.86294359809 3.22055 0.0126059
1.86922204917 3.24288 0.0122827
1.87550781357 3.2641 0.0156373
1.88179499507 3.28676 0.0133667
1.88807781314 3.30873 0.0129747
1.89435244502 3.32941 0.0128915
1.90063796885 3.35379 0.0140938
1.90692833723 3.37624 0.0137907
1.91320221586 3.39869 0.0114034
1.91948223445 3.42238 0.0142083
1.92577010575 3.44473 0.014567
1.93206491035 3.46762 0.0139001
1.93834071151 3.48901 0.0137234
1.94460828613 3.51493 0.0140024
1.9508968614 3.53902 0.0141289
1.95718811973 3.56194 0.0159585
1.96347509207 3.58669 0.0156307
1.9697553281 3.61048 0.0144677
1.9760413775 3.63574 0.0150738
1.98233260336 3.65998 0.0137031
1.98861171931 3.68666 0.0155948
1.99488792869 3.70969 0.0141883
2.00117304134 3.73395 0.0159844
2.00745262249 3.76114 0.0149489
2.01372721862 3.78487 0.015742
2.02001108039 3.81192 0.0144928
2.02630405283 3.83737 0.0142006
2.03258735828 3.86224 0.015494
2.03886100377 3.88686 0.0154667
2.04514489951 3.9127 0.0154028
2.05143683626 3.93978 0.0148951
2.05772382203 3.96457 0.0149909
2.0640044634 3.99079 0.0154776
2.07029278421 4.01791 0.0146824
2.07658471853 4.04302 0.0153746
2.08285424307 4.06951 0.0160423
2.08912259138 4.09235 0.0168601
2.09541730178 4.12158 0.016257
2.10170304464 4.14721 0.0173226
2.10797273337 4.17159 0.0168274
2.11425579676 4.19809 0.0175572
2.12053788985 4.22398 0.0182305
2.12682075079 4.25066 0.0162711
2.13310670204 4.27496 0.0177437
2.13940011923 4.30065 0.0163553
2.14568939859 4.33 0.0180943
2.15195789682 4.35067 0.0172191
2.15824033347 4.37839 0.0192823
2.16453048092 4.40044 0.0189264
2.17081716829 4.42795 0.0189744
2.17709912993 4.45076 0.0181274
2.18337674027 4.47459 0.0188636
2.18965452646 4.50002 0.0182623
2.19593814184 4.51798 0.0187298
2.20221722867 4.55048 0.0181126
2.20849850085 4.56503 0.0195699
2.21479372465 4.59351 0.0210997
2.22107581834 4.61538 0.0186133
2.22733812199 4.63376 0.0190689
2.23362792264 4.65622 0.0200895
2.2399287897 4.6752 0.019929
2.24620084223 4.69824 0.0211815
2.2524810722 4.71098 0.0197467
2.25875993301 4.73201 0.0195921
2.26503776668 4.74895 0.0210106
2.27130391144 4.76491 0.0198751
2.27758972822 4.78046 0.0215063
2.28389830542 4.79667 0.0228573
2.29017001225 4.81728 0.0226181
2.29645357402 4.83936 0.021822
2.30275372852 4.85485 0.0243586
2.30903325986 4.87932 0.0238799
2.31530674049 4.89811 0.0233072
2.32158490306 4.91969 0.0214045
2.3278758488 4.94045 0.023902
2.33415543799 4.9647 0.0234136
2.34041936871 4.98833 0.0251256
2.34670710068 5.00953 0.0253887
2.3530032916 5.03113 0.0260283
2.35928989445 5.05545 0.0270253
2.36555387699 5.07857 0.025171
2.37182578571 5.10042 0.0270773
2.3781409032 5.12464 0.025547
2.38442809259 5.1514 0.0279951
2.39069258243 5.17512 0.0276857
2.39698813839 5.19784 0.0292529
2.40330354843 5.22057 0.0302816
2.40957307365 5.2518 0.0274173
2.41583080138 5.27149 0.0319097
2.42214385676 5.29649 0.0328762
2.42843005755 5.32475 0.0307536
2.43467776878 5.345 0.032394
2.44097021258 5.37127 0.0320114
2.44729898127 5.39971 0.0320906
2.45356911846 5.42601 0.0330089
2.45980003814 5.44604 0.0336991
2.4661092349 5.47154 0.035908
2.47241430729 5.5021 0.0382545
2.47866355169 5.52856 0.0342391
2.48493431628 5.55146 0.0370964
2.49124283111 5.5779 0.0399787
2.49755537626 5.60976 0.0353954
2.50380379021 5.62648 0.0344851
2.51005045336 5.65615 0.0422814
2.51638815336 5.68383 0.0329125
2.52269694929 5.70875 0.0441312
2.52891211798 5.73846 0.0406203
2.53519495098 5.76035 0.0386068
2.54155301509 5.78321 0.0400445
2.54783359884 5.81135 0.0471241
2.55402772623 5.84208 0.0501193
2.56033571996 5.86058 0.0419641
2.56672381747 5.8884 0.0471731
2.57294751341 5.91413 0.0489738
2.57911252531 5.93904 0.0439492
2.58547549612 5.95907 0.0498637
2.59185019505 5.98095 0.0528267
2.59805932148 6.01107 0.0573432
2.60429715989 6.0342 0.0538794
2.61067449751 6.05435 0.0551894
2.61693283418 6.09007 0.0607972
2.62300854502 6.10227 0.0685471
2.62939753095 6.12393 0.0571234
2.63591057571 6.14931 0.0618857
2.64202978624 6.1725 0.0658701
2.64803951219 6.1962 0.0651437
2.65454096229 6.21899 0.0683562
2.66118028258 6.23483 0.0760683
2.66719514746 6.26214 0.0757641
2.67309090101 6.27649 0.0861537
2.67973176445 6.29899 0.0850761
2.68646693102 6.34423 0.100674
2.69219835647 6.32997 0.109012
2.69796467721 6.33725 0.102335
2.70489193937 6.37455 0.116249
2.71182026315 6.40978 0.124449
2.71709790339 6.37516 0.152462
2.7227864466 6.43785 0.140342
2.72994784687 6.43393 0.155947
2.73706528781 6.47409 0.194392
2.74248820391 6.51704 0.218389
2.74787331837 6.51949 0.23004
2.75504313834 6.5301 0.278003
2.76219934437 6.54389 0.367552
2.76789278819 6.58145 0.653379
2.77283198247 6.52813 0.56147
2.77965581172 6.4971 1.33565
2.78599582346 nan nan
