0.0088996412247 nan nan
0.0150791221651 0.428474 0.0821474
0.0214479018646 0.602158 0.0478607
0.0278366077649 0.759723 0.0464776
0.034350997858 0.871412 0.035643
0.0404788676143 0.946688 0.0311766
0.0467671668358 1.01329 0.0267416
0.0530822510177 1.0712 0.0251468
0.0594536244094 1.10452 0.0230664
0.0657622481459 1.13721 0.024802
0.071966329067 1.16239 0.0235584
0.0782786091569 1.18758 0.0174175
0.0847039894583 1.20511 0.0208048
0.0909685462053 1.22003 0.019824
0.0972078977683 1.22722 0.0205873
0.103476303896 1.2379 0.0188083
0.109757644425 1.24599 0.021142
0.116054308478 1.25307 0.0195401
0.122366966654 1.26392 0.0161315
0.128681726309 1.27026 0.0179652
0.134950080166 1.26996 0.0180143
0.141194955884 1.27021 0.0166657
0.147513357575 1.27355 0.0184093
0.153786507425 1.2732 0.0191815
0.160065754405 1.27173 0.0171671
0.166399116869 1.26974 0.0169788
0.172719564578 1.26905 0.0186763
0.178976521338 1.26996 0.0179899
0.185235369065 1.27138 0.0190731
0.191480678734 1.27081 0.0187501
0.197788986865 1.27089 0.0161005
0.204093773545 1.26262 0.0181113
0.210393930261 1.26518 0.0165177
0.216690970982 1.25809 0.0174315
0.222970028122 1.25611 0.0167221
0.229262002709 1.25134 0.0182
0.235514150837 1.2475 0.0166301
0.241791058382 1.24631 0.0188035
0.248085653944 1.2428 0.0177264
0.254349225687 1.24065 0.0182521
0.260633425188 1.23677 0.0159624
0.26692573709 1.23349 0.018516
0.273242334314 1.2292 0.0177169
0.279552968008 1.22411 0.0174484
0.285836629231 1.22083 0.017731
0.292087627139 1.21664 0.017352
0.298344984444 1.21067 0.0164787
0.304638263941 1.20531 0.016249
0.3109279127 1.19948 0.0166759
0.317216817162 1.1974 0.0166587
0.323518756794 1.1924 0.0204672
0.329816821755 1.188 0.0171917
0.336117642946 1.18625 0.0168148
0.342370037571 1.18056 0.0194501
0.348647819267 1.17321 0.0178801
0.354941161441 1.16867 0.0167799
0.361191693542 1.16293 0.0180022
0.367476708956 1.15846 0.0206171
0.373764779528 1.15474 0.0180657
0.380065403148 1.14822 0.0188804
0.386353986126 1.14409 0.0162574
0.392614018136 1.13584 0.0167766
0.398926450032 1.13506 0.0172097
0.405207324458 1.12816 0.0158945
0.411491647757 1.12275 0.0166534
0.417781427212 1.1183 0.0191916
0.424040064873 1.11494 0.0185699
0.430342569027 1.10796 0.0187558
0.436635856026 1.10596 0.0188297
0.442899618322 1.10051 0.0163395
0.449163441853 1.09407 0.0184632
0.455441414625 1.08833 0.0176923
0.46176344703 1.08454 0.0175964
0.468064424202 1.07639 0.0181363
0.474348524276 1.07311 0.0180497
0.480635613682 1.06779 0.0154942
0.486901925839 1.06896 0.0145107
0.49316970996 1.0546 0.0163471
0.499450674714 1.0556 0.0183224
0.505715905134 1.04341 0.0164251
0.511992399627 1.0409 0.0188522
0.518312609777 1.03469 0.0191182
0.524608963803 1.02872 0.0200285
0.530875730848 1.0272 0.0175043
0.537157352795 1.02025 0.0191457
0.543457956378 1.01508 0.0171943
0.549743065239 1.01043 0.0173103
0.55599374275 1.00765 0.017034
0.562285467661 1.00118 0.0194634
0.568601153723 0.99598 0.018778
0.574880458942 0.986123 0.0166173
0.581155021034 0.98461 0.0186507
0.587439449666 0.97755 0.0183349
0.59371762203 0.972372 0.0190069
0.599997195479 0.968793 0.017946
0.606267911512 0.964337 0.0191167
0.612546957644 0.958819 0.0187657
0.618847773304 0.955016 0.0173751
0.625131056744 0.951284 0.0199122
0.631402745038 0.945024 0.0207209
0.637700356273 0.940678 0.021802
0.643985778331 0.935191 0.0199103
0.650268541717 0.931548 0.0175197
0.65655861177 0.925299 0.0179702
0.662836928236 0.920987 0.0179411
0.669118544496 0.914618 0.0194682
0.675407019858 0.911356 0.0192854
0.681683551459 0.908425 0.0191552
0.687959253386 0.900806 0.0200016
0.694234431704 0.896689 0.0209616
0.700517540243 0.894195 0.0182673
0.706812495661 0.890254 0.0193122
0.713101900967 0.881926 0.020039
0.719391825117 0.878635 0.019749
0.72568338076 0.876526 0.019982
0.731965268271 0.867753 0.0180528
0.738250799048 0.863111 0.0192615
0.744526584212 0.863064 0.0194533
0.750787110194 0.860216 0.0206861
0.757075846532 0.853803 0.0193003
0.76336412336 0.85334 0.0232397
0.769646295986 0.848463 0.0215439
0.775939486518 0.845883 0.0204506
0.782232914199 0.840107 0.0191667
0.788531493652 0.837654 0.0210917
0.794789656698 0.831463 0.021708
0.801049109659 0.831462 0.019995
0.807336406173 0.828644 0.0203442
0.813622948837 0.821772 0.0210892
0.819915299896 0.821243 0.0214807
0.826195263639 0.819701 0.0168829
0.832489707008 0.817044 0.0208797
0.838795930921 0.813738 0.020871
0.84506346397 0.808892 0.023639
0.851328286756 0.811195 0.0193705
0.85761982639 0.806918 0.0196014
0.863905847706 0.80232 0.0214989
0.870183874549 0.803249 0.0183679
0.876464109608 0.801656 0.0231245
0.88275038734 0.80033 0.0222746
0.889033276839 0.79802 0.019271
0.895308424711 0.793725 0.0219187
0.901595652167 0.795442 0.0248597
0.907883332809 0.792999 0.0232212
0.914174410632 0.791723 0.0220911
0.920463081772 0.789473 0.0192971
0.926743441526 0.789811 0.018923
0.933032419735 0.79115 0.0202834
0.939326578557 0.790129 0.0209755
0.94559748104 0.793392 0.0206839
0.951866001855 0.792924 0.0227865
0.958141325553 0.793413 0.0210347
0.964435094511 0.793283 0.0190224
0.970735563357 0.792617 0.0190726
0.977008076845 0.797534 0.020718
0.983282332536 0.79784 0.0241445
0.989556969197 0.801315 0.01936
0.995845630192 0.801257 0.0200397
1.00213621074 0.805042 0.0217821
1.00840482534 0.80554 0.02284
1.01469414984 0.810347 0.019759
1.02099255544 0.809959 0.0193839
1.02727398044 0.814852 0.0200282
1.0335591819 0.816026 0.0195128
1.03984755739 0.823524 0.0178561
1.04612697494 0.827742 0.0218155
1.05240343681 0.834971 0.0207768
1.05868070465 0.837347 0.0192976
1.06496433307 0.844201 0.021274
1.07125677744 0.846541 0.019285
1.0775440488 0.8493 0.0204956
1.08382482019 0.858387 0.0210005
1.09010802394 0.86434 0.0178015
1.09638966596 0.870537 0.020706
1.10268113206 0.880459 0.0188034
1.10896304759 0.882418 0.0176961
1.11522542846 0.892619 0.0198326
1.12150212761 0.899215 0.0195387
1.12779257382 0.908724 0.0205096
1.13408955267 0.921996 0.0182199
1.14036404965 0.929609 0.0188848
1.14663918032 0.937046 0.0208166
1.15294241299 0.945817 0.0170346
1.15922890675 0.956056 0.0200929
1.16550872189 0.963803 0.020282
1.17179307626 0.973304 0.0194794
1.17808743637 0.989903 0.0161882
1.18436765425 0.99814 0.0176399
1.1906346423 1.0104 0.0166474
1.19691220883 1.02415 0.0171799
1.20320157735 1.03288 0.0181423
1.20948684444 1.05041 0.015693
1.21576390207 1.06159 0.0168159
1.22204975517 1.0737 0.0159172
1.22834061662 1.08688 0.0151925
1.23463298658 1.10351 0.016042
1.24090224718 1.1183 0.0165119
1.24717483914 1.13256 0.0155199
1.25346545993 1.14887 0.015726
1.25974995189 1.16033 0.0168592
1.26603214313 1.17883 0.0148409
1.27231628847 1.19355 0.0139684
1.27860415506 1.20872 0.0162292
1.28488658893 1.22796 0.0132354
1.29117542007 1.24316 0.0133923
1.29746572637 1.26292 0.0147232
1.30374182701 1.27804 0.0134238
1.31001732292 1.29948 0.0144316
1.31630144766 1.31573 0.0146986
1.32258676036 1.33406 0.0133719
1.32886549245 1.35437 0.0150329
1.33514480495 1.37221 0.0142331
1.34144051627 1.39134 0.0141771
1.34773086842 1.41362 0.0141866
1.35400158999 1.43289 0.0153236
1.3602826093 1.45478 0.0121396
1.36656568646 1.47527 0.0158163
1.37285149848 1.49614 0.0128318
1.37913537293 1.51955 0.0118098
1.38540956715 1.53871 0.012989
1.39169864122 1.56201 0.0126428
1.39798445144 1.58746 0.0130646
1.40426788341 1.60889 0.0131134
1.41055477948 1.63014 0.013235
1.41683783355 1.65673 0.0123169
1.42311817719 1.67709 0.0128932
1.42939780116 1.70281 0.0126425
1.43568692182 1.72852 0.0129934
1.44197712177 1.75295 0.0119062
1.44825366785 1.7775 0.0120778
1.45453234897 1.80161 0.0112188
1.46081931915 1.82826 0.0118794
1.4671103644 1.85299 0.0129246
1.47339290895 1.87994 0.0127328
1.47966996524 1.90771 0.0114546
1.4859561446 1.93255 0.0126383
1.49223361076 1.95866 0.0116338
1.49850247038 1.98645 0.0116438
1.50478575205 2.01141 0.0113184
1.51107599189 2.04042 0.0109175
1.51736163499 2.06985 0.0106823
1.52364857097 2.09608 0.0111751
1.52993803572 2.12449 0.0114843
1.53623017691 2.15324 0.0121272
1.54251071878 2.1821 0.0117243
1.54878396308 2.21021 0.0108887
1.55507306978 2.23974 0.0114433
1.56135732493 2.26963 0.0108135
1.56762912105 2.29817 0.0113437
1.5739136974 2.32785 0.0101014
1.58020354523 2.35642 0.0111512
1.58648539343 2.38769 0.00947602
1.59276001426 2.41519 0.0111979
1.59904643639 2.44445 0.0107975
1.60534213664 2.47625 0.0112985
1.61161976836 2.49756 0.0115959
1.61789716835 2.51228 0.0113154
1.62418270854 2.52602 0.0102596
1.63046407995 2.54048 0.0108606
1.63674824683 2.5556 0.0119884
1.64303013827 2.56977 0.0111553
1.64930808063 2.5842 0.0117559
1.65559224863 2.59914 0.0124789
1.66187827598 2.61356 0.0124783
1.66816823994 2.62973 0.0104729
1.6744495611 2.64455 0.0117025
1.68072138563 2.66159 0.0116817
1.68701215424 2.67545 0.0123596
1.6933074808 2.69158 0.0118312
1.69958064303 2.70653 0.0124786
1.70586179344 2.72209 0.0122401
1.71215172419 2.74124 0.0134435
1.71843538617 2.75607 0.011791
1.72471844694 2.77323 0.0112928
1.73099491844 2.78983 0.0117236
1.73728636032 2.80725 0.0129047
1.74356630258 2.82359 0.0125734
1.74983600778 2.84185 0.0134692
1.75612327869 2.86006 0.0134849
1.76241061606 2.87738 0.0125906
1.76869357896 2.89546 0.0123803
1.77497674839 2.91255 0.012645
1.78126362161 2.93109 0.0139337
1.78754574761 2.94946 0.0119606
1.7938272923 2.97047 0.0141438
1.80010772174 2.98913 0.0120259
1.80639091391 3.0079 0.0148449
1.81267451427 3.02582 0.0136776
1.81895363524 3.04752 0.013642
1.82523850291 3.0663 0.0138301
1.8315236862 3.08477 0.0134781
1.83781040898 3.10736 0.0125863
1.84409642612 3.12824 0.0151051
1.8503769215 3.14787 0.0131527
1.85666074594 3.16832 0.0140021
1.86294359809 3.18844 0.0126514
1.86922204917 3.21015 0.0136955
1.87550781357 3.23273 0.0148896
1.88179499507 3.25418 0.014324
1.88807781314 3.27549 0.0144676
1.89435244502 3.29601 0.0130375
1.90063796885 3.31973 0.0146673
1.90692833723 3.34139 0.0144045
1.91320221586 3.3637 0.0136476
1.91948223445 3.38753 0.0140545
1.92577010575 3.41115 0.0152647
1.93206491035 3.4346 0.0143436
1.93834071151 3.4535 0.0135528
1.94460828613 3.48064 0.0146095
1.9508968614 3.50409 0.0149034
1.95718811973 3.52702 0.0160026
1.96347509207 3.55086 0.0147857
1.9697553281 3.5733 0.0160087
1.9760413775 3.60026 0.0160797
1.98233260336 3.6232 0.0156787
1.98861171931 3.64982 0.0160111
1.99488792869 3.67305 0.0160145
2.00117304134 3.69772 0.0159106
2.00745262249 3.72434 0.0171838
2.01372721862 3.74749 0.0169533
2.02001108039 3.77469 0.0150622
2.02630405283 3.79891 0.0167696
2.03258735828 3.82442 0.0166537
2.03886100377 3.84976 0.0173544
2.04514489951 3.87403 0.0157787
2.05143683626 3.90233 0.0165135
2.05772382203 3.92722 0.0167944
2.0640044634 3.9522 0.0172219
2.07029278421 3.97919 0.0157009
2.07658471853 4.00386 0.0163265
2.08285424307 4.03265 0.0187838
2.08912259138 4.05373 0.0171041
2.09541730178 4.08389 0.0171984
2.10170304464 4.10728 0.0184478
2.10797273337 4.13194 0.0187911
2.11425579676 4.15855 0.0193999
2.12053788985 4.18452 0.0181478
2.12682075079 4.21191 0.0177627
2.13310670204 4.23531 0.0196806
2.13940011923 4.26155 0.0183103
2.14568939859 4.28987 0.0184237
2.15195789682 4.31241 0.0176079
2.15824033347 4.33914 0.0208036
2.16453048092 4.36045 0.0190778
2.17081716829 4.38895 0.0192273
2.17709912993 4.41179 0.0204753
2.18337674027 4.43296 0.0193085
2.18965452646 4.46003 0.0191015
2.19593814184 4.47849 0.0212175
2.20221722867 4.50924 0.0198546
2.20849850085 4.52453 0.0220719
2.21479372465 4.55289 0.0230724
2.22107581834 4.5725 0.0199855
2.22733812199 4.59195 0.0208
2.23362792264 4.61553 0.0223775
2.2399287897 4.63508 0.023573
2.24620084223 4.65763 0.0217977
2.2524810722 4.67064 0.0221739
2.25875993301 4.68881 0.0232417
2.26503776668 4.70607 0.0228966
2.27130391144 4.72248 0.0228784
2.27758972822 4.73696 0.0250448
2.28389830542 4.75549 0.0251887
2.29017001225 4.7761 0.0269313
2.29645357402 4.79497 0.0233236
2.30275372852 4.8121 0.0244479
2.30903325986 4.83515 0.023427
2.31530674049 4.85393 0.0262018
2.32158490306 4.87553 0.0251511
2.3278758488 4.89496 0.0270795
2.33415543799 4.91807 0.0288668
2.34041936871 4.94179 0.0260742
2.34670710068 4.96295 0.0258939
2.3530032916 4.98489 0.0301695
2.35928989445 5.00957 0.0288437
2.36555387699 5.03437 0.0270688
2.37182578571 5.0552 0.0287741
2.3781409032 5.07667 0.0274273
2.38442809259 5.10614 0.0318513
2.39069258243 5.12924 0.0295371
2.39698813839 5.15171 0.0288162
2.40330354843 5.17407 0.0293085
2.40957307365 5.2019 0.0285733
2.41583080138 5.22669 0.0337821
2.42214385676 5.25149 0.0320203
2.42843005755 5.27648 0.0310876
2.43467776878 5.29805 0.031358
2.44097021258 5.32524 0.03488
2.44729898127 5.35585 0.0344904
2.45356911846 5.37922 0.0353754
2.45980003814 5.39853 0.0335652
2.4661092349 5.42682 0.0369531
2.47241430729 5.452 0.0404835
2.47866355169 5.48051 0.0386024
2.48493431628 5.50363 0.0372904
2.49124283111 5.52724 0.0402123
2.49755537626 5.55858 0.0389332
2.50380379021 5.58029 0.0355763
2.51005045336 5.60968 0.0433506
2.51638815336 5.63364 0.0378598
2.52269694929 5.65924 0.0436781
2.52891211798 5.68955 0.0448095
2.53519495098 5.70864 0.0428259
2.54155301509 5.73512 0.0410716
2.54783359884 5.76263 0.0486665
2.55402772623 5.78679 0.0496493
2.56033571996 5.81405 0.0489115
2.56672381747 5.83895 0.0473243
2.57294751341 5.86421 0.0526151
2.57911252531 5.89231 0.0466737
2.58547549612 5.90576 0.0548293
2.59185019505 5.93311 0.0509015
2.59805932148 5.96064 0.0618683
2.60429715989 5.9857 0.055528
2.61067449751 6.00465 0.0527406
2.61693283418 6.03871 0.0564257
2.62300854502 6.05391 0.0662492
2.62939753095 6.07367 0.0560479
2.63591057571 6.10436 0.0640756
2.64202978624 6.13011 0.0666848
2.64803951219 6.14559 0.0646172
2.65454096229 6.16554 0.0690014
2.66118028258 6.18661 0.0745337
2.66719514746 6.21953 0.0900286
2.67309090101 6.23184 0.0802664
2.67973176445 6.25738 0.0842547
2.68646693102 6.29647 0.0927605
2.69219835647 6.283 0.0990973
2.69796467721 6.29581 0.0994113
2.70489193937 6.31831 0.119572
2.71182026315 6.3444 0.125707
2.71709790339 6.35529 0.146198
2.7227864466 6.39011 0.13136
2.72994784687 6.39951 0.162657
2.73706528781 6.44456 0.18566
2.74248820391 6.45065 0.226056
2.74787331837 6.45331 0.23321
2.75504313834 6.48842 0.247349
2.76219934437 6.51534 0.334948
2.76789278819 6.51801 0.683435
2.77283198247 6.4912 0.615035
2.77965581172 6.4489 1.40809
2.78599582346 nan nan
