0.0088996412247 2.30457 0.177153
0.0150791221651 1.49513 0.0929946
0.0214479018646 0.981607 0.0688076
0.0278366077649 0.732752 0.0508963
0.034350997858 0.682865 0.0431153
0.0404788676143 0.710475 0.0408864
0.0467671668358 0.770186 0.0340852
0.0530822510177 0.851152 0.0300186
0.0594536244094 0.89923 0.028817
0.0657622481459 0.955072 0.0300279
0.071966329067 1.0004 0.0287796
0.0782786091569 1.04834 0.0227997
0.0847039894583 1.08886 0.0243662
0.0909685462053 1.12613 0.0246473
0.0972078977683 1.15299 0.024657
0.103476303896 1.18038 0.0204077
0.109757644425 1.20531 0.0229115
0.116054308478 1.2208 0.0199277
0.122366966654 1.24018 0.02147
0.128681726309 1.25059 0.0218688
0.134950080166 1.26533 0.0214319
0.141194955884 1.27186 0.0184003
0.147513357575 1.28049 0.0204777
0.153786507425 1.28991 0.0199949
0.160065754405 1.29466 0.0205717
0.166399116869 1.29908 0.0190943
0.172719564578 1.30716 0.0200575
0.178976521338 1.31349 0.0178152
0.185235369065 1.32281 0.0194858
0.191480678734 1.3244 0.0186477
0.197788986865 1.32796 0.0167414
0.204093773545 1.32395 0.0175325
0.210393930261 1.33315 0.0185822
0.216690970982 1.32558 0.0200012
0.222970028122 1.33385 0.0187898
0.229262002709 1.33161 0.0168895
0.235514150837 1.3311 0.0172144
0.241791058382 1.33329 0.0200484
0.248085653944 1.33087 0.0210772
0.254349225687 1.33485 0.0160646
0.260633425188 1.33377 0.0183233
0.26692573709 1.33399 0.0185603
0.273242334314 1.33087 0.0181439
0.279552968008 1.33036 0.0181143
0.285836629231 1.32966 0.0169664
0.292087627139 1.32795 0.0173181
0.298344984444 1.32177 0.0162121
0.304638263941 1.32143 0.0168073
0.3109279127 1.31674 0.0172793
0.317216817162 1.31678 0.016424
0.323518756794 1.31461 0.0180611
0.329816821755 1.31142 0.0147119
0.336117642946 1.31177 0.0163701
0.342370037571 1.308 0.0192013
0.348647819267 1.3025 0.0161139
0.354941161441 1.2985 0.0166379
0.361191693542 1.29252 0.016494
0.367476708956 1.28936 0.01788
0.373764779528 1.28937 0.0172093
0.380065403148 1.28168 0.0167416
0.386353986126 1.2777 0.0151136
0.392614018136 1.27167 0.0171888
0.398926450032 1.27144 0.0165881
0.405207324458 1.26267 0.0157502
0.411491647757 1.25881 0.017594
0.417781427212 1.25396 0.0179529
0.424040064873 1.25014 0.016639
0.430342569027 1.24555 0.0166765
0.436635856026 1.24306 0.0152703
0.442899618322 1.23456 0.0162762
0.449163441853 1.23132 0.0187241
0.455441414625 1.22453 0.0174693
0.46176344703 1.21843 0.0182699
0.468064424202 1.21132 0.0189611
0.474348524276 1.20757 0.0152418
0.480635613682 1.2018 0.0148395
0.486901925839 1.19887 0.0161095
0.49316970996 1.18472 0.0162206
0.499450674714 1.18594 0.0188981
0.505715905134 1.17566 0.0169848
0.511992399627 1.1709 0.0163617
0.518312609777 1.1631 0.0163908
0.524608963803 1.15737 0.0191785
0.530875730848 1.15527 0.0173271
0.537157352795 1.14627 0.0162599
0.543457956378 1.13943 0.0157765
0.549743065239 1.13101 0.0176054
0.55599374275 1.12795 0.017049
0.562285467661 1.12032 0.0162745
0.568601153723 1.11384 0.0147429
0.574880458942 1.10439 0.0171113
0.581155021034 1.09957 0.018312
0.587439449666 1.09239 0.0196995
0.59371762203 1.08643 0.0191225
0.599997195479 1.08153 0.0166183
0.606267911512 1.07413 0.0182863
0.612546957644 1.06871 0.0156189
0.618847773304 1.06359 0.0157958
0.625131056744 1.05633 0.0174351
0.631402745038 1.05238 0.0163417
0.637700356273 1.04107 0.0191213
0.643985778331 1.03582 0.0181136
0.650268541717 1.02753 0.0166115
0.65655861177 1.02149 0.0180157
0.662836928236 1.01535 0.0163992
0.669118544496 1.011 0.017678
0.675407019858 1.00318 0.0194925
0.681683551459 0.99438 0.0163597
0.687959253386 0.987958 0.0169717
0.694234431704 0.981379 0.018235
0.700517540243 0.973946 0.0177933
0.706812495661 0.972891 0.0188686
0.713101900967 0.964219 0.0197087
0.719391825117 0.955247 0.0192507
0.72568338076 0.951872 0.0165648
0.731965268271 0.940483 0.0162008
0.738250799048 0.936636 0.0179504
0.744526584212 0.933454 0.017321
0.750787110194 0.929076 0.0176355
0.757075846532 0.921127 0.0195916
0.76336412336 0.918644 0.0198155
0.769646295986 0.910886 0.0217575
0.775939486518 0.905187 0.0193024
0.782232914199 0.898841 0.0186255
0.788531493652 0.893711 0.0194186
0.794789656698 0.889081 0.0195724
0.801049109659 0.882978 0.0175721
0.807336406173 0.877601 0.0191338
0.813622948837 0.871085 0.0228223
0.819915299896 0.867539 0.0201586
0.826195263639 0.863126 0.0186325
0.832489707008 0.85624 0.0199264
0.838795930921 0.850397 0.0205095
0.84506346397 0.849782 0.0209291
0.851328286756 0.845518 0.0195696
0.85761982639 0.837849 0.0208609
0.863905847706 0.8344 0.0201182
0.870183874549 0.833462 0.0213429
0.876464109608 0.831435 0.0207639
0.88275038734 0.824995 0.0184465
0.889033276839 0.819765 0.019514
0.895308424711 0.816465 0.0212649
0.901595652167 0.813768 0.0208744
0.907883332809 0.811208 0.0221888
0.914174410632 0.807473 0.0212929
0.920463081772 0.802644 0.020426
0.926743441526 0.80033 0.0209371
0.933032419735 0.799803 0.0178566
0.939326578557 0.800481 0.022594
0.94559748104 0.797918 0.0212787
0.951866001855 0.797452 0.0199759
0.958141325553 0.79531 0.0205895
0.964435094511 0.793832 0.0200477
0.970735563357 0.79599 0.0231795
0.977008076845 0.795412 0.0221088
0.983282332536 0.793108 0.0208372
0.989556969197 0.791973 0.0188681
0.995845630192 0.793724 0.0192416
1.00213621074 0.797784 0.020851
1.00840482534 0.798899 0.020786
1.01469414984 0.797973 0.02027
1.02099255544 0.797838 0.0204485
1.02727398044 0.799764 0.0227855
1.0335591819 0.802819 0.0226663
1.03984755739 0.807684 0.0193432
1.04612697494 0.807068 0.0206185
1.05240343681 0.813549 0.0199288
1.05868070465 0.813059 0.0190086
1.06496433307 0.820478 0.0254426
1.07125677744 0.819461 0.0197333
1.0775440488 0.820955 0.0239795
1.08382482019 0.831902 0.0214628
1.09010802394 0.833817 0.0197141
1.09638966596 0.840384 0.0210165
1.10268113206 0.845648 0.0195782
1.10896304759 0.850414 0.0191923
1.11522542846 0.860142 0.0211588
1.12150212761 0.865104 0.0196664
1.12779257382 0.872114 0.0182837
1.13408955267 0.884996 0.0191368
1.14036404965 0.890859 0.0195942
1.14663918032 0.898104 0.019099
1.15294241299 0.908293 0.0194964
1.15922890675 0.913551 0.0181411
1.16550872189 0.926168 0.0183986
1.17179307626 0.93089 0.0161982
1.17808743637 0.946393 0.0185199
1.18436765425 0.954968 0.0182767
1.1906346423 0.967447 0.0188456
1.19691220883 0.979953 0.0178547
1.20320157735 0.988944 0.0189044
1.20948684444 1.00531 0.0162984
1.21576390207 1.01594 0.0174288
1.22204975517 1.02777 0.0171488
1.22834061662 1.04071 0.0163335
1.23463298658 1.05664 0.0163599
1.24090224718 1.06981 0.0160214
1.24717483914 1.0847 0.0157079
1.25346545993 1.10098 0.0193742
1.25974995189 1.11297 0.0160865
1.26603214313 1.12878 0.0150442
1.27231628847 1.14459 0.0156441
1.27860415506 1.15831 0.0171903
1.28488658893 1.17987 0.0152913
1.29117542007 1.1932 0.0154078
1.29746572637 1.21073 0.016084
1.30374182701 1.23006 0.0155214
1.31001732292 1.25019 0.0150526
1.31630144766 1.26452 0.0162599
1.32258676036 1.28215 0.0132569
1.32886549245 1.30489 0.0127118
1.33514480495 1.32243 0.0147291
1.34144051627 1.34263 0.0161421
1.34773086842 1.36533 0.013996
1.35400158999 1.38406 0.0154557
1.3602826093 1.40559 0.0133168
1.36656568646 1.42477 0.0150789
1.37285149848 1.44594 0.0119619
1.37913537293 1.46933 0.0135835
1.38540956715 1.49052 0.0131855
1.39169864122 1.51119 0.0130583
1.39798445144 1.53897 0.0122892
1.40426788341 1.55965 0.0129621
1.41055477948 1.58229 0.0107957
1.41683783355 1.60689 0.012665
1.42311817719 1.63034 0.0137251
1.42939780116 1.65471 0.0117092
1.43568692182 1.67951 0.0135936
1.44197712177 1.70611 0.0131495
1.44825366785 1.72943 0.0121298
1.45453234897 1.75554 0.0132714
1.46081931915 1.77867 0.0123307
1.4671103644 1.80663 0.0121895
1.47339290895 1.83247 0.0130666
1.47966996524 1.86171 0.0129347
1.4859561446 1.8863 0.0133054
1.49223361076 1.91418 0.0114885
1.49850247038 1.94156 0.0110185
1.50478575205 1.96619 0.0110056
1.51107599189 1.99495 0.0110648
1.51736163499 2.0237 0.0122747
1.52364857097 2.05171 0.0108613
1.52993803572 2.08006 0.0116835
1.53623017691 2.10822 0.0115136
1.54251071878 2.13684 0.012033
1.54878396308 2.16533 0.0108567
1.55507306978 2.19592 0.01096
1.56135732493 2.22481 0.0109373
1.56762912105 2.25449 0.0114726
1.5739136974 2.28503 0.0105688
1.58020354523 2.31407 0.0110869
1.58648539343 2.3444 0.010459
1.59276001426 2.37314 0.0109105
1.59904643639 2.40216 0.0109958
1.60534213664 2.43492 0.0112314
1.61161976836 2.45671 0.0114597
1.61789716835 2.46834 0.0101075
1.62418270854 2.48339 0.0114542
1.63046407995 2.49781 0.0105294
1.63674824683 2.51173 0.0111697
1.64303013827 2.52586 0.01117
1.64930808063 2.54019 0.0106682
1.65559224863 2.55533 0.0116232
1.66187827598 2.56908 0.0117098
1.66816823994 2.5851 0.0109735
1.6744495611 2.59912 0.0111036
1.68072138563 2.61511 0.0119186
1.68701215424 2.63027 0.0109627
1.6933074808 2.64529 0.011982
1.69958064303 2.66128 0.0115342
1.70586179344 2.67715 0.0126823
1.71215172419 2.69631 0.0122274
1.71843538617 2.71083 0.0122665
1.72471844694 2.72681 0.0116403
1.73099491844 2.74347 0.0128703
1.73728636032 2.7608 0.0131087
1.74356630258 2.77626 0.0121363
1.74983600778 2.79566 0.012112
1.75612327869 2.81295 0.011633
1.76241061606 2.83064 0.0125024
1.76869357896 2.84842 0.0122595
1.77497674839 2.86719 0.0123954
1.78126362161 2.88486 0.0125938
1.78754574761 2.90235 0.0124584
1.7938272923 2.92199 0.0122529
1.80010772174 2.94042 0.0129433
1.80639091391 2.9602 0.0137244
1.81267451427 2.97865 0.0131847
1.81895363524 2.99913 0.01262
1.82523850291 3.01864 0.0134131
1.8315236862 3.03607 0.0138876
1.83781040898 3.05841 0.0127667
1.84409642612 3.07922 0.0131643
1.8503769215 3.09895 0.0120048
1.85666074594 3.11992 0.0137413
1.86294359809 3.14015 0.0121699
1.86922204917 3.1614 0.0123309
1.87550781357 3.1831 0.0131382
1.88179499507 3.20343 0.0135395
1.88807781314 3.22624 0.0138806
1.89435244502 3.2476 0.0122891
1.90063796885 3.27067 0.0136115
1.90692833723 3.29169 0.0134056
1.91320221586 3.31542 0.0137386
1.91948223445 3.33735 0.014443
1.92577010575 3.36061 0.014527
1.93206491035 3.38472 0.0134102
1.93834071151 3.40378 0.0131461
1.94460828613 3.42915 0.0140092
1.9508968614 3.45362 0.0137813
1.95718811973 3.47692 0.0145566
1.96347509207 3.50059 0.0146106
1.9697553281 3.52204 0.0142488
1.9760413775 3.55025 0.0144281
1.98233260336 3.57311 0.0142347
1.98861171931 3.59893 0.0157816
1.99488792869 3.6216 0.0151987
2.00117304134 3.64729 0.0154631
2.00745262249 3.67258 0.0155064
2.01372721862 3.6973 0.0148947
2.02001108039 3.72334 0.0159224
2.02630405283 3.74736 0.0165619
2.03258735828 3.77352 0.0160695
2.03886100377 3.79773 0.0150974
2.04514489951 3.82289 0.0159094
2.05143683626 3.85015 0.0153003
2.05772382203 3.87489 0.0169157
2.0640044634 3.90085 0.0153635
2.07029278421 3.92755 0.0156099
2.07658471853 3.95294 0.0145854
2.08285424307 3.98008 0.0158873
2.08912259138 4.00188 0.0162433
2.09541730178 4.03164 0.0164492
2.10170304464 4.05612 0.0180072
2.10797273337 4.08021 0.017128
2.11425579676 4.10674 0.019015
2.12053788985 4.13134 0.0179464
2.12682075079 4.15932 0.0178821
2.13310670204 4.18366 0.019345
2.13940011923 4.20863 0.0178051
2.14568939859 4.2372 0.0173607
2.15195789682 4.25881 0.0171135
2.15824033347 4.28594 0.019001
2.16453048092 4.3063 0.0190644
2.17081716829 4.33457 0.0196506
2.17709912993 4.35806 0.019191
2.18337674027 4.37969 0.0189748
2.18965452646 4.40578 0.0176005
2.19593814184 4.42515 0.0201792
2.20221722867 4.4549 0.0179886
2.20849850085 4.47099 0.0193658
2.21479372465 4.49817 0.019218
2.22107581834 4.51767 0.0203244
2.22733812199 4.53735 0.0194382
2.23362792264 4.56116 0.0203082
2.2399287897 4.5823 0.0223146
2.24620084223 4.60224 0.0209777
2.2524810722 4.6154 0.0217119
2.25875993301 4.63294 0.0219317
2.26503776668 4.65019 0.0216357
2.27130391144 4.66556 0.0210659
2.27758972822 4.6807 0.0241839
2.28389830542 4.69854 0.0219078
2.29017001225 4.71755 0.025763
2.29645357402 4.7379 0.0236399
2.30275372852 4.75533 0.0237768
2.30903325986 4.77676 0.0222947
2.31530674049 4.79427 0.0243081
2.32158490306 4.81577 0.0248407
2.3278758488 4.83664 0.0264899
2.33415543799 4.85982 0.0278005
2.34041936871 4.88338 0.0263547
2.34670710068 4.90591 0.0227659
2.3530032916 4.92552 0.027237
2.35928989445 4.94778 0.0248111
2.36555387699 4.9736 0.0298551
2.37182578571 4.9948 0.0286475
2.3781409032 5.01575 0.0285218
2.38442809259 5.04111 0.0294197
2.39069258243 5.06646 0.0296547
2.39698813839 5.0894 0.029417
2.40330354843 5.1131 0.0280834
2.40957307365 5.13923 0.0275624
2.41583080138 5.16581 0.0301199
2.42214385676 5.18653 0.0308718
2.42843005755 5.21313 0.0327634
2.43467776878 5.23706 0.0300793
2.44097021258 5.25953 0.033765
2.44729898127 5.28924 0.0310993
2.45356911846 5.31297 0.031784
2.45980003814 5.33854 0.0353451
2.4661092349 5.3652 0.0370735
2.47241430729 5.38954 0.0353981
2.47866355169 5.41179 0.0375594
2.48493431628 5.44017 0.0347271
2.49124283111 5.464 0.0380998
2.49755537626 5.48766 0.0378427
2.50380379021 5.50901 0.0369272
2.51005045336 5.54129 0.040741
2.51638815336 5.56718 0.0403282
2.52269694929 5.5949 0.0395689
2.52891211798 5.62077 0.0377533
2.53519495098 5.64079 0.0420609
2.54155301509 5.66672 0.0425099
2.54783359884 5.69693 0.0458194
2.55402772623 5.72195 0.0477964
2.56033571996 5.74347 0.0459145
2.56672381747 5.76687 0.0474761
2.57294751341 5.79316 0.0427014
2.57911252531 5.82588 0.0476243
2.58547549612 5.84588 0.05371
2.59185019505 5.86674 0.0484769
2.59805932148 5.89518 0.058327
2.60429715989 5.91786 0.0570722
2.61067449751 5.94392 0.0510069
2.61693283418 5.9683 0.0572529
2.62300854502 5.99219 0.0631888
2.62939753095 6.00215 0.0576664
2.63591057571 6.03634 0.064379
2.64202978624 6.05146 0.0659111
2.64803951219 6.07558 0.0612671
2.65454096229 6.10241 0.0738353
2.66118028258 6.1218 0.0758972
2.66719514746 6.14844 0.0846785
2.67309090101 6.15391 0.0809576
2.67973176445 6.18571 0.0913334
2.68646693102 6.21701 0.0942499
2.69219835647 6.22136 0.0971691
2.69796467721 6.23174 0.101566
2.70489193937 6.25605 0.105696
2.71182026315 6.29712 0.114997
2.71709790339 6.31939 0.160452
2.7227864466 6.33924 0.127395
2.72994784687 6.32043 0.141047
2.73706528781 6.37978 0.14925
2.74248820391 6.38809 0.243718
2.74787331837 6.37772 0.21693
2.75504313834 6.42005 0.279298
2.76219934437 6.4195 0.317194
2.76789278819 6.31923 0.597487
2.77283198247 6.45415 0.55408
2.77965581172 6.353 1.5064
2.78599582346 nan nan
