0.0088996412247 5.00299 0.268193
0.0150791221651 3.51181 0.143433
0.0214479018646 2.52751 0.0951529
0.0278366077649 1.91414 0.0742446
0.034350997858 1.5421 0.0625373
0.0404788676143 1.31834 0.0582616
0.0467671668358 1.20428 0.0404903
0.0530822510177 1.15266 0.0389952
0.0594536244094 1.1157 0.0357958
0.0657622481459 1.12405 0.0324706
0.071966329067 1.14234 0.0363467
0.0782786091569 1.17835 0.0275769
0.0847039894583 1.21714 0.0329224
0.0909685462053 1.25787 0.0281841
0.0972078977683 1.29271 0.0289632
0.103476303896 1.33211 0.0274537
0.109757644425 1.35643 0.0265416
0.116054308478 1.37127 0.0238193
0.122366966654 1.39289 0.0243894
0.128681726309 1.40094 0.02277
0.134950080166 1.42236 0.0213555
0.141194955884 1.42813 0.0207079
0.147513357575 1.43786 0.0215076
0.153786507425 1.45049 0.0207177
0.160065754405 1.46279 0.0207546
0.166399116869 1.47038 0.0212189
0.172719564578 1.47849 0.0204807
0.178976521338 1.4845 0.0199445
0.185235369065 1.4942 0.0207973
0.191480678734 1.49588 0.0198805
0.197788986865 1.49769 0.0173059
0.204093773545 1.49299 0.018345
0.210393930261 1.50005 0.0167408
0.216690970982 1.49527 0.0199232
0.222970028122 1.49789 0.0172685
0.229262002709 1.49672 0.0195803
0.235514150837 1.49387 0.0169612
0.241791058382 1.49255 0.0201141
0.248085653944 1.49075 0.0180096
0.254349225687 1.49153 0.0169917
0.260633425188 1.48564 0.0165056
0.26692573709 1.48329 0.0178314
0.273242334314 1.47696 0.0167605
0.279552968008 1.47271 0.0177576
0.285836629231 1.46816 0.0178618
0.292087627139 1.46413 0.0164751
0.298344984444 1.45549 0.0171263
0.304638263941 1.44848 0.0168349
0.3109279127 1.44457 0.0180952
0.317216817162 1.43772 0.0150395
0.323518756794 1.43108 0.0182009
0.329816821755 1.4268 0.0175949
0.336117642946 1.42211 0.0177231
0.342370037571 1.41327 0.0177378
0.348647819267 1.40554 0.0177557
0.354941161441 1.39998 0.0171952
0.361191693542 1.38919 0.0164219
0.367476708956 1.38535 0.0170881
0.373764779528 1.37737 0.0165841
0.380065403148 1.36906 0.0162007
0.386353986126 1.36085 0.0168518
0.392614018136 1.35202 0.0155957
0.398926450032 1.34934 0.0153054
0.405207324458 1.33862 0.015594
0.411491647757 1.33165 0.0167315
0.417781427212 1.32417 0.019332
0.424040064873 1.31628 0.0157105
0.430342569027 1.30793 0.0171607
0.436635856026 1.30228 0.0176032
0.442899618322 1.29557 0.0161884
0.449163441853 1.28726 0.0183699
0.455441414625 1.27856 0.0176665
0.46176344703 1.27022 0.0172034
0.468064424202 1.26008 0.0168176
0.474348524276 1.25277 0.0130612
0.480635613682 1.24676 0.0150942
0.486901925839 1.24099 0.0152895
0.49316970996 1.22673 0.0165422
0.499450674714 1.22521 0.0180025
0.505715905134 1.21526 0.0178963
0.511992399627 1.20568 0.0168336
0.518312609777 1.19667 0.0170667
0.524608963803 1.18966 0.0185616
0.530875730848 1.18243 0.0172879
0.537157352795 1.17566 0.0165778
0.543457956378 1.16718 0.0167063
0.549743065239 1.15699 0.0176255
0.55599374275 1.14905 0.0160024
0.562285467661 1.14362 0.0174786
0.568601153723 1.13545 0.0171049
0.574880458942 1.12587 0.0180653
0.581155021034 1.1186 0.0176635
0.587439449666 1.11112 0.0172062
0.59371762203 1.10259 0.0178461
0.599997195479 1.0952 0.0170798
0.606267911512 1.08848 0.0210968
0.612546957644 1.08062 0.0172286
0.618847773304 1.07566 0.0169491
0.625131056744 1.06853 0.0170749
0.631402745038 1.06204 0.0161877
0.637700356273 1.05158 0.0190098
0.643985778331 1.04606 0.0185506
0.650268541717 1.03596 0.0158644
0.65655861177 1.02849 0.018245
0.662836928236 1.02146 0.0187484
0.669118544496 1.01519 0.0189683
0.675407019858 1.00807 0.0170598
0.681683551459 0.997606 0.0166465
0.687959253386 0.991137 0.0192928
0.694234431704 0.983486 0.0199402
0.700517540243 0.977298 0.0167143
0.706812495661 0.969056 0.0156323
0.713101900967 0.964653 0.0172492
0.719391825117 0.956584 0.0196682
0.72568338076 0.949546 0.0188409
0.731965268271 0.942403 0.022184
0.738250799048 0.936276 0.0161688
0.744526584212 0.930282 0.0177546
0.750787110194 0.924182 0.0185963
0.757075846532 0.917901 0.0193492
0.76336412336 0.910337 0.021437
0.769646295986 0.904468 0.0223982
0.775939486518 0.899318 0.0191893
0.782232914199 0.892782 0.0189079
0.788531493652 0.888774 0.0187691
0.794789656698 0.882081 0.0210311
0.801049109659 0.874385 0.0195274
0.807336406173 0.876265 0.0168144
0.813622948837 0.864221 0.0225945
0.819915299896 0.860034 0.0202382
0.826195263639 0.855737 0.0207216
0.832489707008 0.849858 0.018164
0.838795930921 0.841792 0.0200732
0.84506346397 0.838873 0.0197669
0.851328286756 0.836074 0.0185738
0.85761982639 0.824826 0.0188785
0.863905847706 0.824257 0.0218725
0.870183874549 0.820168 0.0225059
0.876464109608 0.820734 0.0215903
0.88275038734 0.811762 0.0207029
0.889033276839 0.807641 0.0212744
0.895308424711 0.798103 0.0227033
0.901595652167 0.799649 0.0225085
0.907883332809 0.798285 0.0226343
0.914174410632 0.791512 0.0200264
0.920463081772 0.793338 0.021527
0.926743441526 0.788632 0.0218108
0.933032419735 0.786038 0.0183543
0.939326578557 0.786664 0.0234773
0.94559748104 0.784929 0.0235127
0.951866001855 0.782482 0.0220286
0.958141325553 0.779057 0.0214795
0.964435094511 0.775906 0.0211118
0.970735563357 0.781058 0.0193343
0.977008076845 0.780584 0.024939
0.983282332536 0.777509 0.0206398
0.989556969197 0.779753 0.0170678
0.995845630192 0.77894 0.0191087
1.00213621074 0.776888 0.0219444
1.00840482534 0.781125 0.0234915
1.01469414984 0.78113 0.0217898
1.02099255544 0.782873 0.0224541
1.02727398044 0.783626 0.0232391
1.0335591819 0.785372 0.0226047
1.03984755739 0.790139 0.0202442
1.04612697494 0.788217 0.0216588
1.05240343681 0.792838 0.0201655
1.05868070465 0.794428 0.0220987
1.06496433307 0.803678 0.0223847
1.07125677744 0.801453 0.0223807
1.0775440488 0.805765 0.0205901
1.08382482019 0.813455 0.0217606
1.09010802394 0.81726 0.0205683
1.09638966596 0.824613 0.0243111
1.10268113206 0.827528 0.0197632
1.10896304759 0.833255 0.0203871
1.11522542846 0.843667 0.0192037
1.12150212761 0.851291 0.021789
1.12779257382 0.854572 0.019289
1.13408955267 0.868199 0.0190893
1.14036404965 0.872532 0.0201577
1.14663918032 0.882334 0.0195863
1.15294241299 0.892464 0.0187009
1.15922890675 0.901208 0.0215963
1.16550872189 0.911495 0.0183597
1.17179307626 0.918967 0.0185575
1.17808743637 0.929624 0.0186297
1.18436765425 0.938516 0.0194104
1.1906346423 0.952701 0.0190275
1.19691220883 0.962871 0.0180714
1.20320157735 0.975188 0.0173305
1.20948684444 0.989555 0.0180427
1.21576390207 1.00103 0.0176993
1.22204975517 1.01534 0.0170069
1.22834061662 1.0274 0.0173284
1.23463298658 1.04319 0.01606
1.24090224718 1.05632 0.0189359
1.24717483914 1.06986 0.0172803
1.25346545993 1.08931 0.0165936
1.25974995189 1.10132 0.0149717
1.26603214313 1.11752 0.0147467
1.27231628847 1.13278 0.0169521
1.27860415506 1.14909 0.0196748
1.28488658893 1.16802 0.0160537
1.29117542007 1.18134 0.0144138
1.29746572637 1.20362 0.0148827
1.30374182701 1.21888 0.0160296
1.31001732292 1.24191 0.0152362
1.31630144766 1.25422 0.0161501
1.32258676036 1.27263 0.0137674
1.32886549245 1.29621 0.013815
1.33514480495 1.31315 0.0152596
1.34144051627 1.33329 0.014124
1.34773086842 1.35462 0.0154606
1.35400158999 1.37524 0.0148813
1.3602826093 1.39782 0.0136036
1.36656568646 1.41676 0.0147431
1.37285149848 1.43761 0.0127666
1.37913537293 1.46176 0.0134944
1.38540956715 1.48383 0.0124532
1.39169864122 1.50541 0.0129042
1.39798445144 1.53039 0.0140929
1.40426788341 1.5518 0.0124245
1.41055477948 1.57549 0.0115258
1.41683783355 1.6 0.0136222
1.42311817719 1.62352 0.0129891
1.42939780116 1.64775 0.0127233
1.43568692182 1.67241 0.0122706
1.44197712177 1.69997 0.0121713
1.44825366785 1.72375 0.0111842
1.45453234897 1.75135 0.011788
1.46081931915 1.77514 0.0121135
1.4671103644 1.80044 0.0134156
1.47339290895 1.82756 0.0117061
1.47966996524 1.85498 0.0124358
1.4859561446 1.88065 0.0125422
1.49223361076 1.90806 0.0122333
1.49850247038 1.93592 0.0116763
1.50478575205 1.96209 0.0104803
1.51107599189 1.99078 0.0108071
1.51736163499 2.01806 0.0104146
1.52364857097 2.04691 0.0123812
1.52993803572 2.07611 0.012107
1.53623017691 2.10416 0.0108076
1.54251071878 2.13392 0.012289
1.54878396308 2.16229 0.0106624
1.55507306978 2.19117 0.0106561
1.56135732493 2.22109 0.0106266
1.56762912105 2.25068 0.0108449
1.5739136974 2.27935 0.0099967
1.58020354523 2.31036 0.011132
1.58648539343 2.34169 0.0106734
1.59276001426 2.36777 0.0102965
1.59904643639 2.39939 0.0114356
1.60534213664 2.43146 0.0101858
1.61161976836 2.45254 0.0111661
1.61789716835 2.46602 0.0112837
1.62418270854 2.47962 0.0108643
1.63046407995 2.4941 0.0101522
1.63674824683 2.50913 0.011451
1.64303013827 2.52308 0.0111094
1.64930808063 2.53708 0.0105874
1.65559224863 2.55211 0.0108916
1.66187827598 2.56647 0.0107755
1.66816823994 2.58176 0.0110332
1.6744495611 2.59674 0.011421
1.68072138563 2.6125 0.0119033
1.68701215424 2.62701 0.0115464
1.6933074808 2.64307 0.0120421
1.69958064303 2.65714 0.010936
1.70586179344 2.67375 0.0119361
1.71215172419 2.69208 0.0123548
1.71843538617 2.70737 0.0125816
1.72471844694 2.72307 0.0118632
1.73099491844 2.74051 0.0115806
1.73728636032 2.75752 0.0133491
1.74356630258 2.77354 0.0121389
1.74983600778 2.79367 0.0119364
1.75612327869 2.81107 0.0121155
1.76241061606 2.82779 0.0122967
1.76869357896 2.84591 0.0114245
1.77497674839 2.86323 0.0124449
1.78126362161 2.88046 0.0112783
1.78754574761 2.90038 0.0108979
1.7938272923 2.9195 0.0116501
1.80010772174 2.93903 0.0123599
1.80639091391 2.9576 0.013085
1.81267451427 2.97755 0.012818
1.81895363524 2.99772 0.0121245
1.82523850291 3.01721 0.0135937
1.8315236862 3.03537 0.0143433
1.83781040898 3.05718 0.0129312
1.84409642612 3.07723 0.0139259
1.8503769215 3.09735 0.0117909
1.85666074594 3.11841 0.0133533
1.86294359809 3.13797 0.0122393
1.86922204917 3.16002 0.0118681
1.87550781357 3.18191 0.0122115
1.88179499507 3.20179 0.0128964
1.88807781314 3.22557 0.0128866
1.89435244502 3.24642 0.0119735
1.90063796885 3.26935 0.0136663
1.90692833723 3.29067 0.0143313
1.91320221586 3.31358 0.0131806
1.91948223445 3.33675 0.0137901
1.92577010575 3.35898 0.0143262
1.93206491035 3.38378 0.0140981
1.93834071151 3.40332 0.0128272
1.94460828613 3.42885 0.0142955
1.9508968614 3.45291 0.0146425
1.95718811973 3.47731 0.0145053
1.96347509207 3.50073 0.0153045
1.9697553281 3.52373 0.0139037
1.9760413775 3.54971 0.0142454
1.98233260336 3.5727 0.015251
1.98861171931 3.59891 0.0155402
1.99488792869 3.62145 0.0144455
2.00117304134 3.64856 0.0144122
2.00745262249 3.67343 0.0151407
2.01372721862 3.69593 0.0148006
2.02001108039 3.72325 0.0150809
2.02630405283 3.74881 0.0161298
2.03258735828 3.77422 0.0164677
2.03886100377 3.79962 0.0150709
2.04514489951 3.82374 0.0162855
2.05143683626 3.85055 0.0146391
2.05772382203 3.87706 0.0161868
2.0640044634 3.90272 0.01518
2.07029278421 3.92771 0.0166308
2.07658471853 3.95279 0.0167534
2.08285424307 3.98214 0.0157469
2.08912259138 4.00392 0.0150775
2.09541730178 4.03236 0.0181505
2.10170304464 4.05752 0.017484
2.10797273337 4.08169 0.0173813
2.11425579676 4.10904 0.0178257
2.12053788985 4.13357 0.0184839
2.12682075079 4.16115 0.0176288
2.13310670204 4.18384 0.0184043
2.13940011923 4.21076 0.0190142
2.14568939859 4.23827 0.0183964
2.15195789682 4.26168 0.0185333
2.15824033347 4.28734 0.0191418
2.16453048092 4.30813 0.0181266
2.17081716829 4.33753 0.019043
2.17709912993 4.36083 0.0187619
2.18337674027 4.38162 0.018895
2.18965452646 4.40867 0.0176035
2.19593814184 4.42646 0.0204404
2.20221722867 4.45431 0.0179634
2.20849850085 4.47238 0.0192018
2.21479372465 4.50027 0.0198346
2.22107581834 4.51949 0.019426
2.22733812199 4.54218 0.019683
2.23362792264 4.56448 0.0201956
2.2399287897 4.582 0.0195481
2.24620084223 4.60501 0.0219596
2.2524810722 4.62017 0.0195632
2.25875993301 4.6379 0.0207526
2.26503776668 4.65384 0.0221265
2.27130391144 4.66788 0.0228506
2.27758972822 4.68461 0.0215238
2.28389830542 4.70179 0.0224061
2.29017001225 4.72192 0.0252794
2.29645357402 4.74162 0.0228288
2.30275372852 4.75748 0.0243748
2.30903325986 4.77962 0.0242073
2.31530674049 4.80017 0.0217387
2.32158490306 4.81715 0.0242103
2.3278758488 4.83903 0.0268442
2.33415543799 4.86237 0.0264711
2.34041936871 4.88618 0.0259484
2.34670710068 4.9051 0.0238315
2.3530032916 4.92907 0.0282645
2.35928989445 4.9532 0.0278594
2.36555387699 4.97777 0.0297716
2.37182578571 4.99846 0.0278836
2.3781409032 5.01842 0.0262626
2.38442809259 5.0471 0.0293867
2.39069258243 5.07003 0.0299505
2.39698813839 5.09641 0.0287777
2.40330354843 5.11843 0.0286756
2.40957307365 5.14419 0.0261064
2.41583080138 5.16869 0.0307393
2.42214385676 5.1927 0.0302813
2.42843005755 5.21794 0.0319611
2.43467776878 5.24186 0.029257
2.44097021258 5.26615 0.0301131
2.44729898127 5.29523 0.032742
2.45356911846 5.31705 0.0321009
2.45980003814 5.34176 0.0361853
2.4661092349 5.36627 0.0375572
2.47241430729 5.39265 0.0348409
2.47866355169 5.41811 0.0354601
2.48493431628 5.441 0.0361804
2.49124283111 5.46904 0.0359659
2.49755537626 5.49713 0.0378613
2.50380379021 5.51696 0.0392301
2.51005045336 5.54863 0.0432474
2.51638815336 5.57691 0.0383186
2.52269694929 5.60068 0.0405981
2.52891211798 5.62646 0.0397255
2.53519495098 5.64587 0.0385983
2.54155301509 5.67408 0.0443822
2.54783359884 5.69749 0.0484132
2.55402772623 5.72921 0.0423627
2.56033571996 5.75295 0.0435067
2.56672381747 5.77394 0.0504423
2.57294751341 5.7995 0.0431467
2.57911252531 5.82952 0.0459291
2.58547549612 5.84773 0.052309
2.59185019505 5.87076 0.0456646
2.59805932148 5.90095 0.0552291
2.60429715989 5.92321 0.0575606
2.61067449751 5.95112 0.0476967
2.61693283418 5.97241 0.0569735
2.62300854502 5.9963 0.0613653
2.62939753095 6.01199 0.0586554
2.63591057571 6.04017 0.0647938
2.64202978624 6.06159 0.0746115
2.64803951219 6.08149 0.0605375
2.65454096229 6.10721 0.0744456
2.66118028258 6.13345 0.0752577
2.66719514746 6.14382 0.0904733
2.67309090101 6.16081 0.0835463
2.67973176445 6.18511 0.0865156
2.68646693102 6.22651 0.0903648
2.69219835647 6.22954 0.0988559
2.69796467721 6.23152 0.105865
2.70489193937 6.27149 0.112941
2.71182026315 6.28612 0.124074
2.71709790339 6.312 0.174404
2.7227864466 6.34501 0.126289
2.72994784687 6.33117 0.14271
2.73706528781 6.36564 0.168533
2.74248820391 6.38964 0.253492
2.74787331837 6.37696 0.213255
2.75504313834 6.44449 0.262536
2.76219934437 6.44615 0.356392
2.76789278819 6.34775 0.68315
2.77283198247 6.52011 0.561853
2.77965581172 6.28855 1.2816
2.78599582346 nan nan
