0.0088996412247 6.89656 0.378669
0.0150791221651 4.91904 0.210927
0.0214479018646 3.61002 0.133945
0.0278366077649 2.77691 0.107569
0.034350997858 2.26001 0.0855989
0.0404788676143 1.92058 0.0781624
0.0467671668358 1.71602 0.0552033
0.0530822510177 1.58576 0.0540429
0.0594536244094 1.49077 0.038866
0.0657622481459 1.45936 0.0394013
0.071966329067 1.44602 0.0468978
0.0782786091569 1.45798 0.0305714
0.0847039894583 1.48819 0.0398325
0.0909685462053 1.51708 0.0308866
0.0972078977683 1.54834 0.0322115
0.103476303896 1.58182 0.0324118
0.109757644425 1.5973 0.0296048
0.116054308478 1.60236 0.0269426
0.122366966654 1.61039 0.0246223
0.128681726309 1.61732 0.0264921
0.134950080166 1.62777 0.0211796
0.141194955884 1.6314 0.0220625
0.147513357575 1.6302 0.023234
0.153786507425 1.63784 0.0224026
0.160065754405 1.64463 0.022691
0.166399116869 1.64448 0.0223145
0.172719564578 1.64788 0.0208052
0.178976521338 1.64509 0.0200575
0.185235369065 1.65183 0.0195899
0.191480678734 1.64631 0.0207643
0.197788986865 1.6433 0.019908
0.204093773545 1.63238 0.0170863
0.210393930261 1.63415 0.0171667
0.216690970982 1.62589 0.0197635
0.222970028122 1.62019 0.0174871
0.229262002709 1.61925 0.0202619
0.235514150837 1.61049 0.0173156
0.241791058382 1.60478 0.0202498
0.248085653944 1.60066 0.0198713
0.254349225687 1.59865 0.018083
0.260633425188 1.58906 0.0170393
0.26692573709 1.58156 0.0190358
0.273242334314 1.57372 0.0173967
0.279552968008 1.56443 0.0187461
0.285836629231 1.55952 0.0189066
0.292087627139 1.55275 0.0180969
0.298344984444 1.54086 0.0181487
0.304638263941 1.53316 0.0155049
0.3109279127 1.52475 0.0176903
0.317216817162 1.51781 0.0151124
0.323518756794 1.50954 0.0176509
0.329816821755 1.50247 0.0173004
0.336117642946 1.49403 0.0172543
0.342370037571 1.48603 0.0173201
0.348647819267 1.47581 0.0165748
0.354941161441 1.46894 0.0164027
0.361191693542 1.45778 0.0182416
0.367476708956 1.45053 0.0165755
0.373764779528 1.44385 0.0156936
0.380065403148 1.43522 0.0170349
0.386353986126 1.42305 0.0174761
0.392614018136 1.41637 0.0162965
0.398926450032 1.41042 0.0166789
0.405207324458 1.4037 0.0158271
0.411491647757 1.39247 0.0170834
0.417781427212 1.385 0.017055
0.424040064873 1.37156 0.0163154
0.430342569027 1.36426 0.0185493
0.436635856026 1.35904 0.0172207
0.442899618322 1.35051 0.0165505
0.449163441853 1.34167 0.018233
0.455441414625 1.3325 0.0170886
0.46176344703 1.32272 0.0158039
0.468064424202 1.31263 0.0161349
0.474348524276 1.30532 0.0139136
0.480635613682 1.29843 0.0155289
0.486901925839 1.29077 0.01424
0.49316970996 1.27744 0.0163534
0.499450674714 1.27436 0.0179719
0.505715905134 1.26375 0.0155736
0.511992399627 1.25322 0.0161688
0.518312609777 1.24391 0.0155024
0.524608963803 1.23673 0.018902
0.530875730848 1.22672 0.0174249
0.537157352795 1.22078 0.0162181
0.543457956378 1.21073 0.0169195
0.549743065239 1.20151 0.0175902
0.55599374275 1.19069 0.0166574
0.562285467661 1.18423 0.0173907
0.568601153723 1.17773 0.0177114
0.574880458942 1.16873 0.0168876
0.581155021034 1.16046 0.0168206
0.587439449666 1.15036 0.018464
0.59371762203 1.14235 0.0167177
0.599997195479 1.13614 0.0176547
0.606267911512 1.12738 0.0170794
0.612546957644 1.11861 0.0191691
0.618847773304 1.11351 0.0168046
0.625131056744 1.10334 0.0155872
0.631402745038 1.09705 0.0160278
0.637700356273 1.08786 0.0173291
0.643985778331 1.07898 0.0174234
0.650268541717 1.07042 0.0161158
0.65655861177 1.06404 0.0190513
0.662836928236 1.05689 0.017424
0.669118544496 1.04728 0.0188422
0.675407019858 1.04024 0.0172604
0.681683551459 1.03072 0.0168546
0.687959253386 1.02366 0.0188212
0.694234431704 1.01547 0.0191633
0.700517540243 1.00669 0.0174535
0.706812495661 0.999769 0.0158905
0.713101900967 0.992134 0.015985
0.719391825117 0.988513 0.0186133
0.72568338076 0.979092 0.0194375
0.731965268271 0.971056 0.0226043
0.738250799048 0.96394 0.0176322
0.744526584212 0.959266 0.0162905
0.750787110194 0.953412 0.0186766
0.757075846532 0.940648 0.018579
0.76336412336 0.937329 0.0189376
0.769646295986 0.930134 0.0204031
0.775939486518 0.922093 0.0184458
0.782232914199 0.919284 0.0205584
0.788531493652 0.911087 0.0206495
0.794789656698 0.905032 0.0218145
0.801049109659 0.898126 0.0207628
0.807336406173 0.891956 0.0185686
0.813622948837 0.885566 0.0210958
0.819915299896 0.878018 0.019558
0.826195263639 0.873639 0.0197894
0.832489707008 0.867995 0.0167974
0.838795930921 0.860467 0.0205937
0.84506346397 0.857939 0.0213436
0.851328286756 0.856747 0.0214778
0.85761982639 0.843176 0.0193985
0.863905847706 0.840915 0.0207702
0.870183874549 0.836435 0.0209889
0.876464109608 0.836834 0.019644
0.88275038734 0.826787 0.0190077
0.889033276839 0.821661 0.0203332
0.895308424711 0.815939 0.022727
0.901595652167 0.811728 0.0208997
0.907883332809 0.810503 0.0221582
0.914174410632 0.805556 0.0206776
0.920463081772 0.803922 0.0224955
0.926743441526 0.800757 0.0194397
0.933032419735 0.79619 0.0213009
0.939326578557 0.793558 0.0242747
0.94559748104 0.793713 0.0228838
0.951866001855 0.79142 0.0226253
0.958141325553 0.786393 0.0193769
0.964435094511 0.779819 0.0206229
0.970735563357 0.787645 0.0221148
0.977008076845 0.786727 0.0223055
0.983282332536 0.781152 0.0214981
0.989556969197 0.784355 0.0187788
0.995845630192 0.780123 0.0196712
1.00213621074 0.781665 0.0214073
1.00840482534 0.784588 0.0242866
1.01469414984 0.784648 0.0201307
1.02099255544 0.786271 0.0227465
1.02727398044 0.785187 0.0231413
1.0335591819 0.785096 0.0223472
1.03984755739 0.788677 0.0206958
1.04612697494 0.791047 0.0209857
1.05240343681 0.792339 0.0192389
1.05868070465 0.794139 0.0220788
1.06496433307 0.804405 0.0214625
1.07125677744 0.802257 0.0219021
1.0775440488 0.803924 0.0212171
1.08382482019 0.809777 0.0245693
1.09010802394 0.812069 0.0205781
1.09638966596 0.820688 0.0222325
1.10268113206 0.824061 0.0216624
1.10896304759 0.830439 0.0205732
1.11522542846 0.840347 0.0189133
1.12150212761 0.847561 0.0224485
1.12779257382 0.851514 0.0196264
1.13408955267 0.862118 0.0185725
1.14036404965 0.868396 0.019547
1.14663918032 0.876526 0.0208289
1.15294241299 0.887792 0.0186265
1.15922890675 0.896393 0.0199139
1.16550872189 0.904792 0.0195815
1.17179307626 0.912381 0.0184772
1.17808743637 0.922911 0.0183277
1.18436765425 0.935163 0.0187561
1.1906346423 0.944988 0.0195925
1.19691220883 0.955499 0.01756
1.20320157735 0.968079 0.017949
1.20948684444 0.982444 0.018846
1.21576390207 0.993186 0.0182033
1.22204975517 1.00958 0.0198735
1.22834061662 1.01891 0.0181273
1.23463298658 1.03532 0.0176928
1.24090224718 1.05023 0.0178412
1.24717483914 1.06298 0.0161496
1.25346545993 1.0798 0.0159105
1.25974995189 1.09113 0.0155154
1.26603214313 1.10941 0.0156803
1.27231628847 1.12553 0.0162048
1.27860415506 1.13863 0.0182369
1.28488658893 1.15922 0.0161631
1.29117542007 1.17156 0.0175333
1.29746572637 1.19347 0.0165536
1.30374182701 1.21006 0.0153639
1.31001732292 1.23311 0.0158747
1.31630144766 1.24642 0.0174405
1.32258676036 1.26598 0.0144761
1.32886549245 1.28836 0.0137638
1.33514480495 1.30544 0.0137405
1.34144051627 1.32522 0.0143078
1.34773086842 1.34615 0.0161908
1.35400158999 1.36808 0.0127235
1.3602826093 1.38868 0.0139805
1.36656568646 1.40744 0.013962
1.37285149848 1.42902 0.013308
1.37913537293 1.45316 0.0130272
1.38540956715 1.4751 0.0118517
1.39169864122 1.49858 0.0141585
1.39798445144 1.52209 0.0133805
1.40426788341 1.54423 0.0133523
1.41055477948 1.56689 0.0113325
1.41683783355 1.59195 0.0139958
1.42311817719 1.61719 0.012384
1.42939780116 1.64038 0.0134193
1.43568692182 1.66622 0.0120784
1.44197712177 1.6929 0.0119675
1.44825366785 1.71661 0.0101906
1.45453234897 1.74367 0.0119231
1.46081931915 1.76803 0.0119167
1.4671103644 1.79279 0.0127206
1.47339290895 1.82065 0.0125036
1.47966996524 1.84868 0.0121161
1.4859561446 1.87308 0.0124227
1.49223361076 1.90197 0.0118745
1.49850247038 1.92943 0.0105996
1.50478575205 1.95554 0.010563
1.51107599189 1.98513 0.0108289
1.51736163499 2.01335 0.0104598
1.52364857097 2.04001 0.0118851
1.52993803572 2.07032 0.0107365
1.53623017691 2.0984 0.0118983
1.54251071878 2.12784 0.0119418
1.54878396308 2.15667 0.0103529
1.55507306978 2.18601 0.0112871
1.56135732493 2.2159 0.0111601
1.56762912105 2.2449 0.010651
1.5739136974 2.27366 0.00982681
1.58020354523 2.30512 0.012066
1.58648539343 2.33613 0.0108306
1.59276001426 2.3638 0.0100994
1.59904643639 2.39385 0.0117237
1.60534213664 2.42654 0.0107873
1.61161976836 2.44818 0.0100184
1.61789716835 2.46094 0.0105895
1.62418270854 2.47472 0.0114329
1.63046407995 2.48964 0.0102371
1.63674824683 2.50453 0.0110844
1.64303013827 2.51751 0.0113854
1.64930808063 2.532 0.0106791
1.65559224863 2.54709 0.0107294
1.66187827598 2.56123 0.0104085
1.66816823994 2.57684 0.0104476
1.6744495611 2.59129 0.010919
1.68072138563 2.60785 0.0116358
1.68701215424 2.62254 0.011796
1.6933074808 2.63785 0.0117956
1.69958064303 2.65359 0.0112131
1.70586179344 2.66843 0.0119434
1.71215172419 2.68716 0.0110523
1.71843538617 2.70172 0.0123719
1.72471844694 2.71783 0.0111622
1.73099491844 2.73601 0.0115508
1.73728636032 2.75352 0.0126339
1.74356630258 2.76924 0.0123783
1.74983600778 2.7889 0.0116767
1.75612327869 2.80534 0.0114714
1.76241061606 2.82327 0.0117856
1.76869357896 2.84198 0.0117658
1.77497674839 2.85906 0.0125623
1.78126362161 2.87652 0.0114907
1.78754574761 2.89594 0.0110918
1.7938272923 2.91535 0.0118402
1.80010772174 2.9355 0.0129125
1.80639091391 2.95419 0.0127304
1.81267451427 2.9735 0.0120031
1.81895363524 2.99257 0.0116137
1.82523850291 3.01351 0.0133741
1.8315236862 3.03231 0.0125205
1.83781040898 3.0534 0.0130395
1.84409642612 3.07299 0.0128875
1.8503769215 3.09282 0.0117008
1.85666074594 3.11474 0.0134983
1.86294359809 3.13417 0.0133331
1.86922204917 3.15692 0.0124986
1.87550781357 3.17817 0.0134333
1.88179499507 3.19862 0.0125188
1.88807781314 3.22303 0.0132753
1.89435244502 3.24263 0.0120023
1.90063796885 3.26629 0.0142556
1.90692833723 3.28831 0.0135649
1.91320221586 3.31156 0.013598
1.91948223445 3.33488 0.0129363
1.92577010575 3.35586 0.0124316
1.93206491035 3.3805 0.0130203
1.93834071151 3.40011 0.0131295
1.94460828613 3.42732 0.0142796
1.9508968614 3.44929 0.0146888
1.95718811973 3.47376 0.0139003
1.96347509207 3.49849 0.0133289
1.9697553281 3.52189 0.0146715
1.9760413775 3.54732 0.0146171
1.98233260336 3.57064 0.0149706
1.98861171931 3.59754 0.0153919
1.99488792869 3.61932 0.0141977
2.00117304134 3.64596 0.0153342
2.00745262249 3.67106 0.0133983
2.01372721862 3.69549 0.0127207
2.02001108039 3.7217 0.0125748
2.02630405283 3.74656 0.0155932
2.03258735828 3.77199 0.0144121
2.03886100377 3.79794 0.0148849
2.04514489951 3.82193 0.0154188
2.05143683626 3.84992 0.0132791
2.05772382203 3.8757 0.0139937
2.0640044634 3.9013 0.014911
2.07029278421 3.92765 0.0146824
2.07658471853 3.95185 0.0157159
2.08285424307 3.98109 0.0155519
2.08912259138 4.00348 0.0149911
2.09541730178 4.03123 0.0160671
2.10170304464 4.05693 0.0166491
2.10797273337 4.08058 0.0158159
2.11425579676 4.10856 0.0178414
2.12053788985 4.13217 0.0163965
2.12682075079 4.16163 0.0157127
2.13310670204 4.18369 0.0164964
2.13940011923 4.21012 0.0182874
2.14568939859 4.23734 0.017222
2.15195789682 4.26196 0.0176383
2.15824033347 4.28683 0.0195754
2.16453048092 4.30877 0.0167158
2.17081716829 4.33699 0.0173045
2.17709912993 4.36022 0.0172232
2.18337674027 4.38156 0.0175684
2.18965452646 4.4085 0.0158556
2.19593814184 4.42573 0.018897
2.20221722867 4.45413 0.0180076
2.20849850085 4.4734 0.0181385
2.21479372465 4.501 0.019182
2.22107581834 4.51935 0.019943
2.22733812199 4.54224 0.0185019
2.23362792264 4.56557 0.0201828
2.2399287897 4.58303 0.0198075
2.24620084223 4.6048 0.0203769
2.2524810722 4.62012 0.0188136
2.25875993301 4.63836 0.0204136
2.26503776668 4.65409 0.018932
2.27130391144 4.66924 0.0216907
2.27758972822 4.68371 0.0206908
2.28389830542 4.70269 0.0212843
2.29017001225 4.72354 0.0240932
2.29645357402 4.74253 0.0220258
2.30275372852 4.75885 0.0239762
2.30903325986 4.77971 0.0228997
2.31530674049 4.801 0.0214309
2.32158490306 4.81931 0.0242374
2.3278758488 4.84046 0.0256614
2.33415543799 4.86443 0.0273591
2.34041936871 4.887 0.0256359
2.34670710068 4.90486 0.0226264
2.3530032916 4.92962 0.0262265
2.35928989445 4.95472 0.0270578
2.36555387699 4.97889 0.0288446
2.37182578571 4.9987 0.0275421
2.3781409032 5.02016 0.0262829
2.38442809259 5.04695 0.0279347
2.39069258243 5.07272 0.0297787
2.39698813839 5.09725 0.029008
2.40330354843 5.12182 0.02858
2.40957307365 5.14636 0.0271008
2.41583080138 5.17244 0.028661
2.42214385676 5.19579 0.0281265
2.42843005755 5.22031 0.0292683
2.43467776878 5.24755 0.0297952
2.44097021258 5.26535 0.032309
2.44729898127 5.2972 0.0265731
2.45356911846 5.32031 0.0327328
2.45980003814 5.34641 0.0326822
2.4661092349 5.3694 0.0332217
2.47241430729 5.3961 0.0331095
2.47866355169 5.42237 0.0367242
2.48493431628 5.44637 0.0375723
2.49124283111 5.47149 0.0350085
2.49755537626 5.49952 0.0338271
2.50380379021 5.51988 0.0377341
2.51005045336 5.5489 0.037057
2.51638815336 5.5817 0.0377589
2.52269694929 5.60438 0.0382418
2.52891211798 5.63154 0.038904
2.53519495098 5.65187 0.0383581
2.54155301509 5.67624 0.0395149
2.54783359884 5.69932 0.046295
2.55402772623 5.7336 0.0443043
2.56033571996 5.75401 0.0425218
2.56672381747 5.7777 0.0485705
2.57294751341 5.80329 0.0468753
2.57911252531 5.83244 0.0460652
2.58547549612 5.85024 0.0542415
2.59185019505 5.87482 0.0476549
2.59805932148 5.89726 0.0576042
2.60429715989 5.92989 0.0522168
2.61067449751 5.95525 0.0558816
2.61693283418 5.97457 0.0562963
2.62300854502 6.00321 0.0596237
2.62939753095 6.01639 0.0525296
2.63591057571 6.05186 0.0711604
2.64202978624 6.07065 0.0748067
2.64803951219 6.0847 0.066302
2.65454096229 6.10524 0.0685852
2.66118028258 6.13863 0.0696345
2.66719514746 6.15577 0.0907451
2.67309090101 6.16408 0.0807364
2.67973176445 6.18811 0.0805374
2.68646693102 6.23761 0.0933055
2.69219835647 6.22705 0.0948823
2.69796467721 6.22459 0.107108
2.70489193937 6.26925 0.108764
2.71182026315 6.2956 0.135212
2.71709790339 6.32065 0.157463
2.7227864466 6.32852 0.135574
2.72994784687 6.34394 0.147241
2.73706528781 6.35598 0.158581
2.74248820391 6.37626 0.266923
2.74787331837 6.36181 0.23806
2.75504313834 6.45828 0.29262
2.76219934437 6.43769 0.369103
2.76789278819 6.3564 0.63213
2.77283198247 6.49526 0.600095
2.77965581172 6.40299 1.38183
2.78599582346 nan nan
