0.0088996412247 1.42656 0.110321
0.0150791221651 1.42895 0.0561874
0.0214479018646 1.43378 0.0335668
0.0278366077649 1.43042 0.0367843
0.034350997858 1.43598 0.0289884
0.0404788676143 1.43525 0.0281451
0.0467671668358 1.43733 0.0241821
0.0530822510177 1.43957 0.0205404
0.0594536244094 1.43587 0.020022
0.0657622481459 1.43548 0.0199656
0.071966329067 1.43816 0.0172
0.0782786091569 1.43762 0.0181707
0.0847039894583 1.43217 0.0170736
0.0909685462053 1.43458 0.017812
0.0972078977683 1.43053 0.0160679
0.103476303896 1.42364 0.017535
0.109757644425 1.42447 0.0178072
0.116054308478 1.42207 0.0153587
0.122366966654 1.41974 0.0183806
0.128681726309 1.41611 0.0169868
0.134950080166 1.41585 0.0154273
0.141194955884 1.41028 0.0147307
0.147513357575 1.40583 0.0159761
0.153786507425 1.40118 0.0167618
0.160065754405 1.39871 0.0149063
0.166399116869 1.39111 0.0136989
0.172719564578 1.3868 0.0156258
0.178976521338 1.38523 0.0164466
0.185235369065 1.38132 0.013056
0.191480678734 1.37751 0.0153999
0.197788986865 1.37397 0.0156931
0.204093773545 1.36428 0.0148248
0.210393930261 1.36408 0.0168752
0.216690970982 1.355 0.0190164
0.222970028122 1.35177 0.0162984
0.229262002709 1.34506 0.0154114
0.235514150837 1.34139 0.017351
0.241791058382 1.33779 0.016484
0.248085653944 1.33125 0.0150703
0.254349225687 1.32354 0.0169698
0.260633425188 1.32011 0.0142943
0.26692573709 1.31761 0.0142243
0.273242334314 1.30748 0.014222
0.279552968008 1.30454 0.0145422
0.285836629231 1.29671 0.0173912
0.292087627139 1.29412 0.0161973
0.298344984444 1.28598 0.0168865
0.304638263941 1.27803 0.0180871
0.3109279127 1.27161 0.0167835
0.317216817162 1.26746 0.0163177
0.323518756794 1.26275 0.0176846
0.329816821755 1.25638 0.016553
0.336117642946 1.25162 0.0153958
0.342370037571 1.24633 0.0143695
0.348647819267 1.23944 0.0179809
0.354941161441 1.23261 0.01567
0.361191693542 1.22768 0.0144588
0.367476708956 1.22323 0.0146785
0.373764779528 1.21762 0.0157664
0.380065403148 1.21108 0.0173848
0.386353986126 1.20665 0.0170993
0.392614018136 1.19731 0.0173771
0.398926450032 1.19365 0.015537
0.405207324458 1.18963 0.0156269
0.411491647757 1.18229 0.0168267
0.417781427212 1.17602 0.0174145
0.424040064873 1.17232 0.0173015
0.430342569027 1.16453 0.016591
0.436635856026 1.16028 0.0155981
0.442899618322 1.15518 0.0151197
0.449163441853 1.14976 0.0180349
0.455441414625 1.14175 0.01737
0.46176344703 1.1402 0.015453
0.468064424202 1.13012 0.016739
0.474348524276 1.12621 0.0165169
0.480635613682 1.12228 0.0175121
0.486901925839 1.11675 0.0164729
0.49316970996 1.11065 0.0144671
0.499450674714 1.11122 0.0186415
0.505715905134 1.10088 0.017632
0.511992399627 1.09876 0.0148757
0.518312609777 1.09167 0.0169511
0.524608963803 1.08489 0.0163672
0.530875730848 1.08334 0.0165419
0.537157352795 1.07927 0.0168944
0.543457956378 1.07383 0.0176851
0.549743065239 1.06748 0.0161382
0.55599374275 1.0635 0.0176375
0.562285467661 1.0579 0.0164726
0.568601153723 1.05687 0.0163477
0.574880458942 1.04915 0.0197906
0.581155021034 1.0463 0.017684
0.587439449666 1.04067 0.0169616
0.59371762203 1.03422 0.0168631
0.599997195479 1.0358 0.0172676
0.606267911512 1.02868 0.0169295
0.612546957644 1.0277 0.0153358
0.618847773304 1.02358 0.0159146
0.625131056744 1.01662 0.0174221
0.631402745038 1.01292 0.0179035
0.637700356273 1.01043 0.016567
0.643985778331 1.00643 0.0159016
0.650268541717 1.00331 0.017925
0.65655861177 1.00195 0.0194679
0.662836928236 0.999494 0.0155336
0.669118544496 0.994019 0.0181652
0.675407019858 0.993756 0.0185769
0.681683551459 0.989881 0.0188813
0.687959253386 0.985344 0.0177615
0.694234431704 0.985274 0.0175495
0.700517540243 0.979797 0.0192395
0.706812495661 0.978284 0.0173896
0.713101900967 0.973723 0.0182401
0.719391825117 0.97609 0.0169158
0.72568338076 0.972392 0.0194109
0.731965268271 0.96934 0.0168765
0.738250799048 0.966849 0.0181484
0.744526584212 0.964754 0.0186444
0.750787110194 0.962607 0.018982
0.757075846532 0.962765 0.0183151
0.76336412336 0.964114 0.0173802
0.769646295986 0.962704 0.0182511
0.775939486518 0.95953 0.0186148
0.782232914199 0.963301 0.0173667
0.788531493652 0.960867 0.0156009
0.794789656698 0.958562 0.0185468
0.801049109659 0.959307 0.0149734
0.807336406173 0.958387 0.0144488
0.813622948837 0.961936 0.0180841
0.819915299896 0.957015 0.0202597
0.826195263639 0.959956 0.0178193
0.832489707008 0.956538 0.0187725
0.838795930921 0.961437 0.0173596
0.84506346397 0.963305 0.0153488
0.851328286756 0.962375 0.0187704
0.85761982639 0.963573 0.0185151
0.863905847706 0.965865 0.0171521
0.870183874549 0.963992 0.0181093
0.876464109608 0.967833 0.0167472
0.88275038734 0.970303 0.0183199
0.889033276839 0.97094 0.0176146
0.895308424711 0.97442 0.018583
0.901595652167 0.975215 0.0197619
0.907883332809 0.979763 0.0154853
0.914174410632 0.980298 0.0191189
0.920463081772 0.984897 0.0184027
0.926743441526 0.988027 0.0173705
0.933032419735 0.989488 0.0169326
0.939326578557 0.996555 0.0157942
0.94559748104 0.999889 0.0190049
0.951866001855 1.00299 0.0190079
0.958141325553 1.00492 0.0179085
0.964435094511 1.01289 0.0147511
0.970735563357 1.01754 0.0182867
0.977008076845 1.02286 0.0159361
0.983282332536 1.02492 0.0176258
0.989556969197 1.03388 0.0173799
0.995845630192 1.03913 0.0165135
1.00213621074 1.0475 0.0146263
1.00840482534 1.05315 0.016011
1.01469414984 1.05669 0.0167725
1.02099255544 1.06557 0.0150667
1.02727398044 1.07284 0.0165421
1.0335591819 1.07863 0.0161086
1.03984755739 1.0857 0.0144293
1.04612697494 1.09625 0.016985
1.05240343681 1.10405 0.0153196
1.05868070465 1.10796 0.0142548
1.06496433307 1.11905 0.0165724
1.07125677744 1.12643 0.0156467
1.0775440488 1.13573 0.015127
1.08382482019 1.14332 0.0176127
1.09010802394 1.1564 0.0146398
1.09638966596 1.16584 0.0157959
1.10268113206 1.17163 0.015259
1.10896304759 1.18476 0.0149495
1.11522542846 1.19342 0.0145887
1.12150212761 1.20519 0.0147098
1.12779257382 1.21619 0.0135213
1.13408955267 1.2296 0.0145838
1.14036404965 1.24023 0.0156292
1.14663918032 1.25138 0.0154891
1.15294241299 1.26136 0.0139297
1.15922890675 1.27554 0.0157551
1.16550872189 1.28634 0.0127799
1.17179307626 1.30121 0.013481
1.17808743637 1.31456 0.0139137
1.18436765425 1.32986 0.0138149
1.1906346423 1.3415 0.0126239
1.19691220883 1.35597 0.0134398
1.20320157735 1.36825 0.014532
1.20948684444 1.38722 0.0135547
1.21576390207 1.40062 0.0133918
1.22204975517 1.41418 0.0138773
1.22834061662 1.42992 0.013167
1.23463298658 1.44517 0.0139952
1.24090224718 1.46139 0.0117817
1.24717483914 1.47778 0.0115121
1.25346545993 1.49697 0.0145792
1.25974995189 1.5126 0.012037
1.26603214313 1.52936 0.0127564
1.27231628847 1.54613 0.0125766
1.27860415506 1.56295 0.0133382
1.28488658893 1.58443 0.0136836
1.29117542007 1.59917 0.0120108
1.29746572637 1.61844 0.0105497
1.30374182701 1.63801 0.0121789
1.31001732292 1.65695 0.0117666
1.31630144766 1.67561 0.0124186
1.32258676036 1.69587 0.0112743
1.32886549245 1.71746 0.0105185
1.33514480495 1.73717 0.0125515
1.34144051627 1.75643 0.0120934
1.34773086842 1.77839 0.0136301
1.35400158999 1.7994 0.0119655
1.3602826093 1.82175 0.0120712
1.36656568646 1.84283 0.0135318
1.37285149848 1.8659 0.0113306
1.37913537293 1.88767 0.0112997
1.38540956715 1.90886 0.0110616
1.39169864122 1.92968 0.0113449
1.39798445144 1.95593 0.0110484
1.40426788341 1.9783 0.0121574
1.41055477948 2.00251 0.0101734
1.41683783355 2.0257 0.0108857
1.42311817719 2.04878 0.0113944
1.42939780116 2.07294 0.0120049
1.43568692182 2.10099 0.0107113
1.44197712177 2.12303 0.0118136
1.44825366785 2.1484 0.0104005
1.45453234897 2.17292 0.0110966
1.46081931915 2.19898 0.0116051
1.4671103644 2.22496 0.0110499
1.47339290895 2.25027 0.010814
1.47966996524 2.27867 0.0107778
1.4859561446 2.30538 0.0126315
1.49223361076 2.33038 0.0105677
1.49850247038 2.35948 0.0101582
1.50478575205 2.38497 0.0102
1.51107599189 2.41225 0.0102733
1.51736163499 2.44043 0.0100293
1.52364857097 2.46762 0.0101872
1.52993803572 2.49513 0.0108548
1.53623017691 2.52315 0.0108034
1.54251071878 2.55144 0.0101728
1.54878396308 2.57876 0.010176
1.55507306978 2.6087 0.010234
1.56135732493 2.63647 0.0108297
1.56762912105 2.66485 0.00995845
1.5739136974 2.69399 0.0109926
1.58020354523 2.72233 0.0109006
1.58648539343 2.75187 0.0120346
1.59276001426 2.77934 0.0101363
1.59904643639 2.80929 0.00964122
1.60534213664 2.83976 0.0104921
1.61161976836 2.861 0.0111734
1.61789716835 2.87724 0.0101149
1.62418270854 2.89424 0.0104067
1.63046407995 2.91325 0.0109126
1.63674824683 2.92887 0.0112306
1.64303013827 2.94721 0.011729
1.64930808063 2.96409 0.0104926
1.65559224863 2.9799 0.0120408
1.66187827598 2.99946 0.0115965
1.66816823994 3.01704 0.0104533
1.6744495611 3.03521 0.0120088
1.68072138563 3.05354 0.011443
1.68701215424 3.07144 0.0113085
1.6933074808 3.09008 0.0110346
1.69958064303 3.10761 0.0120488
1.70586179344 3.12674 0.0116154
1.71215172419 3.14838 0.012106
1.71843538617 3.16497 0.0125027
1.72471844694 3.18388 0.0112873
1.73099491844 3.20344 0.0125045
1.73728636032 3.22426 0.0113688
1.74356630258 3.24362 0.0120504
1.74983600778 3.26344 0.0117253
1.75612327869 3.28409 0.011405
1.76241061606 3.30412 0.0120599
1.76869357896 3.32395 0.0113399
1.77497674839 3.34634 0.0117933
1.78126362161 3.36667 0.0121261
1.78754574761 3.38771 0.0116125
1.7938272923 3.40898 0.0128334
1.80010772174 3.43116 0.0119647
1.80639091391 3.45337 0.0143218
1.81267451427 3.47434 0.0122923
1.81895363524 3.49595 0.0131131
1.82523850291 3.52014 0.013965
1.8315236862 3.54119 0.013493
1.83781040898 3.56521 0.0126426
1.84409642612 3.58738 0.0140516
1.8503769215 3.61052 0.0135034
1.85666074594 3.63389 0.0131049
1.86294359809 3.65696 0.012406
1.86922204917 3.68103 0.0133665
1.87550781357 3.70373 0.0130605
1.88179499507 3.728 0.0143291
1.88807781314 3.75253 0.0130378
1.89435244502 3.77524 0.0148342
1.90063796885 3.80026 0.0134774
1.90692833723 3.82553 0.0149193
1.91320221586 3.85028 0.0137768
1.91948223445 3.8765 0.0152251
1.92577010575 3.90102 0.0138372
1.93206491035 3.92725 0.0141049
1.93834071151 3.9504 0.0144179
1.94460828613 3.9755 0.0142157
1.9508968614 4.00354 0.0139643
1.95718811973 4.02886 0.0138896
1.96347509207 4.05461 0.0141221
1.9697553281 4.08069 0.0143635
1.9760413775 4.10863 0.0152718
1.98233260336 4.13297 0.0161082
1.98861171931 4.16166 0.0146471
1.99488792869 4.18616 0.014359
2.00117304134 4.21391 0.0171081
2.00745262249 4.24229 0.0164117
2.01372721862 4.26673 0.0150547
2.02001108039 4.29675 0.0163136
2.02630405283 4.32232 0.0164183
2.03258735828 4.35142 0.0159083
2.03886100377 4.37817 0.0167101
2.04514489951 4.40446 0.0160099
2.05143683626 4.4338 0.0171216
2.05772382203 4.46205 0.0152562
2.0640044634 4.48865 0.017108
2.07029278421 4.51673 0.0177021
2.07658471853 4.54229 0.0169764
2.08285424307 4.57178 0.0173076
2.08912259138 4.59649 0.0166068
2.09541730178 4.62708 0.0164087
2.10170304464 4.65482 0.0190192
2.10797273337 4.68219 0.0185637
2.11425579676 4.70817 0.0182808
2.12053788985 4.73454 0.0194063
2.12682075079 4.76479 0.0196341
2.13310670204 4.78958 0.0181477
2.13940011923 4.81877 0.0186771
2.14568939859 4.84756 0.018365
2.15195789682 4.87089 0.0186131
2.15824033347 4.89971 0.0183532
2.16453048092 4.924 0.019608
2.17081716829 4.95284 0.0185321
2.17709912993 4.97711 0.0189819
2.18337674027 5.00226 0.0192279
2.18965452646 5.02685 0.0199056
2.19593814184 5.04997 0.0195787
2.20221722867 5.08126 0.0196767
2.20849850085 5.10072 0.0189947
2.21479372465 5.12849 0.0201593
2.22107581834 5.14992 0.0207646
2.22733812199 5.17434 0.0201143
2.23362792264 5.20075 0.0185984
2.2399287897 5.22186 0.0217068
2.24620084223 5.24618 0.022096
2.2524810722 5.2653 0.021626
2.25875993301 5.28885 0.02127
2.26503776668 5.30671 0.0219099
2.27130391144 5.32823 0.0193919
2.27758972822 5.34659 0.0203584
2.28389830542 5.37025 0.025818
2.29017001225 5.39386 0.0231845
2.29645357402 5.41879 0.0248491
2.30275372852 5.43887 0.0248591
2.30903325986 5.46579 0.025301
2.31530674049 5.48668 0.0248202
2.32158490306 5.51433 0.0240955
2.3278758488 5.53717 0.0264187
2.33415543799 5.56311 0.0302108
2.34041936871 5.59184 0.0256386
2.34670710068 5.61663 0.0248616
2.3530032916 5.64213 0.0249672
2.35928989445 5.67065 0.0270588
2.36555387699 5.69557 0.0293056
2.37182578571 5.72177 0.0294207
2.3781409032 5.74732 0.0259739
2.38442809259 5.77421 0.0304939
2.39069258243 5.8029 0.0268695
2.39698813839 5.83048 0.0279623
2.40330354843 5.85742 0.0299487
2.40957307365 5.88451 0.0263855
2.41583080138 5.91677 0.0309329
2.42214385676 5.94293 0.0296977
2.42843005755 5.96874 0.0318805
2.43467776878 5.99673 0.0316441
2.44097021258 6.02283 0.0341602
2.44729898127 6.05345 0.0347194
2.45356911846 6.0803 0.034559
2.45980003814 6.10771 0.0361291
2.4661092349 6.13879 0.0366851
2.47241430729 6.16451 0.035907
2.47866355169 6.19479 0.0335143
2.48493431628 6.22217 0.0394661
2.49124283111 6.25249 0.0353817
2.49755537626 6.28012 0.0385885
2.50380379021 6.30471 0.0418927
2.51005045336 6.33737 0.0453948
2.51638815336 6.36332 0.0367032
2.52269694929 6.38904 0.0452418
2.52891211798 6.41838 0.0400402
2.53519495098 6.4405 0.0419812
2.54155301509 6.46989 0.0474203
2.54783359884 6.50083 0.0494905
2.55402772623 6.53514 0.0510419
2.56033571996 6.55542 0.0454527
2.56672381747 6.58511 0.0458679
2.57294751341 6.6111 0.0496276
2.57911252531 6.63827 0.0478534
2.58547549612 6.66287 0.0582906
2.59185019505 6.68326 0.0501639
2.59805932148 6.71366 0.0604444
2.60429715989 6.73984 0.0547465
2.61067449751 6.76871 0.0519694
2.61693283418 6.79152 0.0602884
2.62300854502 6.8128 0.0610272
2.62939753095 6.83524 0.0698893
2.63591057571 6.86399 0.064181
2.64202978624 6.88345 0.0763672
2.64803951219 6.89662 0.0763611
2.65454096229 6.93481 0.0724522
2.66118028258 6.94689 0.0694474
2.66719514746 6.96609 0.0867464
2.67309090101 6.9888 0.0772103
2.67973176445 7.00604 0.0910885
2.68646693102 7.04405 0.0935453
2.69219835647 7.04764 0.103104
2.69796467721 7.05281 0.0997522
2.70489193937 7.09519 0.127146
2.71182026315 7.10198 0.125125
2.71709790339 7.11632 0.132446
2.7227864466 7.14596 0.142444
2.72994784687 7.17728 0.147927
2.73706528781 7.17643 0.192893
2.74248820391 7.2145 0.254963
2.74787331837 7.19906 0.234676
2.75504313834 7.26717 0.30959
2.76219934437 7.24969 0.410681
2.76789278819 7.21327 0.716953
2.77283198247 7.30635 0.57295
2.77965581172 7.07502 1.29785
2.78599582346 nan nan
