0.0088996412247 1.68666 0.100323
0.0150791221651 1.69135 0.0554514
0.0214479018646 1.68895 0.0312771
0.0278366077649 1.69411 0.0321001
0.034350997858 1.691 0.0250123
0.0404788676143 1.68781 0.0277276
0.0467671668358 1.69297 0.0234611
0.0530822510177 1.68997 0.0227258
0.0594536244094 1.68834 0.0177744
0.0657622481459 1.68736 0.0211012
0.071966329067 1.69136 0.0186183
0.0782786091569 1.69413 0.0160547
0.0847039894583 1.69079 0.0176574
0.0909685462053 1.69286 0.0199934
0.0972078977683 1.69564 0.0179884
0.103476303896 1.69031 0.016276
0.109757644425 1.69265 0.0182062
0.116054308478 1.69195 0.0168607
0.122366966654 1.69535 0.0163149
0.128681726309 1.6897 0.0169389
0.134950080166 1.69087 0.0164773
0.141194955884 1.69021 0.015115
0.147513357575 1.69022 0.015849
0.153786507425 1.69087 0.0161823
0.160065754405 1.68822 0.0140276
0.166399116869 1.68772 0.0143126
0.172719564578 1.68758 0.0150573
0.178976521338 1.68621 0.0171724
0.185235369065 1.68589 0.0155265
0.191480678734 1.68265 0.017471
0.197788986865 1.68426 0.0142118
0.204093773545 1.67892 0.0146112
0.210393930261 1.68059 0.0142653
0.216690970982 1.67752 0.0169691
0.222970028122 1.67527 0.015037
0.229262002709 1.67559 0.0155368
0.235514150837 1.67224 0.0158653
0.241791058382 1.66991 0.0152667
0.248085653944 1.66847 0.0149844
0.254349225687 1.66402 0.0166113
0.260633425188 1.66448 0.0150805
0.26692573709 1.66245 0.0161032
0.273242334314 1.65771 0.0145151
0.279552968008 1.65471 0.0157077
0.285836629231 1.65138 0.0162093
0.292087627139 1.651 0.0155543
0.298344984444 1.6524 0.0152323
0.304638263941 1.64321 0.0132336
0.3109279127 1.64127 0.0148127
0.317216817162 1.63771 0.0154702
0.323518756794 1.63672 0.0148354
0.329816821755 1.63435 0.0164484
0.336117642946 1.63073 0.016069
0.342370037571 1.62738 0.0132165
0.348647819267 1.62441 0.0151271
0.354941161441 1.61882 0.0151434
0.361191693542 1.61792 0.0140428
0.367476708956 1.61631 0.0135479
0.373764779528 1.61404 0.0159808
0.380065403148 1.60837 0.0134494
0.386353986126 1.60633 0.017472
0.392614018136 1.60087 0.0127727
0.398926450032 1.6007 0.0145874
0.405207324458 1.59781 0.0140567
0.411491647757 1.5948 0.0142823
0.417781427212 1.58941 0.0135704
0.424040064873 1.58586 0.014322
0.430342569027 1.58458 0.0164538
0.436635856026 1.58014 0.0157531
0.442899618322 1.57906 0.0144533
0.449163441853 1.57741 0.0148653
0.455441414625 1.57353 0.0156339
0.46176344703 1.57123 0.0153377
0.468064424202 1.56723 0.0138077
0.474348524276 1.56524 0.0149977
0.480635613682 1.56128 0.0149756
0.486901925839 1.56137 0.012922
0.49316970996 1.55529 0.0135918
0.499450674714 1.55391 0.0152112
0.505715905134 1.54993 0.0160401
0.511992399627 1.5474 0.0147017
0.518312609777 1.54446 0.0131513
0.524608963803 1.542 0.0137484
0.530875730848 1.54171 0.0156104
0.537157352795 1.53711 0.0150445
0.543457956378 1.5361 0.0157111
0.549743065239 1.53329 0.0134299
0.55599374275 1.52901 0.014303
0.562285467661 1.52851 0.0142892
0.568601153723 1.52715 0.0129162
0.574880458942 1.52327 0.0157247
0.581155021034 1.52471 0.0123576
0.587439449666 1.52041 0.0154367
0.59371762203 1.51571 0.01558
0.599997195479 1.51871 0.0146312
0.606267911512 1.51612 0.0131307
0.612546957644 1.51483 0.0152462
0.618847773304 1.5136 0.0130622
0.625131056744 1.51001 0.0153616
0.631402745038 1.5101 0.0116353
0.637700356273 1.50943 0.0138338
0.643985778331 1.50775 0.0134548
0.650268541717 1.50651 0.0138686
0.65655861177 1.50657 0.0153608
0.662836928236 1.50441 0.0137425
0.669118544496 1.5034 0.013262
0.675407019858 1.50489 0.0125643
0.681683551459 1.50196 0.0122935
0.687959253386 1.50257 0.013342
0.694234431704 1.50066 0.0130929
0.700517540243 1.49981 0.0151046
0.706812495661 1.50232 0.0126175
0.713101900967 1.50132 0.0120985
0.719391825117 1.50135 0.0146853
0.72568338076 1.50205 0.0124038
0.731965268271 1.50113 0.0144793
0.738250799048 1.50165 0.0143215
0.744526584212 1.50176 0.0144137
0.750787110194 1.50345 0.0130323
0.757075846532 1.50358 0.013953
0.76336412336 1.5064 0.0124382
0.769646295986 1.50727 0.0141574
0.775939486518 1.51076 0.014026
0.782232914199 1.51032 0.0128579
0.788531493652 1.51103 0.0116654
0.794789656698 1.5137 0.0137436
0.801049109659 1.51596 0.0137077
0.807336406173 1.51756 0.0126113
0.813622948837 1.52148 0.0135123
0.819915299896 1.52061 0.015518
0.826195263639 1.52636 0.0139219
0.832489707008 1.52533 0.0157549
0.838795930921 1.52952 0.0123179
0.84506346397 1.53271 0.0149168
0.851328286756 1.53608 0.0124511
0.85761982639 1.54079 0.0109122
0.863905847706 1.5445 0.0130665
0.870183874549 1.54749 0.0132904
0.876464109608 1.552 0.0138144
0.88275038734 1.55717 0.0135035
0.889033276839 1.56089 0.0130978
0.895308424711 1.56496 0.0109229
0.901595652167 1.57009 0.0118306
0.907883332809 1.57429 0.0128436
0.914174410632 1.57826 0.0130328
0.920463081772 1.5856 0.0121629
0.926743441526 1.59169 0.0112352
0.933032419735 1.59643 0.0123234
0.939326578557 1.60406 0.0109386
0.94559748104 1.60948 0.0117567
0.951866001855 1.61478 0.0115823
0.958141325553 1.61992 0.0104768
0.964435094511 1.62839 0.0126677
0.970735563357 1.63545 0.0122889
0.977008076845 1.64519 0.014858
0.983282332536 1.64851 0.0109275
0.989556969197 1.65764 0.0115506
0.995845630192 1.66497 0.0120559
1.00213621074 1.67549 0.0126087
1.00840482534 1.68282 0.0119721
1.01469414984 1.69186 0.0123649
1.02099255544 1.70114 0.0121797
1.02727398044 1.70922 0.0113819
1.0335591819 1.71838 0.0117944
1.03984755739 1.72912 0.0109058
1.04612697494 1.73954 0.0133636
1.05240343681 1.74999 0.0121832
1.05868070465 1.75863 0.0108107
1.06496433307 1.76896 0.0123637
1.07125677744 1.77932 0.0124634
1.0775440488 1.78958 0.0117212
1.08382482019 1.80269 0.0125652
1.09010802394 1.81453 0.00988385
1.09638966596 1.82855 0.0108223
1.10268113206 1.83845 0.0114525
1.10896304759 1.84997 0.0117065
1.11522542846 1.86382 0.011775
1.12150212761 1.87629 0.0129819
1.12779257382 1.88916 0.0106477
1.13408955267 1.90561 0.012678
1.14036404965 1.91737 0.0113401
1.14663918032 1.93045 0.0127057
1.15294241299 1.94488 0.0102046
1.15922890675 1.96033 0.0099189
1.16550872189 1.97552 0.0103124
1.17179307626 1.99003 0.0112472
1.17808743637 2.00714 0.0102877
1.18436765425 2.02091 0.0111183
1.1906346423 2.03724 0.0104984
1.19691220883 2.05277 0.0123686
1.20320157735 2.07089 0.0105582
1.20948684444 2.08687 0.0110429
1.21576390207 2.10585 0.0117175
1.22204975517 2.123 0.0112039
1.22834061662 2.13879 0.0117191
1.23463298658 2.15763 0.0108613
1.24090224718 2.17511 0.00915766
1.24717483914 2.19392 0.0107078
1.25346545993 2.21406 0.0109138
1.25974995189 2.23282 0.00970579
1.26603214313 2.25153 0.0108716
1.27231628847 2.27093 0.0101131
1.27860415506 2.28941 0.0107437
1.28488658893 2.31218 0.0104756
1.29117542007 2.33097 0.0107949
1.29746572637 2.35301 0.00982836
1.30374182701 2.37371 0.0117547
1.31001732292 2.39649 0.010624
1.31630144766 2.41665 0.0100642
1.32258676036 2.43785 0.00939786
1.32886549245 2.46163 0.00939096
1.33514480495 2.48494 0.0101006
1.34144051627 2.50679 0.00964927
1.34773086842 2.53083 0.0107336
1.35400158999 2.55279 0.010936
1.3602826093 2.5777 0.00968312
1.36656568646 2.59997 0.0116808
1.37285149848 2.62649 0.010004
1.37913537293 2.65044 0.0106362
1.38540956715 2.67339 0.0102452
1.39169864122 2.69803 0.0092934
1.39798445144 2.72499 0.0106997
1.40426788341 2.74858 0.00941119
1.41055477948 2.77465 0.0101793
1.41683783355 2.80074 0.0102841
1.42311817719 2.82684 0.0101481
1.42939780116 2.85197 0.0107333
1.43568692182 2.88145 0.010005
1.44197712177 2.90669 0.0107571
1.44825366785 2.93333 0.010927
1.45453234897 2.96266 0.0106943
1.46081931915 2.98837 0.0111203
1.4671103644 3.01588 0.010625
1.47339290895 3.04389 0.0120266
1.47966996524 3.07266 0.00887692
1.4859561446 3.10137 0.0105189
1.49223361076 3.13008 0.0101011
1.49850247038 3.15917 0.00918603
1.50478575205 3.18638 0.0104403
1.51107599189 3.2145 0.0100987
1.51736163499 3.24553 0.00933437
1.52364857097 3.27302 0.010495
1.52993803572 3.30156 0.0111688
1.53623017691 3.33207 0.00983099
1.54251071878 3.36194 0.0103607
1.54878396308 3.38948 0.0101212
1.55507306978 3.42005 0.00954599
1.56135732493 3.44996 0.0104517
1.56762912105 3.47838 0.0101833
1.5739136974 3.50914 0.0106525
1.58020354523 3.53768 0.0100613
1.58648539343 3.56787 0.0113273
1.59276001426 3.59596 0.0106028
1.59904643639 3.62813 0.0102822
1.60534213664 3.65829 0.009689
1.61161976836 3.68276 0.010418
1.61789716835 3.70445 0.0104907
1.62418270854 3.72643 0.0115936
1.63046407995 3.74928 0.0102773
1.63674824683 3.76939 0.0117305
1.64303013827 3.79236 0.0102067
1.64930808063 3.81508 0.0108809
1.65559224863 3.83811 0.0115182
1.66187827598 3.86142 0.0121675
1.66816823994 3.88385 0.0118677
1.6744495611 3.90718 0.0117278
1.68072138563 3.93048 0.0119306
1.68701215424 3.95577 0.012106
1.6933074808 3.97685 0.0118694
1.69958064303 4.0009 0.0118847
1.70586179344 4.02611 0.0121206
1.71215172419 4.05145 0.0126281
1.71843538617 4.07507 0.0123965
1.72471844694 4.09977 0.0119838
1.73099491844 4.12509 0.0125079
1.73728636032 4.15044 0.0121109
1.74356630258 4.17532 0.0120131
1.74983600778 4.20081 0.0123452
1.75612327869 4.22783 0.0119192
1.76241061606 4.25337 0.0132515
1.76869357896 4.27868 0.0105682
1.77497674839 4.30638 0.0124124
1.78126362161 4.33155 0.0129963
1.78754574761 4.35896 0.012604
1.7938272923 4.38707 0.013154
1.80010772174 4.41402 0.0134411
1.80639091391 4.44274 0.0147153
1.81267451427 4.46818 0.0132648
1.81895363524 4.49728 0.0144182
1.82523850291 4.52595 0.0138182
1.8315236862 4.55351 0.0132149
1.83781040898 4.58293 0.0128002
1.84409642612 4.61249 0.0129014
1.8503769215 4.63957 0.0145188
1.85666074594 4.67035 0.0132888
1.86294359809 4.69973 0.0139776
1.86922204917 4.73014 0.0144558
1.87550781357 4.75751 0.0140949
1.88179499507 4.78962 0.0141586
1.88807781314 4.81879 0.0134991
1.89435244502 4.84785 0.0136769
1.90063796885 4.88014 0.014181
1.90692833723 4.90925 0.0153774
1.91320221586 4.94187 0.0143282
1.91948223445 4.97233 0.0157955
1.92577010575 5.004 0.0153755
1.93206491035 5.03499 0.0147523
1.93834071151 5.06535 0.0148663
1.94460828613 5.09643 0.0146145
1.9508968614 5.1295 0.0153034
1.95718811973 5.16076 0.0146238
1.96347509207 5.19236 0.0144868
1.9697553281 5.22585 0.0166256
1.9760413775 5.25807 0.0160387
1.98233260336 5.28845 0.0168459
1.98861171931 5.3225 0.0162582
1.99488792869 5.35324 0.0153946
2.00117304134 5.38645 0.0165368
2.00745262249 5.42113 0.0165257
2.01372721862 5.45109 0.0168166
2.02001108039 5.48608 0.0160043
2.02630405283 5.51862 0.0164568
2.03258735828 5.55154 0.0172346
2.03886100377 5.58418 0.0161452
2.04514489951 5.61574 0.018279
2.05143683626 5.65113 0.017875
2.05772382203 5.68395 0.0159409
2.0640044634 5.71758 0.0179168
2.07029278421 5.74791 0.0180973
2.07658471853 5.7805 0.0184904
2.08285424307 5.81421 0.0190857
2.08912259138 5.84462 0.0186691
2.09541730178 5.87902 0.0191272
2.10170304464 5.91082 0.0195928
2.10797273337 5.94397 0.0192385
2.11425579676 5.97593 0.020999
2.12053788985 6.00771 0.0214577
2.12682075079 6.0421 0.0193114
2.13310670204 6.07048 0.0211237
2.13940011923 6.10379 0.01997
2.14568939859 6.13744 0.0196606
2.15195789682 6.16546 0.0196014
2.15824033347 6.19822 0.0215394
2.16453048092 6.22784 0.0210221
2.17081716829 6.26019 0.0208779
2.17709912993 6.28811 0.0212456
2.18337674027 6.31776 0.0212176
2.18965452646 6.34783 0.0217102
2.19593814184 6.37666 0.0223531
2.20221722867 6.40936 0.0214885
2.20849850085 6.43595 0.02237
2.21479372465 6.46709 0.022542
2.22107581834 6.49401 0.0219295
2.22733812199 6.52416 0.0230684
2.23362792264 6.55564 0.0213803
2.2399287897 6.58387 0.0241551
2.24620084223 6.60962 0.0232358
2.2524810722 6.63671 0.0231604
2.25875993301 6.66712 0.0246884
2.26503776668 6.69272 0.0245615
2.27130391144 6.72241 0.0219023
2.27758972822 6.74991 0.0238537
2.28389830542 6.78061 0.0273778
2.29017001225 6.81188 0.0275205
2.29645357402 6.84255 0.0264435
2.30275372852 6.87174 0.0256134
2.30903325986 6.90479 0.0271571
2.31530674049 6.93377 0.0258392
2.32158490306 6.96584 0.0266236
2.3278758488 6.99443 0.0250999
2.33415543799 7.02905 0.0339192
2.34041936871 7.0597 0.0275555
2.34670710068 7.09315 0.0275761
2.3530032916 7.12743 0.0298559
2.35928989445 7.15956 0.0291336
2.36555387699 7.19215 0.0334371
2.37182578571 7.22415 0.0329762
2.3781409032 7.2547 0.0295024
2.38442809259 7.28862 0.0324222
2.39069258243 7.32231 0.0335452
2.39698813839 7.3578 0.0319313
2.40330354843 7.38559 0.0346688
2.40957307365 7.42246 0.030671
2.41583080138 7.45807 0.0355782
2.42214385676 7.491 0.03362
2.42843005755 7.52455 0.0352253
2.43467776878 7.55261 0.0347823
2.44097021258 7.58964 0.0381562
2.44729898127 7.62712 0.036481
2.45356911846 7.65584 0.0418065
2.45980003814 7.68705 0.0418707
2.4661092349 7.72455 0.0428875
2.47241430729 7.76073 0.0411697
2.47866355169 7.79401 0.0355893
2.48493431628 7.82292 0.0390849
2.49124283111 7.86093 0.0413457
2.49755537626 7.8937 0.0417993
2.50380379021 7.91606 0.0469635
2.51005045336 7.95633 0.0508461
2.51638815336 7.9891 0.0394518
2.52269694929 8.01936 0.0510568
2.52891211798 8.05097 0.0471417
2.53519495098 8.08595 0.0467971
2.54155301509 8.11409 0.0491911
2.54783359884 8.14311 0.0545752
2.55402772623 8.18649 0.0595473
2.56033571996 8.20983 0.0531938
2.56672381747 8.24576 0.0547799
2.57294751341 8.27297 0.0540999
2.57911252531 8.30174 0.0599564
2.58547549612 8.32372 0.0626138
2.59185019505 8.35704 0.0569894
2.59805932148 8.38229 0.0646398
2.60429715989 8.4168 0.0685168
2.61067449751 8.45022 0.0592638
2.61693283418 8.47653 0.075031
2.62300854502 8.49824 0.0656016
2.62939753095 8.51862 0.0753015
2.63591057571 8.55449 0.0739267
2.64202978624 8.56737 0.0823501
2.64803951219 8.58842 0.0798742
2.65454096229 8.63106 0.080824
2.66118028258 8.64184 0.0809339
2.66719514746 8.67337 0.102328
2.67309090101 8.6876 0.0988254
2.67973176445 8.7176 0.0973055
2.68646693102 8.74981 0.107857
2.69219835647 8.74116 0.109722
2.69796467721 8.75001 0.106238
2.70489193937 8.79829 0.138202
2.71182026315 8.80503 0.146423
2.71709790339 8.81085 0.175106
2.7227864466 8.85439 0.156658
2.72994784687 8.86046 0.18406
2.73706528781 8.89017 0.207378
2.74248820391 8.89742 0.336484
2.74787331837 8.87921 0.252831
2.75504313834 8.97222 0.352058
2.76219934437 8.94377 0.361411
2.76789278819 8.86295 0.799431
2.77283198247 8.96878 0.639806
2.77965581172 8.93834 1.73416
2.78599582346 nan nan
