0.0088996412247 1.11842 0.117664
0.0150791221651 1.1171 0.0529615
0.0214479018646 1.12855 0.0374087
0.0278366077649 1.12984 0.0343014
0.034350997858 1.13866 0.0311358
0.0404788676143 1.14357 0.0320291
0.0467671668358 1.14368 0.0245044
0.0530822510177 1.14591 0.0212414
0.0594536244094 1.14679 0.0226774
0.0657622481459 1.14582 0.0215347
0.071966329067 1.14537 0.0186917
0.0782786091569 1.14678 0.0206856
0.0847039894583 1.14324 0.0193215
0.0909685462053 1.14185 0.0201098
0.0972078977683 1.13674 0.0205671
0.103476303896 1.13223 0.0184601
0.109757644425 1.13175 0.0191104
0.116054308478 1.12796 0.01934
0.122366966654 1.12443 0.0164321
0.128681726309 1.12 0.0188499
0.134950080166 1.11401 0.01795
0.141194955884 1.10579 0.019335
0.147513357575 1.0981 0.0180877
0.153786507425 1.08939 0.0177028
0.160065754405 1.08315 0.0202744
0.166399116869 1.06981 0.0178251
0.172719564578 1.06393 0.0190074
0.178976521338 1.05485 0.0179699
0.185235369065 1.05375 0.0185468
0.191480678734 1.04271 0.0185283
0.197788986865 1.03348 0.0174345
0.204093773545 1.0231 0.0185404
0.210393930261 1.0139 0.016961
0.216690970982 1.00027 0.0157373
0.222970028122 0.991358 0.0187395
0.229262002709 0.979947 0.0183339
0.235514150837 0.969585 0.0170743
0.241791058382 0.95923 0.0173687
0.248085653944 0.94808 0.0183664
0.254349225687 0.938655 0.0199839
0.260633425188 0.927662 0.0174789
0.26692573709 0.912939 0.0219404
0.273242334314 0.903936 0.0184365
0.279552968008 0.892983 0.0201347
0.285836629231 0.879165 0.0187313
0.292087627139 0.867034 0.0225163
0.298344984444 0.850417 0.0215558
0.304638263941 0.839868 0.0194964
0.3109279127 0.826654 0.0185077
0.317216817162 0.818264 0.0218817
0.323518756794 0.803596 0.0237607
0.329816821755 0.794086 0.0227636
0.336117642946 0.780792 0.0210348
0.342370037571 0.769234 0.0210833
0.348647819267 0.744208 0.0231458
0.354941161441 0.736563 0.022659
0.361191693542 0.713453 0.0226901
0.367476708956 0.705663 0.02105
0.373764779528 0.695418 0.0234435
0.380065403148 0.675534 0.0251079
0.386353986126 0.659184 0.0197355
0.392614018136 0.647436 0.0254021
0.398926450032 0.62839 0.0287117
0.405207324458 0.611431 0.028292
0.411491647757 0.595036 0.0298455
0.417781427212 0.587871 0.0308498
0.424040064873 0.565045 0.0277916
0.430342569027 0.54345 0.0313009
0.436635856026 0.532658 0.0284803
0.442899618322 0.511801 0.032477
0.449163441853 0.483686 0.0374446
0.455441414625 0.463143 0.0365185
0.46176344703 0.447557 0.036774
0.468064424202 0.419361 0.0386397
0.474348524276 0.394042 0.0409295
0.480635613682 0.375555 0.0458026
0.486901925839 0.346839 0.0381118
0.49316970996 0.305422 0.0590108
0.499450674714 0.287767 0.0631788
0.505715905134 nan nan
0.511992399627 nan nan
0.518312609777 nan nan
0.524608963803 nan nan
0.530875730848 nan nan
0.537157352795 nan nan
0.543457956378 nan nan
0.549743065239 nan nan
0.55599374275 nan nan
0.562285467661 nan nan
0.568601153723 nan nan
0.574880458942 nan nan
0.581155021034 nan nan
0.587439449666 nan nan
0.59371762203 nan nan
0.599997195479 nan nan
0.606267911512 nan nan
0.612546957644 nan nan
0.618847773304 nan nan
0.625131056744 nan nan
0.631402745038 nan nan
0.637700356273 nan nan
0.643985778331 nan nan
0.650268541717 nan nan
0.65655861177 nan nan
0.662836928236 nan nan
0.669118544496 nan nan
0.675407019858 nan nan
0.681683551459 nan nan
0.687959253386 nan nan
0.694234431704 nan nan
0.700517540243 nan nan
0.706812495661 nan nan
0.713101900967 nan nan
0.719391825117 nan nan
0.72568338076 nan nan
0.731965268271 nan nan
0.738250799048 nan nan
0.744526584212 nan nan
0.750787110194 nan nan
0.757075846532 nan nan
0.76336412336 nan nan
0.769646295986 nan nan
0.775939486518 nan nan
0.782232914199 nan nan
0.788531493652 nan nan
0.794789656698 nan nan
0.801049109659 nan nan
0.807336406173 nan nan
0.813622948837 nan nan
0.819915299896 nan nan
0.826195263639 nan nan
0.832489707008 nan nan
0.838795930921 nan nan
0.84506346397 nan nan
0.851328286756 nan nan
0.85761982639 nan nan
0.863905847706 nan nan
0.870183874549 nan nan
0.876464109608 nan nan
0.88275038734 nan nan
0.889033276839 nan nan
0.895308424711 nan nan
0.901595652167 nan nan
0.907883332809 nan nan
0.914174410632 nan nan
0.920463081772 nan nan
0.926743441526 nan nan
0.933032419735 nan nan
0.939326578557 nan nan
0.94559748104 nan nan
0.951866001855 nan nan
0.958141325553 nan nan
0.964435094511 nan nan
0.970735563357 nan nan
0.977008076845 nan nan
0.983282332536 nan nan
0.989556969197 nan nan
0.995845630192 nan nan
1.00213621074 nan nan
1.00840482534 nan nan
1.01469414984 nan nan
1.02099255544 nan nan
1.02727398044 nan nan
1.0335591819 nan nan
1.03984755739 nan nan
1.04612697494 nan nan
1.05240343681 nan nan
1.05868070465 nan nan
1.06496433307 nan nan
1.07125677744 nan nan
1.0775440488 nan nan
1.08382482019 nan nan
1.09010802394 nan nan
1.09638966596 nan nan
1.10268113206 nan nan
1.10896304759 nan nan
1.11522542846 nan nan
1.12150212761 nan nan
1.12779257382 nan nan
1.13408955267 nan nan
1.14036404965 nan nan
1.14663918032 nan nan
1.15294241299 nan nan
1.15922890675 nan nan
1.16550872189 nan nan
1.17179307626 nan nan
1.17808743637 nan nan
1.18436765425 nan nan
1.1906346423 nan nan
1.19691220883 nan nan
1.20320157735 nan nan
1.20948684444 nan nan
1.21576390207 nan nan
1.22204975517 nan nan
1.22834061662 nan nan
1.23463298658 nan nan
1.24090224718 nan nan
1.24717483914 nan nan
1.25346545993 nan nan
1.25974995189 nan nan
1.26603214313 nan nan
1.27231628847 nan nan
1.27860415506 nan nan
1.28488658893 nan nan
1.29117542007 nan nan
1.29746572637 nan nan
1.30374182701 nan nan
1.31001732292 nan nan
1.31630144766 nan nan
1.32258676036 nan nan
1.32886549245 nan nan
1.33514480495 nan nan
1.34144051627 nan nan
1.34773086842 nan nan
1.35400158999 nan nan
1.3602826093 nan nan
1.36656568646 nan nan
1.37285149848 nan nan
1.37913537293 nan nan
1.38540956715 nan nan
1.39169864122 nan nan
1.39798445144 nan nan
1.40426788341 nan nan
1.41055477948 nan nan
1.41683783355 nan nan
1.42311817719 nan nan
1.42939780116 nan nan
1.43568692182 nan nan
1.44197712177 nan nan
1.44825366785 nan nan
1.45453234897 nan nan
1.46081931915 nan nan
1.4671103644 nan nan
1.47339290895 nan nan
1.47966996524 nan nan
1.4859561446 nan nan
1.49223361076 nan nan
1.49850247038 nan nan
1.50478575205 nan nan
1.51107599189 nan nan
1.51736163499 nan nan
1.52364857097 nan nan
1.52993803572 nan nan
1.53623017691 nan nan
1.54251071878 nan nan
1.54878396308 nan nan
1.55507306978 nan nan
1.56135732493 nan nan
1.56762912105 nan nan
1.5739136974 nan nan
1.58020354523 nan nan
1.58648539343 nan nan
1.59276001426 nan nan
1.59904643639 nan nan
1.60534213664 nan nan
1.61161976836 nan nan
1.61789716835 nan nan
1.62418270854 nan nan
1.63046407995 nan nan
1.63674824683 nan nan
1.64303013827 nan nan
1.64930808063 nan nan
1.65559224863 nan nan
1.66187827598 nan nan
1.66816823994 nan nan
1.6744495611 nan nan
1.68072138563 nan nan
1.68701215424 nan nan
1.6933074808 nan nan
1.69958064303 nan nan
1.70586179344 nan nan
1.71215172419 nan nan
1.71843538617 nan nan
1.72471844694 nan nan
1.73099491844 nan nan
1.73728636032 nan nan
1.74356630258 nan nan
1.74983600778 nan nan
1.75612327869 nan nan
1.76241061606 nan nan
1.76869357896 nan nan
1.77497674839 nan nan
1.78126362161 nan nan
1.78754574761 nan nan
1.7938272923 nan nan
1.80010772174 nan nan
1.80639091391 nan nan
1.81267451427 nan nan
1.81895363524 nan nan
1.82523850291 nan nan
1.8315236862 nan nan
1.83781040898 nan nan
1.84409642612 nan nan
1.8503769215 nan nan
1.85666074594 nan nan
1.86294359809 nan nan
1.86922204917 nan nan
1.87550781357 nan nan
1.88179499507 nan nan
1.88807781314 nan nan
1.89435244502 nan nan
1.90063796885 nan nan
1.90692833723 nan nan
1.91320221586 nan nan
1.91948223445 nan nan
1.92577010575 nan nan
1.93206491035 nan nan
1.93834071151 nan nan
1.94460828613 nan nan
1.9508968614 nan nan
1.95718811973 nan nan
1.96347509207 nan nan
1.9697553281 nan nan
1.9760413775 nan nan
1.98233260336 nan nan
1.98861171931 nan nan
1.99488792869 nan nan
2.00117304134 nan nan
2.00745262249 nan nan
2.01372721862 nan nan
2.02001108039 nan nan
2.02630405283 nan nan
2.03258735828 nan nan
2.03886100377 nan nan
2.04514489951 nan nan
2.05143683626 nan nan
2.05772382203 nan nan
2.0640044634 nan nan
2.07029278421 nan nan
2.07658471853 nan nan
2.08285424307 nan nan
2.08912259138 nan nan
2.09541730178 nan nan
2.10170304464 nan nan
2.10797273337 nan nan
2.11425579676 nan nan
2.12053788985 nan nan
2.12682075079 nan nan
2.13310670204 nan nan
2.13940011923 nan nan
2.14568939859 nan nan
2.15195789682 nan nan
2.15824033347 nan nan
2.16453048092 nan nan
2.17081716829 nan nan
2.17709912993 nan nan
2.18337674027 nan nan
2.18965452646 nan nan
2.19593814184 nan nan
2.20221722867 nan nan
2.20849850085 nan nan
2.21479372465 nan nan
2.22107581834 nan nan
2.22733812199 nan nan
2.23362792264 nan nan
2.2399287897 nan nan
2.24620084223 nan nan
2.2524810722 nan nan
2.25875993301 nan nan
2.26503776668 nan nan
2.27130391144 nan nan
2.27758972822 nan nan
2.28389830542 nan nan
2.29017001225 nan nan
2.29645357402 nan nan
2.30275372852 nan nan
2.30903325986 nan nan
2.31530674049 nan nan
2.32158490306 nan nan
2.3278758488 nan nan
2.33415543799 nan nan
2.34041936871 nan nan
2.34670710068 nan nan
2.3530032916 nan nan
2.35928989445 nan nan
2.36555387699 nan nan
2.37182578571 nan nan
2.3781409032 nan nan
2.38442809259 nan nan
2.39069258243 nan nan
2.39698813839 nan nan
2.40330354843 nan nan
2.40957307365 nan nan
2.41583080138 nan nan
2.42214385676 nan nan
2.42843005755 nan nan
2.43467776878 nan nan
2.44097021258 nan nan
2.44729898127 nan nan
2.45356911846 nan nan
2.45980003814 nan nan
2.4661092349 nan nan
2.47241430729 nan nan
2.47866355169 nan nan
2.48493431628 nan nan
2.49124283111 nan nan
2.49755537626 nan nan
2.50380379021 nan nan
2.51005045336 nan nan
2.51638815336 nan nan
2.52269694929 nan nan
2.52891211798 nan nan
2.53519495098 nan nan
2.54155301509 nan nan
2.54783359884 nan nan
2.55402772623 nan nan
2.56033571996 nan nan
2.56672381747 nan nan
2.57294751341 nan nan
2.57911252531 nan nan
2.58547549612 nan nan
2.59185019505 nan nan
2.59805932148 nan nan
2.60429715989 nan nan
2.61067449751 nan nan
2.61693283418 nan nan
2.62300854502 nan nan
2.62939753095 nan nan
2.63591057571 nan nan
2.64202978624 nan nan
2.64803951219 nan nan
2.65454096229 nan nan
2.66118028258 nan nan
2.66719514746 nan nan
2.67309090101 nan nan
2.67973176445 nan nan
2.68646693102 nan nan
2.69219835647 nan nan
2.69796467721 nan nan
2.70489193937 nan nan
2.71182026315 nan nan
2.71709790339 nan nan
2.7227864466 nan nan
2.72994784687 nan nan
2.73706528781 nan nan
2.74248820391 nan nan
2.74787331837 nan nan
2.75504313834 nan nan
2.76219934437 nan nan
2.76789278819 nan nan
2.77283198247 nan nan
2.77965581172 nan nan
2.78599582346 nan nan
