0.0088996412247 1.34694 0.109129
0.0150791221651 1.35348 0.052851
0.0214479018646 1.35894 0.0347133
0.0278366077649 1.36634 0.0334277
0.034350997858 1.36514 0.0261061
0.0404788676143 1.36259 0.0263244
0.0467671668358 1.36357 0.0198349
0.0530822510177 1.35877 0.0210346
0.0594536244094 1.36193 0.0186073
0.0657622481459 1.36029 0.0203238
0.071966329067 1.36139 0.0199361
0.0782786091569 1.36154 0.0178319
0.0847039894583 1.35729 0.0188508
0.0909685462053 1.3545 0.0167842
0.0972078977683 1.35192 0.0194847
0.103476303896 1.34716 0.0184533
0.109757644425 1.34581 0.0170098
0.116054308478 1.34181 0.0181868
0.122366966654 1.34154 0.0160222
0.128681726309 1.3389 0.0168198
0.134950080166 1.33265 0.0176868
0.141194955884 1.32543 0.0164208
0.147513357575 1.32166 0.0157989
0.153786507425 1.31576 0.0149777
0.160065754405 1.31023 0.016123
0.166399116869 1.30353 0.0155291
0.172719564578 1.29815 0.0169052
0.178976521338 1.29111 0.015878
0.185235369065 1.28903 0.018119
0.191480678734 1.28278 0.0163834
0.197788986865 1.27834 0.0165615
0.204093773545 1.27075 0.0148059
0.210393930261 1.26097 0.0153911
0.216690970982 1.25424 0.0153768
0.222970028122 1.24551 0.0157446
0.229262002709 1.24001 0.017606
0.235514150837 1.23181 0.0172483
0.241791058382 1.22555 0.0149885
0.248085653944 1.21911 0.0163045
0.254349225687 1.21305 0.0165596
0.260633425188 1.20523 0.0156927
0.26692573709 1.19637 0.0163187
0.273242334314 1.19004 0.0158473
0.279552968008 1.18065 0.0179003
0.285836629231 1.17208 0.0153724
0.292087627139 1.16495 0.0159834
0.298344984444 1.15478 0.0167734
0.304638263941 1.14613 0.0168573
0.3109279127 1.14108 0.016623
0.317216817162 1.13057 0.0187817
0.323518756794 1.12298 0.0185433
0.329816821755 1.11828 0.0200493
0.336117642946 1.11165 0.017632
0.342370037571 1.10137 0.0201547
0.348647819267 1.09029 0.0176535
0.354941161441 1.0833 0.0180903
0.361191693542 1.07336 0.0162309
0.367476708956 1.06611 0.0164825
0.373764779528 1.0581 0.0169578
0.380065403148 1.04664 0.0171437
0.386353986126 1.03961 0.0186488
0.392614018136 1.02829 0.0169802
0.398926450032 1.02013 0.0165095
0.405207324458 1.01112 0.0163863
0.411491647757 1.0039 0.017539
0.417781427212 0.995848 0.0182387
0.424040064873 0.985895 0.0166495
0.430342569027 0.976758 0.0196802
0.436635856026 0.970511 0.0199119
0.442899618322 0.958151 0.0183229
0.449163441853 0.950588 0.0192103
0.455441414625 0.942327 0.0194993
0.46176344703 0.929734 0.0170397
0.468064424202 0.922295 0.0205957
0.474348524276 0.914627 0.0184916
0.480635613682 0.900966 0.0194859
0.486901925839 0.898204 0.0198132
0.49316970996 0.883831 0.0209367
0.499450674714 0.874521 0.0206314
0.505715905134 0.866016 0.0201539
0.511992399627 0.855909 0.0189023
0.518312609777 0.847159 0.0189405
0.524608963803 0.840365 0.019113
0.530875730848 0.829604 0.0206877
0.537157352795 0.818727 0.0223464
0.543457956378 0.808385 0.020317
0.549743065239 0.798205 0.0207011
0.55599374275 0.789559 0.0209623
0.562285467661 0.780941 0.018291
0.568601153723 0.770472 0.0206852
0.574880458942 0.758257 0.0189931
0.581155021034 0.751432 0.0219752
0.587439449666 0.739869 0.021227
0.59371762203 0.728552 0.0249228
0.599997195479 0.719115 0.0247262
0.606267911512 0.706414 0.0230765
0.612546957644 0.692848 0.0216195
0.618847773304 0.687285 0.0241836
0.625131056744 0.675922 0.0234034
0.631402745038 0.670377 0.0287172
0.637700356273 0.654574 0.0267946
0.643985778331 0.644535 0.0243312
0.650268541717 0.632377 0.027277
0.65655861177 0.621271 0.0249702
0.662836928236 0.608128 0.0270754
0.669118544496 0.599564 0.0245626
0.675407019858 0.59066 0.022856
0.681683551459 0.574256 0.0284802
0.687959253386 0.562671 0.0271177
0.694234431704 0.551167 0.0258826
0.700517540243 0.542124 0.0319658
0.706812495661 0.527176 0.0313737
0.713101900967 0.517604 0.0281343
0.719391825117 0.503346 0.0322368
0.72568338076 0.492009 0.0295171
0.731965268271 0.481601 0.0343659
0.738250799048 0.466331 0.0359781
0.744526584212 0.45675 0.0372215
0.750787110194 0.442086 0.0379848
0.757075846532 0.420891 0.0316125
0.76336412336 0.4136 0.043029
0.769646295986 0.395599 0.0386596
0.775939486518 0.389686 0.0385844
0.782232914199 0.365518 0.0415633
0.788531493652 0.354275 0.0470608
0.794789656698 0.341453 0.048341
0.801049109659 0.312346 0.0567509
0.807336406173 0.309549 0.045943
0.813622948837 0.283774 0.0573533
0.819915299896 nan nan
0.826195263639 0.231376 0.0704032
0.832489707008 nan nan
0.838795930921 nan nan
0.84506346397 nan nan
0.851328286756 nan nan
0.85761982639 nan nan
0.863905847706 nan nan
0.870183874549 nan nan
0.876464109608 nan nan
0.88275038734 nan nan
0.889033276839 nan nan
0.895308424711 nan nan
0.901595652167 nan nan
0.907883332809 nan nan
0.914174410632 nan nan
0.920463081772 nan nan
0.926743441526 nan nan
0.933032419735 nan nan
0.939326578557 nan nan
0.94559748104 nan nan
0.951866001855 nan nan
0.958141325553 nan nan
0.964435094511 nan nan
0.970735563357 nan nan
0.977008076845 nan nan
0.983282332536 nan nan
0.989556969197 nan nan
0.995845630192 nan nan
1.00213621074 nan nan
1.00840482534 nan nan
1.01469414984 nan nan
1.02099255544 nan nan
1.02727398044 nan nan
1.0335591819 nan nan
1.03984755739 nan nan
1.04612697494 nan nan
1.05240343681 nan nan
1.05868070465 nan nan
1.06496433307 nan nan
1.07125677744 nan nan
1.0775440488 nan nan
1.08382482019 nan nan
1.09010802394 nan nan
1.09638966596 nan nan
1.10268113206 nan nan
1.10896304759 nan nan
1.11522542846 nan nan
1.12150212761 nan nan
1.12779257382 nan nan
1.13408955267 nan nan
1.14036404965 nan nan
1.14663918032 nan nan
1.15294241299 nan nan
1.15922890675 nan nan
1.16550872189 nan nan
1.17179307626 nan nan
1.17808743637 nan nan
1.18436765425 nan nan
1.1906346423 nan nan
1.19691220883 nan nan
1.20320157735 nan nan
1.20948684444 nan nan
1.21576390207 nan nan
1.22204975517 nan nan
1.22834061662 nan nan
1.23463298658 nan nan
1.24090224718 nan nan
1.24717483914 nan nan
1.25346545993 nan nan
1.25974995189 nan nan
1.26603214313 nan nan
1.27231628847 0.32185 0.0523229
1.27860415506 0.359157 0.0384005
1.28488658893 0.395006 0.0444518
1.29117542007 0.418151 0.0322241
1.29746572637 0.452429 0.0356153
1.30374182701 0.480903 0.0346415
1.31001732292 0.510414 0.0300216
1.31630144766 0.535332 0.0292978
1.32258676036 0.558463 0.0261776
1.32886549245 0.599037 0.0265931
1.33514480495 0.623464 0.0243501
1.34144051627 0.647653 0.0244472
1.34773086842 0.680631 0.0235301
1.35400158999 0.705535 0.0225564
1.3602826093 0.73646 0.023907
1.36656568646 0.761156 0.0196144
1.37285149848 0.787408 0.0217546
1.37913537293 0.818581 0.0203597
1.38540956715 0.845937 0.0194944
1.39169864122 0.87119 0.0183685
1.39798445144 0.900618 0.0188337
1.40426788341 0.928467 0.0179556
1.41055477948 0.956076 0.0179485
1.41683783355 0.987406 0.0157358
1.42311817719 1.01448 0.0159597
1.42939780116 1.0432 0.0153707
1.43568692182 1.07186 0.0153026
1.44197712177 1.09997 0.0147616
1.44825366785 1.12969 0.014009
1.45453234897 1.15868 0.0150564
1.46081931915 1.18706 0.0134786
1.4671103644 1.21658 0.01304
1.47339290895 1.24683 0.0140637
1.47966996524 1.27784 0.0125629
1.4859561446 1.3082 0.0134098
1.49223361076 1.33898 0.0123467
1.49850247038 1.36906 0.0116076
1.50478575205 1.39637 0.0126075
1.51107599189 1.42901 0.0144905
1.51736163499 1.46205 0.0111167
1.52364857097 1.4899 0.0117791
1.52993803572 1.52188 0.0110928
1.53623017691 1.55292 0.010106
1.54251071878 1.58492 0.0118534
1.54878396308 1.61602 0.0115035
1.55507306978 1.64689 0.00991391
1.56135732493 1.67996 0.0112329
1.56762912105 1.70957 0.0103726
1.5739136974 1.7432 0.0101241
1.58020354523 1.77381 0.0102279
1.58648539343 1.80745 0.0109615
1.59276001426 1.83944 0.00941734
1.59904643639 1.87262 0.0102615
1.60534213664 1.90599 0.0106475
1.61161976836 1.92545 0.0102523
1.61789716835 1.93614 0.0101066
1.62418270854 1.94844 0.00893825
1.63046407995 1.95918 0.0100074
1.63674824683 1.96849 0.0108505
1.64303013827 1.97945 0.0108923
1.64930808063 1.99315 0.010196
1.65559224863 2.00432 0.0105404
1.66187827598 2.01569 0.0109116
1.66816823994 2.02808 0.0101701
1.6744495611 2.04156 0.0113194
1.68072138563 2.05116 0.0117708
1.68701215424 2.06481 0.0102501
1.6933074808 2.07647 0.010935
1.69958064303 2.08838 0.0122327
1.70586179344 2.1034 0.0109921
1.71215172419 2.11742 0.00976268
1.71843538617 2.12765 0.00992526
1.72471844694 2.14025 0.0114262
1.73099491844 2.15634 0.011018
1.73728636032 2.17005 0.0107752
1.74356630258 2.18176 0.0109253
1.74983600778 2.19569 0.0109713
1.75612327869 2.21178 0.0109498
1.76241061606 2.22518 0.0118947
1.76869357896 2.24044 0.010939
1.77497674839 2.25529 0.0119279
1.78126362161 2.26919 0.0113941
1.78754574761 2.28492 0.0106367
1.7938272923 2.29977 0.0132007
1.80010772174 2.31634 0.0105203
1.80639091391 2.33148 0.0116055
1.81267451427 2.3472 0.0108312
1.81895363524 2.36538 0.0122083
1.82523850291 2.38205 0.0122217
1.8315236862 2.3964 0.0104282
1.83781040898 2.41332 0.0102371
1.84409642612 2.428 0.0107906
1.8503769215 2.44744 0.0117185
1.85666074594 2.46388 0.0110049
1.86294359809 2.48116 0.0130647
1.86922204917 2.50082 0.0132541
1.87550781357 2.51854 0.0131704
1.88179499507 2.53683 0.0116659
1.88807781314 2.55572 0.0119132
1.89435244502 2.57287 0.0126124
1.90063796885 2.59292 0.0123125
1.90692833723 2.61095 0.0126865
1.91320221586 2.63136 0.0124457
1.91948223445 2.65101 0.0135797
1.92577010575 2.66828 0.0123246
1.93206491035 2.69032 0.0130032
1.93834071151 2.70781 0.0117127
1.94460828613 2.73092 0.012205
1.9508968614 2.75013 0.0131824
1.95718811973 2.76981 0.0128265
1.96347509207 2.792 0.0130558
1.9697553281 2.81443 0.0129087
1.9760413775 2.83435 0.0123854
1.98233260336 2.85532 0.0136002
1.98861171931 2.87837 0.0132404
1.99488792869 2.89888 0.0136235
2.00117304134 2.91998 0.0140365
2.00745262249 2.94335 0.0129827
2.01372721862 2.9628 0.0130036
2.02001108039 2.98843 0.012225
2.02630405283 3.00988 0.0128665
2.03258735828 3.03044 0.0133984
2.03886100377 3.05585 0.0131293
2.04514489951 3.07601 0.013445
2.05143683626 3.09935 0.0149439
2.05772382203 3.12399 0.012821
2.0640044634 3.1458 0.0132818
2.07029278421 3.16956 0.0134163
2.07658471853 3.19289 0.0133329
2.08285424307 3.21765 0.0150732
2.08912259138 3.23691 0.0142691
2.09541730178 3.26222 0.01521
2.10170304464 3.28765 0.0144944
2.10797273337 3.30956 0.0149985
2.11425579676 3.3337 0.0151868
2.12053788985 3.35272 0.0164518
2.12682075079 3.38143 0.0163522
2.13310670204 3.40043 0.0153359
2.13940011923 3.42495 0.0139368
2.14568939859 3.44923 0.015345
2.15195789682 3.46785 0.0149341
2.15824033347 3.49501 0.0149655
2.16453048092 3.51347 0.0159579
2.17081716829 3.5376 0.0137492
2.17709912993 3.56121 0.0168469
2.18337674027 3.57629 0.0155567
2.18965452646 3.60258 0.0149961
2.19593814184 3.61812 0.0159547
2.20221722867 3.64714 0.0178929
2.20849850085 3.65838 0.0162744
2.21479372465 3.68107 0.0159633
2.22107581834 3.70001 0.0182595
2.22733812199 3.7145 0.0158707
2.23362792264 3.73433 0.0174982
2.2399287897 3.74657 0.0173096
2.24620084223 3.76775 0.0167799
2.2524810722 3.7762 0.0186441
2.25875993301 3.78836 0.0190864
2.26503776668 3.79859 0.0189736
2.27130391144 3.80805 0.0159088
2.27758972822 3.81347 0.0196084
2.28389830542 3.82547 0.0181221
2.29017001225 3.83708 0.0203014
2.29645357402 3.85172 0.0176287
2.30275372852 3.86237 0.0196165
2.30903325986 3.87983 0.0192021
2.31530674049 3.89369 0.0198942
2.32158490306 3.90793 0.0230033
2.3278758488 3.92475 0.0220216
2.33415543799 3.93957 0.0209458
2.34041936871 3.95815 0.0211488
2.34670710068 3.97362 0.0219048
2.3530032916 3.99118 0.0252646
2.35928989445 4.00999 0.0247772
2.36555387699 4.02737 0.0251204
2.37182578571 4.04373 0.0219916
2.3781409032 4.0628 0.022782
2.38442809259 4.08311 0.0245547
2.39069258243 4.10129 0.0280672
2.39698813839 4.12369 0.0252467
2.40330354843 4.13779 0.0266318
2.40957307365 4.16235 0.0232958
2.41583080138 4.17695 0.029146
2.42214385676 4.19966 0.0280823
2.42843005755 4.22149 0.0267594
2.43467776878 4.24556 0.0260217
2.44097021258 4.26073 0.027724
2.44729898127 4.28072 0.0297246
2.45356911846 4.30605 0.0298704
2.45980003814 4.32607 0.0302743
2.4661092349 4.34556 0.0335551
2.47241430729 4.36626 0.0312197
2.47866355169 4.38713 0.0335624
2.48493431628 4.41 0.0298999
2.49124283111 4.42943 0.0334781
2.49755537626 4.45099 0.0358081
2.50380379021 4.47436 0.0326673
2.51005045336 4.49753 0.0365506
2.51638815336 4.51792 0.0314983
2.52269694929 4.54058 0.0340136
2.52891211798 4.56747 0.0393133
2.53519495098 4.58316 0.036455
2.54155301509 4.60464 0.0354226
2.54783359884 4.62975 0.0368535
2.55402772623 4.65683 0.0390528
2.56033571996 4.6722 0.0389167
2.56672381747 4.69751 0.0444512
2.57294751341 4.72227 0.0410231
2.57911252531 4.73865 0.040822
2.58547549612 4.75474 0.0446334
2.59185019505 4.78262 0.0437836
2.59805932148 4.8073 0.0504613
2.60429715989 4.82512 0.0470199
2.61067449751 4.84611 0.0474839
2.61693283418 4.87612 0.0566432
2.62300854502 4.89882 0.0581305
2.62939753095 4.9055 0.0502536
2.63591057571 4.93414 0.0523478
2.64202978624 4.95823 0.0531939
2.64803951219 4.97585 0.0566079
2.65454096229 5.0047 0.0657835
2.66118028258 5.02082 0.0652459
2.66719514746 5.0289 0.0714536
2.67309090101 5.05698 0.0692998
2.67973176445 5.0686 0.0764694
2.68646693102 5.11117 0.0878939
2.69219835647 5.12634 0.0880342
2.69796467721 5.13255 0.0856456
2.70489193937 5.16761 0.0887991
2.71182026315 5.19245 0.108242
2.71709790339 5.18238 0.124478
2.7227864466 5.21735 0.106746
2.72994784687 5.24588 0.123886
2.73706528781 5.25399 0.177272
2.74248820391 5.25803 0.22746
2.74787331837 5.23922 0.173697
2.75504313834 5.2883 0.254608
2.76219934437 5.3083 0.325756
2.76789278819 5.29789 0.475737
2.77283198247 5.30876 0.496364
2.77965581172 5.5428 1.34113
2.78599582346 nan nan
