0.0088996412247 1.38698 0.0715977
0.0150791221651 1.39175 0.0369444
0.0214479018646 1.39605 0.0231113
0.0278366077649 1.39829 0.0248333
0.034350997858 1.40025 0.0181407
0.0404788676143 1.3991 0.0190435
0.0467671668358 1.40047 0.015348
0.0530822510177 1.39928 0.0140069
0.0594536244094 1.39844 0.0137628
0.0657622481459 1.39729 0.0136498
0.071966329067 1.39896 0.0127789
0.0782786091569 1.39885 0.011192
0.0847039894583 1.39371 0.01194
0.0909685462053 1.39297 0.0115098
0.0972078977683 1.38987 0.012304
0.103476303896 1.38469 0.0120958
0.109757644425 1.38411 0.0111356
0.116054308478 1.38096 0.0107182
0.122366966654 1.37988 0.0119262
0.128681726309 1.37606 0.0114173
0.134950080166 1.37269 0.0114174
0.141194955884 1.36679 0.0100738
0.147513357575 1.36276 0.0100109
0.153786507425 1.35679 0.010972
0.160065754405 1.35168 0.0107036
0.166399116869 1.34527 0.0103846
0.172719564578 1.34058 0.0107529
0.178976521338 1.336 0.00950732
0.185235369065 1.33347 0.0105692
0.191480678734 1.32806 0.0112382
0.197788986865 1.3234 0.0098276
0.204093773545 1.31537 0.00928765
0.210393930261 1.31073 0.00902661
0.216690970982 1.30274 0.0101512
0.222970028122 1.29663 0.0112712
0.229262002709 1.29011 0.00976136
0.235514150837 1.28333 0.0104644
0.241791058382 1.27789 0.00986407
0.248085653944 1.27216 0.0102966
0.254349225687 1.26614 0.0110008
0.260633425188 1.25974 0.00927249
0.26692573709 1.25279 0.0101568
0.273242334314 1.24615 0.0090289
0.279552968008 1.23904 0.0101837
0.285836629231 1.23152 0.0105702
0.292087627139 1.22586 0.00941448
0.298344984444 1.21839 0.0100664
0.304638263941 1.20908 0.00906549
0.3109279127 1.20301 0.00974869
0.317216817162 1.1969 0.0103682
0.323518756794 1.18953 0.0115202
0.329816821755 1.18394 0.0101912
0.336117642946 1.17724 0.00954532
0.342370037571 1.1704 0.0099389
0.348647819267 1.16105 0.0101884
0.354941161441 1.15423 0.00928193
0.361191693542 1.14597 0.00885998
0.367476708956 1.14047 0.00959249
0.373764779528 1.13399 0.00957471
0.380065403148 1.12416 0.00947861
0.386353986126 1.11829 0.0102436
0.392614018136 1.10939 0.00946858
0.398926450032 1.1046 0.00940431
0.405207324458 1.09628 0.0086147
0.411491647757 1.08953 0.00993814
0.417781427212 1.08248 0.0103089
0.424040064873 1.07398 0.00986555
0.430342569027 1.06763 0.0103302
0.436635856026 1.06041 0.010747
0.442899618322 1.054 0.00959616
0.449163441853 1.04662 0.0119344
0.455441414625 1.03795 0.0115231
0.46176344703 1.03224 0.00897183
0.468064424202 1.0235 0.00960512
0.474348524276 1.01744 0.00963092
0.480635613682 1.01013 0.00990561
0.486901925839 1.00353 0.0096038
0.49316970996 0.993552 0.0108023
0.499450674714 0.989919 0.0111035
0.505715905134 0.980276 0.010318
0.511992399627 0.97454 0.0104783
0.518312609777 0.966301 0.0084363
0.524608963803 0.957874 0.0100697
0.530875730848 0.953384 0.00997785
0.537157352795 0.946069 0.0099911
0.543457956378 0.938461 0.0100085
0.549743065239 0.930984 0.00956392
0.55599374275 0.923333 0.0102569
0.562285467661 0.917427 0.00945814
0.568601153723 0.910885 0.00988721
0.574880458942 0.902337 0.0111058
0.581155021034 0.896013 0.00929304
0.587439449666 0.888694 0.0100574
0.59371762203 0.880139 0.00983128
0.599997195479 0.875993 0.0110305
0.606267911512 0.867058 0.0104403
0.612546957644 0.860613 0.0103849
0.618847773304 0.85494 0.0097146
0.625131056744 0.847008 0.010062
0.631402745038 0.840818 0.0104666
0.637700356273 0.834696 0.0114878
0.643985778331 0.827828 0.0101631
0.650268541717 0.820457 0.00949878
0.65655861177 0.81393 0.0124472
0.662836928236 0.807077 0.0110293
0.669118544496 0.799772 0.010456
0.675407019858 0.796553 0.0104782
0.681683551459 0.787632 0.0113111
0.687959253386 0.780585 0.0108831
0.694234431704 0.773234 0.0087489
0.700517540243 0.768671 0.0119813
0.706812495661 0.76122 0.0103245
0.713101900967 0.754332 0.0100569
0.719391825117 0.749572 0.0118428
0.72568338076 0.742607 0.0119762
0.731965268271 0.736421 0.0124309
0.738250799048 0.729998 0.0102719
0.744526584212 0.722993 0.0109308
0.750787110194 0.718507 0.0113818
0.757075846532 0.710864 0.0125342
0.76336412336 0.708114 0.0116604
0.769646295986 0.70082 0.0130018
0.775939486518 0.6959 0.0114746
0.782232914199 0.690575 0.0117537
0.788531493652 0.683833 0.0110582
0.794789656698 0.67734 0.0136535
0.801049109659 0.67152 0.0121524
0.807336406173 0.668111 0.0110536
0.813622948837 0.662849 0.0126614
0.819915299896 0.655803 0.0154005
0.826195263639 0.651263 0.012201
0.832489707008 0.646033 0.0116358
0.838795930921 0.64027 0.0124337
0.84506346397 0.6363 0.0131882
0.851328286756 0.632169 0.0120677
0.85761982639 0.625969 0.0116566
0.863905847706 0.621553 0.011933
0.870183874549 0.617175 0.0114714
0.876464109608 0.611355 0.0133309
0.88275038734 0.609514 0.0137077
0.889033276839 0.602677 0.0126311
0.895308424711 0.599184 0.0120654
0.901595652167 0.594721 0.0161079
0.907883332809 0.591224 0.0146715
0.914174410632 0.584715 0.0155253
0.920463081772 0.583088 0.0139891
0.926743441526 0.580572 0.0146156
0.933032419735 0.576952 0.0131034
0.939326578557 0.573088 0.0143732
0.94559748104 0.57216 0.0144745
0.951866001855 0.569017 0.0123501
0.958141325553 0.563078 0.0121739
0.964435094511 0.56166 0.0133386
0.970735563357 0.559531 0.0142372
0.977008076845 0.56132 0.0167947
0.983282332536 0.555989 0.0143311
0.989556969197 0.55595 0.0144285
0.995845630192 0.554207 0.0125711
1.00213621074 0.554233 0.0149653
1.00840482534 0.553497 0.0142899
1.01469414984 0.550801 0.0149113
1.02099255544 0.551291 0.0140173
1.02727398044 0.554073 0.0143333
1.0335591819 0.550218 0.014821
1.03984755739 0.554545 0.0143629
1.04612697494 0.554546 0.0143524
1.05240343681 0.553754 0.0134831
1.05868070465 0.553052 0.013155
1.06496433307 0.556167 0.0144898
1.07125677744 0.556429 0.015237
1.0775440488 0.558472 0.0149352
1.08382482019 0.5605 0.0151415
1.09010802394 0.565088 0.0136799
1.09638966596 0.56773 0.0152283
1.10268113206 0.569437 0.015018
1.10896304759 0.57241 0.0120551
1.11522542846 0.576616 0.0138009
1.12150212761 0.581886 0.0146226
1.12779257382 0.584272 0.0135343
1.13408955267 0.592125 0.0144164
1.14036404965 0.595866 0.0124344
1.14663918032 0.600381 0.0135048
1.15294241299 0.604917 0.0113651
1.15922890675 0.611333 0.0125175
1.16550872189 0.616079 0.0122981
1.17179307626 0.622689 0.011255
1.17808743637 0.631356 0.0117488
1.18436765425 0.635933 0.0128749
1.1906346423 0.643461 0.0131424
1.19691220883 0.651269 0.0126345
1.20320157735 0.660869 0.0127554
1.20948684444 0.668715 0.0134189
1.21576390207 0.678364 0.0127333
1.22204975517 0.685701 0.0111147
1.22834061662 0.695174 0.0126308
1.23463298658 0.705297 0.0124275
1.24090224718 0.71401 0.0103702
1.24717483914 0.723828 0.0109766
1.25346545993 0.735305 0.0115104
1.25974995189 0.744736 0.0106096
1.26603214313 0.756322 0.0117694
1.27231628847 0.766005 0.00980158
1.27860415506 0.777678 0.0104013
1.28488658893 0.791042 0.0115359
1.29117542007 0.801613 0.00950132
1.29746572637 0.814163 0.00948961
1.30374182701 0.825945 0.0105175
1.31001732292 0.840694 0.00971557
1.31630144766 0.851159 0.00986445
1.32258676036 0.863885 0.00888265
1.32886549245 0.880018 0.00826197
1.33514480495 0.893994 0.00924105
1.34144051627 0.906663 0.00983046
1.34773086842 0.922435 0.00880209
1.35400158999 0.935616 0.00941785
1.3602826093 0.951196 0.00835942
1.36656568646 0.965146 0.00904799
1.37285149848 0.980357 0.00891583
1.37913537293 0.997708 0.00837239
1.38540956715 1.01159 0.00786171
1.39169864122 1.0265 0.0083282
1.39798445144 1.04505 0.00801431
1.40426788341 1.06 0.00825218
1.41055477948 1.07662 0.00802456
1.41683783355 1.09305 0.0077928
1.42311817719 1.10986 0.00781234
1.42939780116 1.12739 0.00847978
1.43568692182 1.14622 0.00815405
1.44197712177 1.16333 0.00681323
1.44825366785 1.1811 0.00696162
1.45453234897 1.1998 0.00755741
1.46081931915 1.21707 0.00779662
1.4671103644 1.23516 0.00744658
1.47339290895 1.25344 0.00799933
1.47966996524 1.27391 0.00736133
1.4859561446 1.29208 0.00747003
1.49223361076 1.31225 0.00657623
1.49850247038 1.33235 0.00679817
1.50478575205 1.34979 0.0071958
1.51107599189 1.36978 0.00666531
1.51736163499 1.39026 0.00661709
1.52364857097 1.40961 0.00700388
1.52993803572 1.42916 0.00720757
1.53623017691 1.44983 0.00692434
1.54251071878 1.47105 0.00620696
1.54878396308 1.49041 0.00615407
1.55507306978 1.51223 0.00656634
1.56135732493 1.53238 0.00670121
1.56762912105 1.55326 0.00611114
1.5739136974 1.57385 0.0064073
1.58020354523 1.59442 0.00669674
1.58648539343 1.61664 0.00680154
1.59276001426 1.63666 0.00634764
1.59904643639 1.65867 0.00664766
1.60534213664 1.68125 0.0059668
1.61161976836 1.69556 0.0060798
1.61789716835 1.70439 0.00574582
1.62418270854 1.71463 0.00614243
1.63046407995 1.72518 0.00619983
1.63674824683 1.73381 0.00652217
1.64303013827 1.74416 0.00682282
1.64930808063 1.75527 0.00657926
1.65559224863 1.76464 0.0071527
1.66187827598 1.77557 0.00689852
1.66816823994 1.78609 0.00627551
1.6744495611 1.79714 0.00633248
1.68072138563 1.8077 0.00678104
1.68701215424 1.81935 0.00701777
1.6933074808 1.82888 0.00671533
1.69958064303 1.84015 0.00651314
1.70586179344 1.85173 0.00651321
1.71215172419 1.8645 0.00707674
1.71843538617 1.87512 0.00681764
1.72471844694 1.88633 0.00703992
1.73099491844 1.89825 0.00684971
1.73728636032 1.91117 0.00657537
1.74356630258 1.92204 0.00706053
1.74983600778 1.93442 0.00714729
1.75612327869 1.9481 0.00715288
1.76241061606 1.96001 0.00778048
1.76869357896 1.97266 0.00630154
1.77497674839 1.98496 0.00689417
1.78126362161 1.99746 0.00729816
1.78754574761 2.01018 0.00660147
1.7938272923 2.02452 0.00792534
1.80010772174 2.03765 0.00670738
1.80639091391 2.05214 0.00841936
1.81267451427 2.06464 0.00673523
1.81895363524 2.07887 0.00740085
1.82523850291 2.09369 0.00845051
1.8315236862 2.10629 0.00722724
1.83781040898 2.12198 0.00707093
1.84409642612 2.135 0.00749515
1.8503769215 2.15003 0.00836006
1.85666074594 2.16485 0.00745538
1.86294359809 2.17895 0.00779969
1.86922204917 2.19451 0.00795
1.87550781357 2.20893 0.00767223
1.88179499507 2.22471 0.00800832
1.88807781314 2.24046 0.0075086
1.89435244502 2.25454 0.00793924
1.90063796885 2.27122 0.008275
1.90692833723 2.28627 0.00790194
1.91320221586 2.30316 0.00787934
1.91948223445 2.31925 0.008571
1.92577010575 2.33519 0.00799037
1.93206491035 2.35253 0.00837789
1.93834071151 2.36711 0.00800498
1.94460828613 2.38398 0.00783221
1.9508968614 2.40081 0.0082092
1.95718811973 2.41755 0.00729942
1.96347509207 2.43459 0.00779921
1.9697553281 2.4515 0.00848046
1.9760413775 2.46892 0.00854304
1.98233260336 2.48546 0.00937978
1.98861171931 2.50323 0.00856134
1.99488792869 2.51991 0.00816786
2.00117304134 2.5376 0.00879529
2.00745262249 2.55565 0.00868288
2.01372721862 2.57242 0.00842967
2.02001108039 2.59194 0.00892481
2.02630405283 2.6092 0.0089659
2.03258735828 2.62697 0.00895944
2.03886100377 2.64403 0.00868079
2.04514489951 2.66157 0.00931613
2.05143683626 2.68055 0.00996621
2.05772382203 2.70008 0.00855146
2.0640044634 2.71678 0.00927518
2.07029278421 2.73513 0.00941564
2.07658471853 2.7524 0.00924296
2.08285424307 2.77242 0.00988308
2.08912259138 2.78789 0.00985939
2.09541730178 2.80824 0.0103676
2.10170304464 2.82645 0.0104102
2.10797273337 2.84438 0.0096836
2.11425579676 2.86324 0.0104444
2.12053788985 2.87943 0.0111497
2.12682075079 2.90009 0.0101711
2.13310670204 2.91534 0.011094
2.13940011923 2.93438 0.0102867
2.14568939859 2.95423 0.0103526
2.15195789682 2.96877 0.0102644
2.15824033347 2.98818 0.0113016
2.16453048092 3.00347 0.0108067
2.17081716829 3.023 0.0100104
2.17709912993 3.03859 0.0113243
2.18337674027 3.05422 0.0112258
2.18965452646 3.07228 0.0102149
2.19593814184 3.08627 0.0112689
2.20221722867 3.10736 0.0114429
2.20849850085 3.11908 0.011502
2.21479372465 3.13743 0.0127426
2.22107581834 3.15207 0.0117882
2.22733812199 3.16581 0.0119577
2.23362792264 3.18237 0.0111236
2.2399287897 3.19469 0.0128511
2.24620084223 3.20974 0.0123942
2.2524810722 3.22085 0.0125746
2.25875993301 3.23351 0.0124448
2.26503776668 3.24509 0.0127667
2.27130391144 3.25599 0.0110242
2.27758972822 3.26551 0.0117772
2.28389830542 3.27747 0.0141642
2.29017001225 3.29234 0.014573
2.29645357402 3.3053 0.0139636
2.30275372852 3.31785 0.0133774
2.30903325986 3.33379 0.0132054
2.31530674049 3.34708 0.0131191
2.32158490306 3.36162 0.0134898
2.3278758488 3.37583 0.0136358
2.33415543799 3.39216 0.0169352
2.34041936871 3.407 0.0136467
2.34670710068 3.42276 0.0139881
2.3530032916 3.43857 0.0161669
2.35928989445 3.45523 0.0140418
2.36555387699 3.4719 0.016984
2.37182578571 3.48603 0.0167086
2.3781409032 3.503 0.0154267
2.38442809259 3.51994 0.016603
2.39069258243 3.53734 0.0177135
2.39698813839 3.55558 0.0169617
2.40330354843 3.57004 0.0182895
2.40957307365 3.58832 0.0147885
2.41583080138 3.60633 0.0192883
2.42214385676 3.62248 0.0177173
2.42843005755 3.64021 0.0183155
2.43467776878 3.65738 0.0189628
2.44097021258 3.67377 0.0188712
2.44729898127 3.69469 0.0193721
2.45356911846 3.71095 0.0199918
2.45980003814 3.72824 0.0214193
2.4661092349 3.74661 0.022529
2.47241430729 3.7629 0.0201154
2.47866355169 3.78271 0.0193271
2.48493431628 3.80008 0.0198895
2.49124283111 3.81933 0.0217173
2.49755537626 3.83609 0.0225251
2.50380379021 3.85157 0.0233176
2.51005045336 3.87178 0.0268656
2.51638815336 3.88824 0.0205315
2.52269694929 3.90685 0.0275604
2.52891211798 3.92717 0.0256283
2.53519495098 3.94155 0.0245129
2.54155301509 3.96089 0.0242969
2.54783359884 3.97704 0.0287069
2.55402772623 3.99953 0.0300145
2.56033571996 4.01345 0.0295926
2.56672381747 4.03463 0.0279994
2.57294751341 4.05083 0.0275903
2.57911252531 4.06792 0.0306786
2.58547549612 4.08003 0.0325115
2.59185019505 4.10118 0.0291709
2.59805932148 4.1154 0.0334306
2.60429715989 4.13436 0.0335461
2.61067449751 4.15559 0.0301568
2.61693283418 4.17335 0.0368921
2.62300854502 4.18646 0.0366085
2.62939753095 4.19663 0.0407217
2.63591057571 4.21619 0.0392756
2.64202978624 4.22971 0.04359
2.64803951219 4.24347 0.0417363
2.65454096229 4.26765 0.0429323
2.66118028258 4.27561 0.0427576
2.66719514746 4.29463 0.0511704
2.67309090101 4.30546 0.049792
2.67973176445 4.31932 0.051219
2.68646693102 4.34438 0.0564396
2.69219835647 4.34377 0.0556599
2.69796467721 4.34897 0.0568495
2.70489193937 4.3742 0.0673684
2.71182026315 4.38723 0.0768494
2.71709790339 4.39264 0.0944635
2.7227864466 4.41941 0.0805589
2.72994784687 4.42537 0.0859577
2.73706528781 4.43891 0.11038
2.74248820391 4.45583 0.171703
2.74787331837 4.44889 0.127549
2.75504313834 4.50115 0.172547
2.76219934437 4.46996 0.184267
2.76789278819 4.44481 0.4101
2.77283198247 4.4846 0.332786
2.77965581172 4.47716 0.939754
2.78599582346 nan nan
