0.0088996412247 5.17861 0.203975
0.0150791221651 4.92051 0.118263
0.0214479018646 4.64441 0.0812123
0.0278366077649 4.43459 0.0735798
0.034350997858 4.2225 0.0696356
0.0404788676143 4.04602 0.0584358
0.0467671668358 3.89217 0.0575383
0.0530822510177 3.74644 0.0527915
0.0594536244094 3.61658 0.0442313
0.0657622481459 3.50534 0.0407357
0.071966329067 3.40535 0.0397479
0.0782786091569 3.31894 0.0374245
0.0847039894583 3.23512 0.0324798
0.0909685462053 3.17279 0.0378856
0.0972078977683 3.11851 0.0364401
0.103476303896 3.05251 0.0297695
0.109757644425 2.99554 0.032908
0.116054308478 2.94123 0.0267497
0.122366966654 2.88239 0.0303996
0.128681726309 2.83282 0.0260424
0.134950080166 2.78894 0.0281079
0.141194955884 2.75998 0.025337
0.147513357575 2.73363 0.0256052
0.153786507425 2.70915 0.0267473
0.160065754405 2.67735 0.0260725
0.166399116869 2.64861 0.0260338
0.172719564578 2.61877 0.0198309
0.178976521338 2.58736 0.021984
0.185235369065 2.55899 0.0200343
0.191480678734 2.53751 0.0211294
0.197788986865 2.51471 0.020528
0.204093773545 2.49549 0.0215818
0.210393930261 2.48107 0.0205251
0.216690970982 2.46575 0.0196505
0.222970028122 2.44966 0.0198418
0.229262002709 2.43197 0.0217639
0.235514150837 2.41528 0.0205173
0.241791058382 2.40148 0.0208448
0.248085653944 2.38537 0.0200485
0.254349225687 2.36834 0.0210971
0.260633425188 2.35492 0.0183169
0.26692573709 2.34398 0.018231
0.273242334314 2.33199 0.018303
0.279552968008 2.32267 0.0185774
0.285836629231 2.31092 0.0195807
0.292087627139 2.3044 0.0192147
0.298344984444 2.29519 0.0198032
0.304638263941 2.27927 0.0184475
0.3109279127 2.27499 0.0188455
0.317216817162 2.26424 0.0176492
0.323518756794 2.25354 0.0195283
0.329816821755 2.25025 0.0159368
0.336117642946 2.24204 0.017635
0.342370037571 2.23458 0.0180593
0.348647819267 2.2262 0.0170666
0.354941161441 2.21668 0.0176113
0.361191693542 2.21348 0.0180081
0.367476708956 2.2067 0.0156373
0.373764779528 2.20067 0.0167125
0.380065403148 2.19249 0.0182319
0.386353986126 2.1904 0.0161052
0.392614018136 2.18232 0.0167127
0.398926450032 2.18055 0.0157725
0.405207324458 2.1735 0.0176568
0.411491647757 2.17157 0.0164223
0.417781427212 2.16437 0.0167638
0.424040064873 2.16236 0.0169322
0.430342569027 2.15648 0.017298
0.436635856026 2.15294 0.0170248
0.442899618322 2.14627 0.0151108
0.449163441853 2.14387 0.016912
0.455441414625 2.14087 0.0178609
0.46176344703 2.13845 0.016006
0.468064424202 2.13271 0.0164294
0.474348524276 2.13266 0.0156411
0.480635613682 2.12778 0.0168536
0.486901925839 2.12656 0.0157595
0.49316970996 2.12246 0.0183503
0.499450674714 2.11937 0.0181312
0.505715905134 2.11606 0.01692
0.511992399627 2.11781 0.0176141
0.518312609777 2.11301 0.0170211
0.524608963803 2.10997 0.0155609
0.530875730848 2.11041 0.0167143
0.537157352795 2.10576 0.0173395
0.543457956378 2.10556 0.0145362
0.549743065239 2.10221 0.0151429
0.55599374275 2.10225 0.0152387
0.562285467661 2.10063 0.0145479
0.568601153723 2.09643 0.0137063
0.574880458942 2.09533 0.0172252
0.581155021034 2.09432 0.0147155
0.587439449666 2.09288 0.0161445
0.59371762203 2.09072 0.0153332
0.599997195479 2.09136 0.0170511
0.606267911512 2.08967 0.015907
0.612546957644 2.08829 0.0155494
0.618847773304 2.08906 0.0161229
0.625131056744 2.08778 0.0157694
0.631402745038 2.08603 0.0163124
0.637700356273 2.08616 0.0167253
0.643985778331 2.08462 0.0155672
0.650268541717 2.08598 0.0167046
0.65655861177 2.08532 0.0158871
0.662836928236 2.08495 0.0169987
0.669118544496 2.08433 0.0159231
0.675407019858 2.08579 0.0159369
0.681683551459 2.08374 0.0171728
0.687959253386 2.08241 0.0164416
0.694234431704 2.08425 0.0149792
0.700517540243 2.08512 0.0161033
0.706812495661 2.08611 0.0151918
0.713101900967 2.08504 0.014909
0.719391825117 2.08656 0.0171062
0.72568338076 2.08562 0.0161286
0.731965268271 2.08674 0.0178532
0.738250799048 2.08747 0.0160664
0.744526584212 2.08793 0.0155763
0.750787110194 2.08787 0.0152399
0.757075846532 2.0876 0.0169883
0.76336412336 2.09133 0.0147262
0.769646295986 2.09227 0.0159523
0.775939486518 2.0932 0.0155251
0.782232914199 2.09573 0.0158965
0.788531493652 2.09499 0.0155475
0.794789656698 2.09613 0.0169249
0.801049109659 2.09843 0.0149207
0.807336406173 2.09968 0.0153269
0.813622948837 2.10121 0.0150632
0.819915299896 2.10333 0.0152577
0.826195263639 2.10473 0.0173517
0.832489707008 2.10742 0.0151138
0.838795930921 2.10885 0.0158929
0.84506346397 2.11017 0.0166468
0.851328286756 2.1116 0.014273
0.85761982639 2.1143 0.0150089
0.863905847706 2.11639 0.0164007
0.870183874549 2.11809 0.0158505
0.876464109608 2.12143 0.015903
0.88275038734 2.12297 0.0159609
0.889033276839 2.12554 0.0158521
0.895308424711 2.1272 0.0150238
0.901595652167 2.13156 0.0158687
0.907883332809 2.13355 0.0148581
0.914174410632 2.13618 0.0149273
0.920463081772 2.13951 0.0149001
0.926743441526 2.14274 0.0144533
0.933032419735 2.14359 0.014293
0.939326578557 2.14717 0.0145569
0.94559748104 2.15063 0.0139469
0.951866001855 2.15388 0.0151254
0.958141325553 2.15545 0.0155719
0.964435094511 2.16215 0.0152194
0.970735563357 2.16421 0.0147263
0.977008076845 2.16638 0.0141527
0.983282332536 2.1706 0.0160602
0.989556969197 2.17331 0.0140839
0.995845630192 2.1782 0.0163693
1.00213621074 2.18176 0.0137739
1.00840482534 2.18614 0.0155188
1.01469414984 2.1888 0.0147834
1.02099255544 2.19386 0.014437
1.02727398044 2.19825 0.0143728
1.0335591819 2.2015 0.0149265
1.03984755739 2.20507 0.0154325
1.04612697494 2.20971 0.0153381
1.05240343681 2.21425 0.0165273
1.05868070465 2.21737 0.0143062
1.06496433307 2.22162 0.0152406
1.07125677744 2.22579 0.0140652
1.0775440488 2.23168 0.01509
1.08382482019 2.23471 0.0145022
1.09010802394 2.23933 0.0143309
1.09638966596 2.24451 0.014076
1.10268113206 2.24883 0.0151845
1.10896304759 2.25329 0.0159437
1.11522542846 2.25837 0.0141859
1.12150212761 2.26285 0.0167004
1.12779257382 2.26784 0.014972
1.13408955267 2.2735 0.0147225
1.14036404965 2.27711 0.0137229
1.14663918032 2.28312 0.0138729
1.15294241299 2.28792 0.0151471
1.15922890675 2.29205 0.0161992
1.16550872189 2.29905 0.0140714
1.17179307626 2.3037 0.015467
1.17808743637 2.30907 0.0134179
1.18436765425 2.31367 0.0145102
1.1906346423 2.32084 0.0142518
1.19691220883 2.32541 0.014748
1.20320157735 2.33 0.0143593
1.20948684444 2.33653 0.0156432
1.21576390207 2.34143 0.0150908
1.22204975517 2.34771 0.0156135
1.22834061662 2.35191 0.0144507
1.23463298658 2.35841 0.0136769
1.24090224718 2.36393 0.0157316
1.24717483914 2.36923 0.0132906
1.25346545993 2.3756 0.0140674
1.25974995189 2.3811 0.0154941
1.26603214313 2.38628 0.0144148
1.27231628847 2.39377 0.0132278
1.27860415506 2.39877 0.0141952
1.28488658893 2.40428 0.013888
1.29117542007 2.41115 0.0137944
1.29746572637 2.41636 0.0134633
1.30374182701 2.42349 0.0143472
1.31001732292 2.42821 0.0130897
1.31630144766 2.43498 0.0138549
1.32258676036 2.44157 0.0144744
1.32886549245 2.44836 0.0134754
1.33514480495 2.45469 0.0134806
1.34144051627 2.45893 0.0136814
1.34773086842 2.46708 0.0142385
1.35400158999 2.47301 0.0134266
1.3602826093 2.47917 0.0144722
1.36656568646 2.48515 0.0140025
1.37285149848 2.49205 0.0140757
1.37913537293 2.49898 0.0142154
1.38540956715 2.50516 0.0134039
1.39169864122 2.51215 0.0147666
1.39798445144 2.51854 0.0138097
1.40426788341 2.52424 0.0156289
1.41055477948 2.5309 0.0139215
1.41683783355 2.53719 0.0136003
1.42311817719 2.54426 0.0142893
1.42939780116 2.54958 0.0145604
1.43568692182 2.55777 0.0146125
1.44197712177 2.56348 0.0142348
1.44825366785 2.57007 0.0138847
1.45453234897 2.57609 0.0150914
1.46081931915 2.58388 0.014179
1.4671103644 2.59067 0.0130519
1.47339290895 2.5964 0.0129555
1.47966996524 2.60198 0.0132892
1.4859561446 2.60837 0.0143519
1.49223361076 2.61451 0.0133964
1.49850247038 2.62121 0.0155581
1.50478575205 2.62795 0.0140973
1.51107599189 2.63422 0.0136124
1.51736163499 2.63952 0.0133235
1.52364857097 2.64595 0.0147666
1.52993803572 2.6522 0.0146813
1.53623017691 2.66031 0.014302
1.54251071878 2.66388 0.0133599
1.54878396308 2.67158 0.0138415
1.55507306978 2.67636 0.0131245
1.56135732493 2.68385 0.0133421
1.56762912105 2.68853 0.0158372
1.5739136974 2.69552 0.0145703
1.58020354523 2.69984 0.0139418
1.58648539343 2.70564 0.0143099
1.59276001426 2.7116 0.0146887
1.59904643639 2.71749 0.0149508
1.60534213664 2.72194 0.0159565
1.61161976836 2.72856 0.0156514
1.61789716835 2.73787 0.0144568
1.62418270854 2.746 0.0144205
1.63046407995 2.75576 0.0143145
1.63674824683 2.76366 0.0150466
1.64303013827 2.77241 0.0140135
1.64930808063 2.78072 0.0149275
1.65559224863 2.78881 0.0149766
1.66187827598 2.79752 0.015479
1.66816823994 2.80593 0.0150306
1.6744495611 2.8137 0.0150377
1.68072138563 2.82206 0.0159245
1.68701215424 2.83177 0.0153891
1.6933074808 2.83889 0.0158994
1.69958064303 2.84671 0.0153427
1.70586179344 2.85514 0.0152187
1.71215172419 2.86457 0.0153661
1.71843538617 2.87126 0.0154969
1.72471844694 2.87897 0.0151237
1.73099491844 2.88709 0.0156297
1.73728636032 2.89484 0.016477
1.74356630258 2.9027 0.0153856
1.74983600778 2.911 0.0149717
1.75612327869 2.91845 0.014666
1.76241061606 2.9268 0.0167215
1.76869357896 2.93357 0.0151627
1.77497674839 2.94346 0.0162478
1.78126362161 2.95068 0.0154379
1.78754574761 2.95851 0.0162957
1.7938272923 2.9667 0.0167669
1.80010772174 2.97513 0.0168514
1.80639091391 2.98134 0.015916
1.81267451427 2.98919 0.0158137
1.81895363524 2.99785 0.0158219
1.82523850291 3.00539 0.0156947
1.8315236862 3.01327 0.0165266
1.83781040898 3.02141 0.0163285
1.84409642612 3.02895 0.0166427
1.8503769215 3.0367 0.0163212
1.85666074594 3.04504 0.0161621
1.86294359809 3.05206 0.0176401
1.86922204917 3.05928 0.0179929
1.87550781357 3.0674 0.0163359
1.88179499507 3.07719 0.0173549
1.88807781314 3.08217 0.0165757
1.89435244502 3.09101 0.0164579
1.90063796885 3.09922 0.0165874
1.90692833723 3.10766 0.0156704
1.91320221586 3.1138 0.0153919
1.91948223445 3.12247 0.0157189
1.92577010575 3.12965 0.018228
1.93206491035 3.13761 0.0158309
1.93834071151 3.14476 0.0165333
1.94460828613 3.15317 0.018669
1.9508968614 3.16113 0.016152
1.95718811973 3.16932 0.0155222
1.96347509207 3.1764 0.0161389
1.9697553281 3.18388 0.0178609
1.9760413775 3.19118 0.018822
1.98233260336 3.19871 0.0172534
1.98861171931 3.20669 0.0169962
1.99488792869 3.21387 0.0183823
2.00117304134 3.22114 0.0179907
2.00745262249 3.22913 0.0184652
2.01372721862 3.23535 0.0186993
2.02001108039 3.24381 0.0179388
2.02630405283 3.25059 0.0179821
2.03258735828 3.25734 0.0186736
2.03886100377 3.26491 0.0190808
2.04514489951 3.27334 0.0162556
2.05143683626 3.28139 0.0185515
2.05772382203 3.2875 0.0195076
2.0640044634 3.29376 0.019245
2.07029278421 3.2989 0.0172752
2.07658471853 3.30931 0.0189752
2.08285424307 3.31471 0.0193556
2.08912259138 3.32176 0.0191213
2.09541730178 3.32854 0.0180284
2.10170304464 3.3355 0.0205999
2.10797273337 3.34229 0.0205016
2.11425579676 3.3509 0.0197567
2.12053788985 3.35549 0.0193969
2.12682075079 3.36247 0.0191554
2.13310670204 3.37095 0.0201912
2.13940011923 3.37739 0.0205066
2.14568939859 3.38405 0.0210846
2.15195789682 3.39044 0.0221971
2.15824033347 3.39491 0.0194193
2.16453048092 3.40198 0.0199278
2.17081716829 3.40911 0.0204873
2.17709912993 3.41721 0.0212809
2.18337674027 3.42547 0.0209906
2.18965452646 3.42672 0.0188603
2.19593814184 3.43521 0.0202875
2.20221722867 3.44054 0.0202867
2.20849850085 3.45002 0.0218338
2.21479372465 3.45474 0.0227388
2.22107581834 3.46419 0.0243644
2.22733812199 3.47118 0.0213894
2.23362792264 3.4745 0.0221975
2.2399287897 3.48626 0.0211013
2.24620084223 3.48878 0.0237696
2.2524810722 3.49549 0.0252297
2.25875993301 3.50662 0.0233773
2.26503776668 3.5161 0.0253156
2.27130391144 3.52726 0.0238876
2.27758972822 3.53395 0.0247479
2.28389830542 3.54494 0.0242001
2.29017001225 3.5533 0.0260914
2.29645357402 3.55796 0.0276971
2.30275372852 3.56885 0.0269839
2.30903325986 3.5805 0.0267874
2.31530674049 3.5855 0.0268543
2.32158490306 3.59413 0.0289929
2.3278758488 3.6013 0.0298182
2.33415543799 3.60863 0.0278555
2.34041936871 3.61445 0.0293082
2.34670710068 3.61832 0.027968
2.3530032916 3.63136 0.0310586
2.35928989445 3.63993 0.0340105
2.36555387699 3.64744 0.0314294
2.37182578571 3.65325 0.0322684
2.3781409032 3.65956 0.0328983
2.38442809259 3.66936 0.0341153
2.39069258243 3.67296 0.0313496
2.39698813839 3.68127 0.0327656
2.40330354843 3.69229 0.036407
2.40957307365 3.6901 0.0360044
2.41583080138 3.70719 0.0360805
2.42214385676 3.70691 0.0353276
2.42843005755 3.71277 0.0353506
2.43467776878 3.71956 0.0411985
2.44097021258 3.72702 0.0364816
2.44729898127 3.73725 0.0368371
2.45356911846 3.7389 0.0403407
2.45980003814 3.74808 0.0403829
2.4661092349 3.75197 0.0353047
2.47241430729 3.76159 0.0403782
2.47866355169 3.76573 0.0436561
2.48493431628 3.77563 0.040922
2.49124283111 3.7776 0.0404748
2.49755537626 3.78837 0.0489527
2.50380379021 3.79237 0.0461222
2.51005045336 3.79736 0.0470729
2.51638815336 3.79887 0.0496534
2.52269694929 3.80951 0.0513457
2.52891211798 3.8125 0.0506719
2.53519495098 3.82111 0.0481108
2.54155301509 3.82532 0.0513575
2.54783359884 3.83392 0.0511499
2.55402772623 3.8448 0.0534702
2.56033571996 3.84262 0.0482758
2.56672381747 3.84722 0.0602433
2.57294751341 3.85783 0.0599846
2.57911252531 3.86259 0.0618481
2.58547549612 3.86988 0.0532982
2.59185019505 3.86788 0.06613
2.59805932148 3.86168 0.0641198
2.60429715989 3.87571 0.0654876
2.61067449751 3.87203 0.0685883
2.61693283418 3.88817 0.0785891
2.62300854502 3.89583 0.0761067
2.62939753095 3.9012 0.0794012
2.63591057571 3.88733 0.0735646
2.64202978624 3.89359 0.0805235
2.64803951219 3.90708 0.0835797
2.65454096229 3.90316 0.0927466
2.66118028258 3.90461 0.0913979
2.66719514746 3.90176 0.110985
2.67309090101 3.90055 0.104691
2.67973176445 3.91935 0.0961955
2.68646693102 3.92942 0.0960566
2.69219835647 3.91414 0.123788
2.69796467721 3.93564 0.122855
2.70489193937 3.92947 0.121539
2.71182026315 3.93112 0.144726
2.71709790339 3.91329 0.193566
2.7227864466 3.95283 0.156976
2.72994784687 3.92733 0.177204
2.73706528781 3.95312 0.224224
2.74248820391 3.97467 0.345375
2.74787331837 3.9826 0.318627
2.75504313834 3.90151 0.337065
2.76219934437 3.95573 0.485724
2.76789278819 4.01124 0.895976
2.77283198247 3.73521 0.704634
2.77965581172 3.95783 1.62615
2.78599582346 18.8703 117.125
