0.0088996412247 8.09863 0.377269
0.0150791221651 7.49512 0.229632
0.0214479018646 6.79454 0.146444
0.0278366077649 6.18268 0.12872
0.034350997858 5.59458 0.124329
0.0404788676143 5.06175 0.0978597
0.0467671668358 4.59523 0.0859729
0.0530822510177 4.1494 0.0827873
0.0594536244094 3.76018 0.0683677
0.0657622481459 3.4167 0.0590576
0.071966329067 3.13683 0.0531473
0.0782786091569 2.90173 0.0500618
0.0847039894583 2.69458 0.0436396
0.0909685462053 2.54202 0.0494995
0.0972078977683 2.42627 0.0419631
0.103476303896 2.30838 0.0328152
0.109757644425 2.22583 0.0352935
0.116054308478 2.15382 0.0301772
0.122366966654 2.09348 0.0304704
0.128681726309 2.05304 0.030638
0.134950080166 2.03082 0.0287488
0.141194955884 2.02263 0.0259545
0.147513357575 2.0288 0.025837
0.153786507425 2.02938 0.0243058
0.160065754405 2.02752 0.0263478
0.166399116869 2.02887 0.0252258
0.172719564578 2.02416 0.0221971
0.178976521338 2.01846 0.0227605
0.185235369065 2.01462 0.0232447
0.191480678734 2.01799 0.0231351
0.197788986865 2.0211 0.0198245
0.204093773545 2.02523 0.0210222
0.210393930261 2.02894 0.0194319
0.216690970982 2.03445 0.0207315
0.222970028122 2.03286 0.0194386
0.229262002709 2.03242 0.0212859
0.235514150837 2.02918 0.0195463
0.241791058382 2.02932 0.0202723
0.248085653944 2.02891 0.017708
0.254349225687 2.02346 0.0211695
0.260633425188 2.02308 0.0185237
0.26692573709 2.02405 0.0194178
0.273242334314 2.02533 0.0174398
0.279552968008 2.02523 0.0181401
0.285836629231 2.02199 0.0201963
0.292087627139 2.02165 0.0177907
0.298344984444 2.02206 0.0188465
0.304638263941 2.01782 0.0184649
0.3109279127 2.02073 0.0189069
0.317216817162 2.01478 0.0174977
0.323518756794 2.01255 0.0184821
0.329816821755 2.01511 0.0172937
0.336117642946 2.01454 0.0170238
0.342370037571 2.01425 0.0176391
0.348647819267 2.01101 0.0163266
0.354941161441 2.00902 0.0184403
0.361191693542 2.00885 0.0152732
0.367476708956 2.00888 0.0164354
0.373764779528 2.00674 0.0172321
0.380065403148 2.00412 0.0176434
0.386353986126 2.0058 0.0154298
0.392614018136 2.00211 0.0149352
0.398926450032 2.00376 0.0152931
0.405207324458 2.00028 0.0157215
0.411491647757 2.00311 0.0152735
0.417781427212 2.00116 0.0160674
0.424040064873 2.00096 0.0187214
0.430342569027 1.99886 0.0180324
0.436635856026 1.99896 0.0170533
0.442899618322 1.99796 0.0158884
0.449163441853 1.99707 0.0155046
0.455441414625 1.99557 0.0176599
0.46176344703 1.99764 0.0167933
0.468064424202 1.99489 0.0172204
0.474348524276 1.99555 0.0155825
0.480635613682 1.99481 0.0165579
0.486901925839 1.9957 0.0155394
0.49316970996 1.99489 0.0165615
0.499450674714 1.99468 0.0169079
0.505715905134 1.99294 0.0157706
0.511992399627 1.99575 0.0167832
0.518312609777 1.99376 0.0170148
0.524608963803 1.99189 0.0149451
0.530875730848 1.99453 0.0164857
0.537157352795 1.99396 0.0162398
0.543457956378 1.99447 0.0153037
0.549743065239 1.99267 0.0141081
0.55599374275 1.9945 0.013412
0.562285467661 1.99648 0.0140183
0.568601153723 1.99452 0.0150291
0.574880458942 1.99534 0.0157028
0.581155021034 1.99652 0.0145906
0.587439449666 1.99504 0.0169522
0.59371762203 1.9952 0.0150376
0.599997195479 1.99877 0.0167182
0.606267911512 1.99697 0.0150379
0.612546957644 1.99763 0.0155244
0.618847773304 1.99974 0.016424
0.625131056744 1.99988 0.0160114
0.631402745038 2.00112 0.0167769
0.637700356273 2.0017 0.0169823
0.643985778331 2.00254 0.0154615
0.650268541717 2.00384 0.0158424
0.65655861177 2.00442 0.015337
0.662836928236 2.00635 0.0172253
0.669118544496 2.00754 0.0171186
0.675407019858 2.01026 0.0145331
0.681683551459 2.00856 0.0165532
0.687959253386 2.01042 0.0159372
0.694234431704 2.0138 0.0146675
0.700517540243 2.01629 0.01675
0.706812495661 2.01661 0.0149658
0.713101900967 2.01813 0.0151997
0.719391825117 2.02032 0.0166273
0.72568338076 2.02103 0.0165964
0.731965268271 2.0227 0.0170425
0.738250799048 2.02528 0.0171199
0.744526584212 2.0269 0.014701
0.750787110194 2.02865 0.0152108
0.757075846532 2.02988 0.0159565
0.76336412336 2.03305 0.0150998
0.769646295986 2.03765 0.0159422
0.775939486518 2.03806 0.0157221
0.782232914199 2.04261 0.0157193
0.788531493652 2.04322 0.0157322
0.794789656698 2.04472 0.0164766
0.801049109659 2.04818 0.015185
0.807336406173 2.05114 0.0150352
0.813622948837 2.05372 0.0163679
0.819915299896 2.05677 0.0151251
0.826195263639 2.05943 0.0163801
0.832489707008 2.06242 0.0148215
0.838795930921 2.06505 0.0155906
0.84506346397 2.06737 0.0159624
0.851328286756 2.06976 0.013873
0.85761982639 2.07416 0.0146681
0.863905847706 2.07695 0.0160162
0.870183874549 2.07984 0.014498
0.876464109608 2.08359 0.0157817
0.88275038734 2.08673 0.0161545
0.889033276839 2.08963 0.0160045
0.895308424711 2.0928 0.0147269
0.901595652167 2.09688 0.0146708
0.907883332809 2.10109 0.0160693
0.914174410632 2.10433 0.0137791
0.920463081772 2.1081 0.0148174
0.926743441526 2.1119 0.0155323
0.933032419735 2.11378 0.015685
0.939326578557 2.11779 0.0149805
0.94559748104 2.12204 0.0146494
0.951866001855 2.12626 0.0158298
0.958141325553 2.128 0.0158493
0.964435094511 2.13581 0.0160942
0.970735563357 2.13909 0.0148753
0.977008076845 2.14274 0.0143531
0.983282332536 2.14672 0.0151106
0.989556969197 2.15105 0.0147289
0.995845630192 2.15698 0.0162927
1.00213621074 2.16 0.0144561
1.00840482534 2.16517 0.0148523
1.01469414984 2.16812 0.0151301
1.02099255544 2.17416 0.0139379
1.02727398044 2.17859 0.0151246
1.0335591819 2.18332 0.0147091
1.03984755739 2.18737 0.0151838
1.04612697494 2.19187 0.0154453
1.05240343681 2.19744 0.0155042
1.05868070465 2.2015 0.0151129
1.06496433307 2.20599 0.0158063
1.07125677744 2.21032 0.0141921
1.0775440488 2.21701 0.0142312
1.08382482019 2.22119 0.014544
1.09010802394 2.22579 0.0142195
1.09638966596 2.23214 0.0138445
1.10268113206 2.23644 0.0144798
1.10896304759 2.24211 0.0145522
1.11522542846 2.24667 0.0151
1.12150212761 2.25206 0.016645
1.12779257382 2.25768 0.0150412
1.13408955267 2.26426 0.0143833
1.14036404965 2.26778 0.0135491
1.14663918032 2.27335 0.0142508
1.15294241299 2.27883 0.0152741
1.15922890675 2.28395 0.0158015
1.16550872189 2.29023 0.015173
1.17179307626 2.29608 0.0153712
1.17808743637 2.30144 0.013146
1.18436765425 2.30634 0.0153316
1.1906346423 2.31474 0.0140571
1.19691220883 2.31943 0.0146942
1.20320157735 2.32439 0.0144484
1.20948684444 2.33119 0.0156725
1.21576390207 2.33675 0.0146534
1.22204975517 2.34327 0.0162724
1.22834061662 2.34791 0.0143735
1.23463298658 2.3542 0.0127795
1.24090224718 2.36069 0.0155703
1.24717483914 2.36643 0.0129731
1.25346545993 2.37254 0.0144321
1.25974995189 2.37873 0.0152927
1.26603214313 2.3849 0.0135929
1.27231628847 2.39095 0.0138096
1.27860415506 2.39727 0.0144001
1.28488658893 2.40296 0.0142012
1.29117542007 2.41034 0.0134767
1.29746572637 2.41629 0.0139205
1.30374182701 2.42247 0.0147213
1.31001732292 2.42857 0.0131229
1.31630144766 2.43505 0.0134999
1.32258676036 2.44215 0.0139772
1.32886549245 2.44865 0.0139624
1.33514480495 2.45498 0.0131801
1.34144051627 2.46052 0.0133491
1.34773086842 2.46834 0.014183
1.35400158999 2.47427 0.0130437
1.3602826093 2.48089 0.0146749
1.36656568646 2.48768 0.0149254
1.37285149848 2.49346 0.0138574
1.37913537293 2.50113 0.0139023
1.38540956715 2.50739 0.0133314
1.39169864122 2.51449 0.0141139
1.39798445144 2.52093 0.0135126
1.40426788341 2.52737 0.0147734
1.41055477948 2.5334 0.0139625
1.41683783355 2.5405 0.0136875
1.42311817719 2.54748 0.0142566
1.42939780116 2.55294 0.0137643
1.43568692182 2.56155 0.0142055
1.44197712177 2.56638 0.0144971
1.44825366785 2.57412 0.0143905
1.45453234897 2.58018 0.0147886
1.46081931915 2.58808 0.0147732
1.4671103644 2.59466 0.0129199
1.47339290895 2.6006 0.0131787
1.47966996524 2.60725 0.0130372
1.4859561446 2.61368 0.0150908
1.49223361076 2.61971 0.0136329
1.49850247038 2.62569 0.0150373
1.50478575205 2.63241 0.0142889
1.51107599189 2.63928 0.013467
1.51736163499 2.6453 0.0130869
1.52364857097 2.65146 0.0144061
1.52993803572 2.65795 0.015132
1.53623017691 2.66569 0.0137132
1.54251071878 2.6699 0.0128306
1.54878396308 2.67678 0.0147072
1.55507306978 2.68251 0.0134749
1.56135732493 2.68995 0.0134548
1.56762912105 2.69477 0.0147191
1.5739136974 2.70111 0.0144901
1.58020354523 2.70619 0.014623
1.58648539343 2.71182 0.0140492
1.59276001426 2.71764 0.0145257
1.59904643639 2.72332 0.0143224
1.60534213664 2.7284 0.0150432
1.61161976836 2.73484 0.0156282
1.61789716835 2.74366 0.0147322
1.62418270854 2.75168 0.014489
1.63046407995 2.7621 0.0146088
1.63674824683 2.77095 0.014966
1.64303013827 2.77875 0.0144567
1.64930808063 2.78743 0.0152707
1.65559224863 2.79593 0.01379
1.66187827598 2.80453 0.0148988
1.66816823994 2.81248 0.0151168
1.6744495611 2.8207 0.0144314
1.68072138563 2.82892 0.014658
1.68701215424 2.83837 0.0151314
1.6933074808 2.84609 0.0154131
1.69958064303 2.853 0.0155092
1.70586179344 2.86229 0.0155523
1.71215172419 2.872 0.0152297
1.71843538617 2.87882 0.0150648
1.72471844694 2.88616 0.0158589
1.73099491844 2.89447 0.0147993
1.73728636032 2.90264 0.0169488
1.74356630258 2.91079 0.0152055
1.74983600778 2.91815 0.0154394
1.75612327869 2.92677 0.0145861
1.76241061606 2.9347 0.016256
1.76869357896 2.94076 0.0152547
1.77497674839 2.95051 0.0161369
1.78126362161 2.95776 0.0150154
1.78754574761 2.9657 0.0157393
1.7938272923 2.97442 0.0158657
1.80010772174 2.98305 0.0163831
1.80639091391 2.98943 0.0158271
1.81267451427 2.9964 0.0150743
1.81895363524 3.00454 0.0159154
1.82523850291 3.01232 0.0152936
1.8315236862 3.02103 0.0162381
1.83781040898 3.02934 0.016423
1.84409642612 3.03659 0.0170673
1.8503769215 3.04426 0.0162202
1.85666074594 3.05188 0.0161376
1.86294359809 3.05941 0.0180031
1.86922204917 3.06694 0.0170021
1.87550781357 3.07487 0.0148001
1.88179499507 3.08497 0.0157029
1.88807781314 3.08907 0.0178207
1.89435244502 3.0978 0.0151921
1.90063796885 3.10609 0.0159561
1.90692833723 3.11493 0.0150124
1.91320221586 3.12044 0.0168554
1.91948223445 3.12925 0.0154273
1.92577010575 3.13642 0.0175901
1.93206491035 3.14531 0.0165291
1.93834071151 3.15291 0.0166365
1.94460828613 3.16059 0.0184142
1.9508968614 3.16824 0.0156117
1.95718811973 3.17638 0.0151466
1.96347509207 3.18338 0.0154385
1.9697553281 3.19094 0.0182374
1.9760413775 3.1979 0.0174452
1.98233260336 3.20618 0.0171837
1.98861171931 3.2139 0.0165537
1.99488792869 3.22131 0.0180054
2.00117304134 3.22825 0.0175179
2.00745262249 3.23568 0.0187748
2.01372721862 3.24138 0.0183479
2.02001108039 3.25021 0.0175652
2.02630405283 3.2567 0.0179564
2.03258735828 3.26358 0.0194405
2.03886100377 3.27178 0.0190509
2.04514489951 3.27964 0.0180991
2.05143683626 3.2883 0.0181784
2.05772382203 3.29447 0.0190957
2.0640044634 3.30037 0.0195408
2.07029278421 3.30625 0.0173258
2.07658471853 3.31551 0.0187192
2.08285424307 3.32044 0.0198485
2.08912259138 3.32719 0.0196069
2.09541730178 3.33456 0.0193266
2.10170304464 3.34275 0.0202002
2.10797273337 3.34914 0.0195873
2.11425579676 3.35685 0.0202359
2.12053788985 3.36118 0.0187884
2.12682075079 3.3694 0.018521
2.13310670204 3.37724 0.0202951
2.13940011923 3.3831 0.0200271
2.14568939859 3.39075 0.0215624
2.15195789682 3.3969 0.020269
2.15824033347 3.40072 0.0202381
2.16453048092 3.40716 0.0207249
2.17081716829 3.41552 0.0207533
2.17709912993 3.42281 0.0222497
2.18337674027 3.43074 0.0210651
2.18965452646 3.43324 0.0192572
2.19593814184 3.44013 0.0212478
2.20221722867 3.44846 0.0215041
2.20849850085 3.45763 0.0218299
2.21479372465 3.46057 0.0228856
2.22107581834 3.47043 0.0220449
2.22733812199 3.47466 0.0226761
2.23362792264 3.48027 0.023167
2.2399287897 3.49153 0.0222004
2.24620084223 3.49572 0.0220366
2.2524810722 3.50169 0.0252015
2.25875993301 3.51359 0.0239705
2.26503776668 3.52243 0.0270473
2.27130391144 3.53148 0.0244649
2.27758972822 3.54084 0.0230814
2.28389830542 3.54857 0.0257292
2.29017001225 3.5571 0.0271938
2.29645357402 3.56314 0.0258422
2.30275372852 3.57464 0.0292646
2.30903325986 3.5835 0.0282071
2.31530674049 3.58986 0.0248239
2.32158490306 3.60008 0.0300813
2.3278758488 3.60383 0.0299463
2.33415543799 3.61335 0.0286613
2.34041936871 3.62039 0.0265529
2.34670710068 3.62541 0.0275624
2.3530032916 3.6374 0.0322208
2.35928989445 3.64635 0.0351732
2.36555387699 3.65383 0.0324947
2.37182578571 3.65645 0.0315045
2.3781409032 3.6609 0.0310716
2.38442809259 3.67486 0.0338604
2.39069258243 3.67762 0.0329253
2.39698813839 3.68486 0.03301
2.40330354843 3.69517 0.0367841
2.40957307365 3.69478 0.0379545
2.41583080138 3.70808 0.0351506
2.42214385676 3.71091 0.0352789
2.42843005755 3.71709 0.0350927
2.43467776878 3.72411 0.0423865
2.44097021258 3.73488 0.0357357
2.44729898127 3.73713 0.0366264
2.45356911846 3.74384 0.0428975
2.45980003814 3.75595 0.0410482
2.4661092349 3.75596 0.0358533
2.47241430729 3.76308 0.0430142
2.47866355169 3.77003 0.0432303
2.48493431628 3.77664 0.0444504
2.49124283111 3.78095 0.0424155
2.49755537626 3.79327 0.0492381
2.50380379021 3.79701 0.0421322
2.51005045336 3.80795 0.0472289
2.51638815336 3.80494 0.0510979
2.52269694929 3.81364 0.0503673
2.52891211798 3.81807 0.0504765
2.53519495098 3.82022 0.0483573
2.54155301509 3.83552 0.0523248
2.54783359884 3.83316 0.0461085
2.55402772623 3.84186 0.0524249
2.56033571996 3.84676 0.0559321
2.56672381747 3.8539 0.0567503
2.57294751341 3.85794 0.0590751
2.57911252531 3.86174 0.0550135
2.58547549612 3.8736 0.0538844
2.59185019505 3.8704 0.0604195
2.59805932148 3.87072 0.0608621
2.60429715989 3.8744 0.07075
2.61067449751 3.87814 0.0653028
2.61693283418 3.89203 0.0756768
2.62300854502 3.90397 0.0792089
2.62939753095 3.91267 0.0751013
2.63591057571 3.89393 0.0751456
2.64202978624 3.90369 0.0914488
2.64803951219 3.90663 0.0923209
2.65454096229 3.90307 0.0808597
2.66118028258 3.90952 0.0930469
2.66719514746 3.90893 0.107302
2.67309090101 3.91358 0.0999561
2.67973176445 3.92257 0.0990089
2.68646693102 3.92191 0.0978756
2.69219835647 3.91908 0.129902
2.69796467721 3.93187 0.142854
2.70489193937 3.93129 0.127049
2.71182026315 3.93606 0.148003
2.71709790339 3.91786 0.187908
2.7227864466 3.95555 0.16837
2.72994784687 3.91521 0.183858
2.73706528781 3.94591 0.217381
2.74248820391 3.99142 0.339521
2.74787331837 3.95753 0.317957
2.75504313834 3.95271 0.331164
2.76219934437 3.96224 0.420643
2.76789278819 4.03526 0.871235
2.77283198247 3.81726 0.748177
2.77965581172 3.95496 1.68347
2.78599582346 11.2131 82.2443
