0.0088996412247 6.13919 0.26408
0.0150791221651 5.79434 0.151872
0.0214479018646 5.40305 0.0992571
0.0278366077649 5.09891 0.0873329
0.034350997858 4.7964 0.0872311
0.0404788676143 4.5311 0.0710186
0.0467671668358 4.30047 0.0654844
0.0530822510177 4.08341 0.0676118
0.0594536244094 3.88157 0.0515158
0.0657622481459 3.70363 0.0473652
0.071966329067 3.54927 0.0464746
0.0782786091569 3.40846 0.0438426
0.0847039894583 3.27432 0.0373964
0.0909685462053 3.16657 0.0429191
0.0972078977683 3.07524 0.0404856
0.103476303896 2.97047 0.0310151
0.109757644425 2.87712 0.0356055
0.116054308478 2.79085 0.0292799
0.122366966654 2.70551 0.031865
0.128681726309 2.63157 0.0290051
0.134950080166 2.56572 0.0304794
0.141194955884 2.52123 0.027022
0.147513357575 2.48279 0.0260063
0.153786507425 2.44661 0.0277075
0.160065754405 2.40487 0.0247914
0.166399116869 2.37228 0.0249156
0.172719564578 2.33518 0.0218184
0.178976521338 2.29997 0.0211069
0.185235369065 2.26926 0.0209248
0.191480678734 2.2487 0.0216421
0.197788986865 2.22833 0.0202271
0.204093773545 2.21216 0.020597
0.210393930261 2.20037 0.0185416
0.216690970982 2.19284 0.0200363
0.222970028122 2.18165 0.0191479
0.229262002709 2.16812 0.0211657
0.235514150837 2.15997 0.020704
0.241791058382 2.15364 0.0184953
0.248085653944 2.14653 0.0191133
0.254349225687 2.13603 0.0202336
0.260633425188 2.13139 0.0178724
0.26692573709 2.12794 0.0183579
0.273242334314 2.12664 0.0173658
0.279552968008 2.1235 0.0185793
0.285836629231 2.12059 0.0194053
0.292087627139 2.12095 0.0191621
0.298344984444 2.1186 0.0186438
0.304638263941 2.1105 0.0190545
0.3109279127 2.11334 0.0176642
0.317216817162 2.10755 0.0171738
0.323518756794 2.10372 0.0182937
0.329816821755 2.107 0.0165778
0.336117642946 2.10534 0.016975
0.342370037571 2.10334 0.0171819
0.348647819267 2.0987 0.0167335
0.354941161441 2.09504 0.0177163
0.361191693542 2.09506 0.0165071
0.367476708956 2.094 0.0165028
0.373764779528 2.08962 0.0165365
0.380065403148 2.08759 0.0179488
0.386353986126 2.0888 0.0156272
0.392614018136 2.08284 0.0149765
0.398926450032 2.08431 0.0154193
0.405207324458 2.08146 0.0167518
0.411491647757 2.08224 0.0152226
0.417781427212 2.07587 0.0163304
0.424040064873 2.07743 0.0169751
0.430342569027 2.07347 0.0173398
0.436635856026 2.07236 0.0172528
0.442899618322 2.06855 0.0154858
0.449163441853 2.06711 0.0162491
0.455441414625 2.06545 0.0183037
0.46176344703 2.06489 0.0157531
0.468064424202 2.06076 0.0166196
0.474348524276 2.06176 0.0155768
0.480635613682 2.05849 0.0161893
0.486901925839 2.05893 0.0167263
0.49316970996 2.05625 0.017542
0.499450674714 2.05492 0.0179274
0.505715905134 2.05228 0.0159439
0.511992399627 2.05554 0.0170203
0.518312609777 2.05166 0.0174165
0.524608963803 2.04921 0.01486
0.530875730848 2.05072 0.0164964
0.537157352795 2.04742 0.0170283
0.543457956378 2.04757 0.014835
0.549743065239 2.046 0.0142332
0.55599374275 2.04615 0.0145282
0.562285467661 2.04589 0.0149359
0.568601153723 2.04334 0.0142126
0.574880458942 2.04362 0.0164011
0.581155021034 2.04287 0.0152669
0.587439449666 2.04171 0.0159156
0.59371762203 2.04042 0.016181
0.599997195479 2.04261 0.0165915
0.606267911512 2.04222 0.0157539
0.612546957644 2.04098 0.0159689
0.618847773304 2.04215 0.0159069
0.625131056744 2.04125 0.0165277
0.631402745038 2.04121 0.0161188
0.637700356273 2.0413 0.0164828
0.643985778331 2.04111 0.0154944
0.650268541717 2.04202 0.0160424
0.65655861177 2.04213 0.0154887
0.662836928236 2.0434 0.0174969
0.669118544496 2.04372 0.0164208
0.675407019858 2.04487 0.015266
0.681683551459 2.0437 0.01694
0.687959253386 2.04352 0.0162176
0.694234431704 2.04574 0.0149544
0.700517540243 2.04799 0.0163639
0.706812495661 2.04973 0.0149392
0.713101900967 2.04925 0.0138481
0.719391825117 2.0501 0.0169388
0.72568338076 2.05014 0.0153371
0.731965268271 2.05173 0.0168385
0.738250799048 2.05449 0.0161671
0.744526584212 2.05461 0.0154076
0.750787110194 2.05534 0.0146446
0.757075846532 2.05678 0.0168056
0.76336412336 2.05904 0.0148474
0.769646295986 2.06143 0.0162093
0.775939486518 2.06246 0.016439
0.782232914199 2.06584 0.0161277
0.788531493652 2.0661 0.0158482
0.794789656698 2.06728 0.0169973
0.801049109659 2.07017 0.0153948
0.807336406173 2.07268 0.0150158
0.813622948837 2.07473 0.0163436
0.819915299896 2.07733 0.0155378
0.826195263639 2.07924 0.0165977
0.832489707008 2.08194 0.014854
0.838795930921 2.08435 0.0160598
0.84506346397 2.08609 0.0161544
0.851328286756 2.08755 0.0147079
0.85761982639 2.09178 0.0148376
0.863905847706 2.09369 0.0156233
0.870183874549 2.09629 0.0154343
0.876464109608 2.09937 0.0158603
0.88275038734 2.10237 0.0160523
0.889033276839 2.10461 0.0158073
0.895308424711 2.10727 0.0153502
0.901595652167 2.11153 0.0149921
0.907883332809 2.11408 0.0156441
0.914174410632 2.1174 0.0143219
0.920463081772 2.12096 0.0154374
0.926743441526 2.1245 0.0150692
0.933032419735 2.12493 0.0146343
0.939326578557 2.1295 0.0146511
0.94559748104 2.13357 0.0150829
0.951866001855 2.13707 0.0155603
0.958141325553 2.13934 0.015204
0.964435094511 2.14642 0.0155093
0.970735563357 2.14889 0.015145
0.977008076845 2.15173 0.0147765
0.983282332536 2.15593 0.0156945
0.989556969197 2.15874 0.0147443
0.995845630192 2.16478 0.0164675
1.00213621074 2.16816 0.0142098
1.00840482534 2.17232 0.0153805
1.01469414984 2.17609 0.0151316
1.02099255544 2.1807 0.0143416
1.02727398044 2.18528 0.0150891
1.0335591819 2.18931 0.0155741
1.03984755739 2.1934 0.0147696
1.04612697494 2.19831 0.0154511
1.05240343681 2.20297 0.0164683
1.05868070465 2.20634 0.0145487
1.06496433307 2.2109 0.0160765
1.07125677744 2.21491 0.0141472
1.0775440488 2.22136 0.0146669
1.08382482019 2.22486 0.0141569
1.09010802394 2.22984 0.0143304
1.09638966596 2.23491 0.0135809
1.10268113206 2.23915 0.0145378
1.10896304759 2.24501 0.0152342
1.11522542846 2.24967 0.0148642
1.12150212761 2.25418 0.0170353
1.12779257382 2.26002 0.0152191
1.13408955267 2.26523 0.0147625
1.14036404965 2.27002 0.0137628
1.14663918032 2.27548 0.0143406
1.15294241299 2.28074 0.0154753
1.15922890675 2.28517 0.0157223
1.16550872189 2.292 0.0146365
1.17179307626 2.29726 0.0158229
1.17808743637 2.30206 0.0139787
1.18436765425 2.30698 0.0150652
1.1906346423 2.31471 0.0137576
1.19691220883 2.31927 0.0148617
1.20320157735 2.32428 0.0145236
1.20948684444 2.33061 0.0162437
1.21576390207 2.33564 0.015125
1.22204975517 2.34212 0.0161798
1.22834061662 2.34663 0.014518
1.23463298658 2.3536 0.0135886
1.24090224718 2.35893 0.0149918
1.24717483914 2.36467 0.0134039
1.25346545993 2.37131 0.0142678
1.25974995189 2.37692 0.0153306
1.26603214313 2.38261 0.0140876
1.27231628847 2.3893 0.013369
1.27860415506 2.39463 0.0144074
1.28488658893 2.40023 0.0137097
1.29117542007 2.40771 0.0142758
1.29746572637 2.41355 0.0138829
1.30374182701 2.41999 0.0146757
1.31001732292 2.4252 0.0134606
1.31630144766 2.43183 0.0140375
1.32258676036 2.43828 0.014894
1.32886549245 2.44586 0.0142537
1.33514480495 2.4512 0.0139039
1.34144051627 2.45668 0.0133203
1.34773086842 2.46515 0.0143581
1.35400158999 2.47047 0.0131436
1.3602826093 2.47663 0.0149644
1.36656568646 2.483 0.0149132
1.37285149848 2.48944 0.0140632
1.37913537293 2.49699 0.0141776
1.38540956715 2.50329 0.0136323
1.39169864122 2.50979 0.0149574
1.39798445144 2.51661 0.0133256
1.40426788341 2.52279 0.0152879
1.41055477948 2.5288 0.0146768
1.41683783355 2.53555 0.0140328
1.42311817719 2.54281 0.0144706
1.42939780116 2.54795 0.0144078
1.43568692182 2.55663 0.0146313
1.44197712177 2.56168 0.014574
1.44825366785 2.56887 0.0147712
1.45453234897 2.57451 0.0153865
1.46081931915 2.58277 0.0152872
1.4671103644 2.58869 0.0131789
1.47339290895 2.59514 0.0136743
1.47966996524 2.601 0.0134139
1.4859561446 2.60754 0.0152194
1.49223361076 2.61377 0.0138333
1.49850247038 2.6198 0.0157645
1.50478575205 2.62716 0.014702
1.51107599189 2.63319 0.0139657
1.51736163499 2.6389 0.01376
1.52364857097 2.64481 0.0153339
1.52993803572 2.65151 0.0155234
1.53623017691 2.65939 0.0143302
1.54251071878 2.66286 0.0131186
1.54878396308 2.67007 0.0146385
1.55507306978 2.67624 0.0137622
1.56135732493 2.68285 0.0137013
1.56762912105 2.68784 0.0150252
1.5739136974 2.69461 0.0145549
1.58020354523 2.6995 0.0146664
1.58648539343 2.70484 0.0141175
1.59276001426 2.71087 0.0150277
1.59904643639 2.71645 0.0138333
1.60534213664 2.72125 0.0159332
1.61161976836 2.72764 0.0161194
1.61789716835 2.7369 0.0145313
1.62418270854 2.74512 0.0150646
1.63046407995 2.755 0.0150485
1.63674824683 2.76312 0.0152529
1.64303013827 2.77085 0.013559
1.64930808063 2.7802 0.0156987
1.65559224863 2.78823 0.0145837
1.66187827598 2.79667 0.0154473
1.66816823994 2.80491 0.0151087
1.6744495611 2.8127 0.0154906
1.68072138563 2.82159 0.0149627
1.68701215424 2.83153 0.0159356
1.6933074808 2.83884 0.0158401
1.69958064303 2.84611 0.0155998
1.70586179344 2.85476 0.0153294
1.71215172419 2.8638 0.0151362
1.71843538617 2.87093 0.0153531
1.72471844694 2.8776 0.0160332
1.73099491844 2.88646 0.0155507
1.73728636032 2.8947 0.0170968
1.74356630258 2.90218 0.0158891
1.74983600778 2.91057 0.0151165
1.75612327869 2.91802 0.0149764
1.76241061606 2.92697 0.0164809
1.76869357896 2.93274 0.0153203
1.77497674839 2.94264 0.016714
1.78126362161 2.94965 0.0151789
1.78754574761 2.95753 0.0167581
1.7938272923 2.96577 0.0168104
1.80010772174 2.97428 0.0162234
1.80639091391 2.98042 0.0157079
1.81267451427 2.98842 0.0161796
1.81895363524 2.9971 0.0160441
1.82523850291 3.00461 0.0152863
1.8315236862 3.013 0.0164498
1.83781040898 3.02069 0.0174016
1.84409642612 3.02769 0.0176089
1.8503769215 3.03559 0.0163547
1.85666074594 3.04365 0.0169049
1.86294359809 3.05098 0.018577
1.86922204917 3.05836 0.0185021
1.87550781357 3.06644 0.0157837
1.88179499507 3.07625 0.0171707
1.88807781314 3.08096 0.0178432
1.89435244502 3.08968 0.017101
1.90063796885 3.09787 0.0174983
1.90692833723 3.10659 0.0156771
1.91320221586 3.11186 0.0167766
1.91948223445 3.12063 0.0165624
1.92577010575 3.12799 0.0186229
1.93206491035 3.13628 0.0163688
1.93834071151 3.1442 0.0167653
1.94460828613 3.15187 0.0188942
1.9508968614 3.15949 0.0158405
1.95718811973 3.16776 0.0160122
1.96347509207 3.17465 0.015952
1.9697553281 3.18222 0.0180815
1.9760413775 3.18963 0.0188366
1.98233260336 3.19748 0.0179661
1.98861171931 3.20469 0.017264
1.99488792869 3.21197 0.0183139
2.00117304134 3.21908 0.0176884
2.00745262249 3.22664 0.0186309
2.01372721862 3.23334 0.0198707
2.02001108039 3.24146 0.0184606
2.02630405283 3.24782 0.0184464
2.03258735828 3.25466 0.0193701
2.03886100377 3.26237 0.0192164
2.04514489951 3.27116 0.0177164
2.05143683626 3.27848 0.0189367
2.05772382203 3.28564 0.0204556
2.0640044634 3.29125 0.0200973
2.07029278421 3.29715 0.0183866
2.07658471853 3.30669 0.0194859
2.08285424307 3.31139 0.0194737
2.08912259138 3.31789 0.0202491
2.09541730178 3.32572 0.0191628
2.10170304464 3.33246 0.0212972
2.10797273337 3.33993 0.0207851
2.11425579676 3.34713 0.0201012
2.12053788985 3.35202 0.0202517
2.12682075079 3.35922 0.0204165
2.13310670204 3.368 0.0202716
2.13940011923 3.37446 0.0208817
2.14568939859 3.3811 0.0217017
2.15195789682 3.38711 0.0213113
2.15824033347 3.39071 0.0205442
2.16453048092 3.39774 0.0210176
2.17081716829 3.40555 0.0214525
2.17709912993 3.4132 0.0220701
2.18337674027 3.4213 0.0220465
2.18965452646 3.42412 0.0192793
2.19593814184 3.43118 0.021108
2.20221722867 3.43776 0.0215883
2.20849850085 3.44675 0.0225089
2.21479372465 3.45041 0.0236186
2.22107581834 3.4605 0.0234086
2.22733812199 3.46477 0.0226346
2.23362792264 3.47003 0.0226449
2.2399287897 3.48173 0.0215581
2.24620084223 3.48479 0.024008
2.2524810722 3.49282 0.0260773
2.25875993301 3.50289 0.0229391
2.26503776668 3.51337 0.0259116
2.27130391144 3.52283 0.0247014
2.27758972822 3.5286 0.0254555
2.28389830542 3.54059 0.02647
2.29017001225 3.54851 0.026488
2.29645357402 3.55242 0.028484
2.30275372852 3.56384 0.0287435
2.30903325986 3.5747 0.0292603
2.31530674049 3.579 0.0260665
2.32158490306 3.58911 0.0298981
2.3278758488 3.59508 0.0310699
2.33415543799 3.6038 0.0283403
2.34041936871 3.60751 0.0291176
2.34670710068 3.61327 0.0292708
2.3530032916 3.62555 0.0331189
2.35928989445 3.63317 0.034944
2.36555387699 3.64196 0.0318972
2.37182578571 3.64766 0.0333271
2.3781409032 3.65133 0.0338048
2.38442809259 3.66241 0.0343973
2.39069258243 3.66723 0.0327651
2.39698813839 3.6756 0.0355258
2.40330354843 3.68452 0.036054
2.40957307365 3.68449 0.037954
2.41583080138 3.69841 0.0351469
2.42214385676 3.70266 0.035088
2.42843005755 3.70663 0.0357401
2.43467776878 3.71363 0.042061
2.44097021258 3.72132 0.0356808
2.44729898127 3.72916 0.0368249
2.45356911846 3.73376 0.0412641
2.45980003814 3.74192 0.0429011
2.4661092349 3.74401 0.0380311
2.47241430729 3.75373 0.0419176
2.47866355169 3.76077 0.0428865
2.48493431628 3.76788 0.0417524
2.49124283111 3.77013 0.0410061
2.49755537626 3.7793 0.0482689
2.50380379021 3.7871 0.0453043
2.51005045336 3.79452 0.0481005
2.51638815336 3.79396 0.0506235
2.52269694929 3.79989 0.0494014
2.52891211798 3.80635 0.0493331
2.53519495098 3.80913 0.0465322
2.54155301509 3.81698 0.0498201
2.54783359884 3.82213 0.0466614
2.55402772623 3.83455 0.0544063
2.56033571996 3.8355 0.0508174
2.56672381747 3.84255 0.0601402
2.57294751341 3.84888 0.0600329
2.57911252531 3.85349 0.06302
2.58547549612 3.86465 0.0542046
2.59185019505 3.86095 0.0599471
2.59805932148 3.85585 0.0576459
2.60429715989 3.86851 0.0678406
2.61067449751 3.86672 0.0651681
2.61693283418 3.88142 0.0743578
2.62300854502 3.88659 0.076376
2.62939753095 3.8963 0.0757582
2.63591057571 3.88007 0.0723116
2.64202978624 3.88569 0.0792097
2.64803951219 3.89905 0.0887271
2.65454096229 3.89692 0.0846395
2.66118028258 3.89463 0.0945789
2.66719514746 3.89272 0.106622
2.67309090101 3.89698 0.0993055
2.67973176445 3.91073 0.0982261
2.68646693102 3.91937 0.0949613
2.69219835647 3.90656 0.123999
2.69796467721 3.92857 0.131215
2.70489193937 3.91522 0.140293
2.71182026315 3.91621 0.13604
2.71709790339 3.89199 0.194727
2.7227864466 3.94795 0.164991
2.72994784687 3.91182 0.190344
2.73706528781 3.9392 0.229534
2.74248820391 3.96838 0.33343
2.74787331837 3.94236 0.309747
2.75504313834 3.92092 0.331506
2.76219934437 3.96211 0.452974
2.76789278819 4.02401 0.840624
2.77283198247 3.79728 0.739971
2.77965581172 3.85041 1.63667
2.78599582346 15.1399 73.0682
