0.0088996412247 4.44054 0.176488
0.0150791221651 4.23837 0.0953954
0.0214479018646 4.03919 0.0643891
0.0278366077649 3.8813 0.063015
0.034350997858 3.72025 0.0558687
0.0404788676143 3.59272 0.0478207
0.0467671668358 3.48334 0.0503666
0.0530822510177 3.37272 0.043804
0.0594536244094 3.27891 0.0390886
0.0657622481459 3.19762 0.0325747
0.071966329067 3.12717 0.0329675
0.0782786091569 3.06798 0.0314962
0.0847039894583 3.00961 0.028165
0.0909685462053 2.96882 0.0352247
0.0972078977683 2.92995 0.0293951
0.103476303896 2.88564 0.0286294
0.109757644425 2.84844 0.0293955
0.116054308478 2.81146 0.0242113
0.122366966654 2.77119 0.0247912
0.128681726309 2.73755 0.0233905
0.134950080166 2.70982 0.0248345
0.141194955884 2.69138 0.0213232
0.147513357575 2.67604 0.0229823
0.153786507425 2.66317 0.0253553
0.160065754405 2.64071 0.0234971
0.166399116869 2.62257 0.0246033
0.172719564578 2.60531 0.019083
0.178976521338 2.5848 0.0207463
0.185235369065 2.56478 0.018227
0.191480678734 2.54909 0.0190808
0.197788986865 2.53697 0.0200076
0.204093773545 2.52352 0.0197832
0.210393930261 2.51603 0.018559
0.216690970982 2.50587 0.0204392
0.222970028122 2.49525 0.0192572
0.229262002709 2.4818 0.0208819
0.235514150837 2.47077 0.0196378
0.241791058382 2.46166 0.0194021
0.248085653944 2.44941 0.0188779
0.254349225687 2.43695 0.0204133
0.260633425188 2.42684 0.0189663
0.26692573709 2.4173 0.0176
0.273242334314 2.41101 0.0183183
0.279552968008 2.40348 0.0178033
0.285836629231 2.39366 0.018971
0.292087627139 2.38816 0.0199473
0.298344984444 2.38111 0.0179427
0.304638263941 2.36782 0.0182166
0.3109279127 2.36371 0.0194536
0.317216817162 2.35435 0.0188106
0.323518756794 2.34524 0.018594
0.329816821755 2.34022 0.0169531
0.336117642946 2.33433 0.0180842
0.342370037571 2.3287 0.0183147
0.348647819267 2.31992 0.0172183
0.354941161441 2.31051 0.017006
0.361191693542 2.30787 0.0191504
0.367476708956 2.30028 0.0161247
0.373764779528 2.29529 0.0169425
0.380065403148 2.28657 0.0185175
0.386353986126 2.28286 0.0173451
0.392614018136 2.27561 0.0161891
0.398926450032 2.27199 0.017301
0.405207324458 2.26461 0.017305
0.411491647757 2.26105 0.0168068
0.417781427212 2.25405 0.0177788
0.424040064873 2.25038 0.0162697
0.430342569027 2.24467 0.0173604
0.436635856026 2.24025 0.0168237
0.442899618322 2.23387 0.0160007
0.449163441853 2.23039 0.0171834
0.455441414625 2.22605 0.0172036
0.46176344703 2.22209 0.0163403
0.468064424202 2.21601 0.0165359
0.474348524276 2.21253 0.0151207
0.480635613682 2.2078 0.0182578
0.486901925839 2.20488 0.0161041
0.49316970996 2.20119 0.0185857
0.499450674714 2.19686 0.0172469
0.505715905134 2.19119 0.0166142
0.511992399627 2.19185 0.0181419
0.518312609777 2.18719 0.0181656
0.524608963803 2.18164 0.0154547
0.530875730848 2.18242 0.0168736
0.537157352795 2.17583 0.0166808
0.543457956378 2.17455 0.0147653
0.549743065239 2.16997 0.0155653
0.55599374275 2.16904 0.0158016
0.562285467661 2.16631 0.0155393
0.568601153723 2.16056 0.0146286
0.574880458942 2.15897 0.0166551
0.581155021034 2.15666 0.0145218
0.587439449666 2.15436 0.0170918
0.59371762203 2.15114 0.0173901
0.599997195479 2.15114 0.0169688
0.606267911512 2.14742 0.0162609
0.612546957644 2.1452 0.0167088
0.618847773304 2.14565 0.0163489
0.625131056744 2.14346 0.0153736
0.631402745038 2.14075 0.0170347
0.637700356273 2.13907 0.0167028
0.643985778331 2.13707 0.0156572
0.650268541717 2.13778 0.0174788
0.65655861177 2.13534 0.0166366
0.662836928236 2.13412 0.017177
0.669118544496 2.13372 0.0159659
0.675407019858 2.13407 0.0158407
0.681683551459 2.1318 0.0168525
0.687959253386 2.12953 0.0169592
0.694234431704 2.12949 0.0154226
0.700517540243 2.12994 0.0155435
0.706812495661 2.1299 0.0153168
0.713101900967 2.12836 0.0155253
0.719391825117 2.12957 0.0172221
0.72568338076 2.12793 0.0158799
0.731965268271 2.12761 0.0171719
0.738250799048 2.12859 0.0162576
0.744526584212 2.12788 0.015399
0.750787110194 2.1272 0.0172735
0.757075846532 2.12661 0.0165369
0.76336412336 2.12941 0.0153428
0.769646295986 2.12988 0.0165672
0.775939486518 2.13057 0.0157341
0.782232914199 2.13262 0.0163486
0.788531493652 2.13156 0.0148311
0.794789656698 2.13154 0.0167997
0.801049109659 2.13264 0.0152744
0.807336406173 2.1346 0.0150287
0.813622948837 2.13534 0.0152619
0.819915299896 2.13713 0.014463
0.826195263639 2.1378 0.0171755
0.832489707008 2.14016 0.0151263
0.838795930921 2.14151 0.0160691
0.84506346397 2.14303 0.0161608
0.851328286756 2.14335 0.0141265
0.85761982639 2.14641 0.0154144
0.863905847706 2.14801 0.0163404
0.870183874549 2.14904 0.0157446
0.876464109608 2.15146 0.0163059
0.88275038734 2.1528 0.0162929
0.889033276839 2.15599 0.0160312
0.895308424711 2.15697 0.0147377
0.901595652167 2.16088 0.0151117
0.907883332809 2.16216 0.0152515
0.914174410632 2.16493 0.015691
0.920463081772 2.16834 0.0143801
0.926743441526 2.17038 0.014673
0.933032419735 2.17153 0.0149325
0.939326578557 2.17484 0.0143642
0.94559748104 2.17797 0.0140134
0.951866001855 2.18053 0.0148246
0.958141325553 2.18168 0.0162696
0.964435094511 2.18867 0.0153106
0.970735563357 2.19055 0.0149659
0.977008076845 2.19378 0.0146144
0.983282332536 2.19675 0.0163892
0.989556969197 2.19976 0.0145227
0.995845630192 2.20349 0.0162646
1.00213621074 2.20646 0.0141902
1.00840482534 2.21057 0.0154278
1.01469414984 2.21325 0.0156668
1.02099255544 2.21864 0.0147639
1.02727398044 2.22228 0.0145936
1.0335591819 2.226 0.0155492
1.03984755739 2.22933 0.0151647
1.04612697494 2.23336 0.0156621
1.05240343681 2.23822 0.0158116
1.05868070465 2.24168 0.0139483
1.06496433307 2.24629 0.0151376
1.07125677744 2.24949 0.0143696
1.0775440488 2.25535 0.0141209
1.08382482019 2.25903 0.0145688
1.09010802394 2.26203 0.0145852
1.09638966596 2.26772 0.0141476
1.10268113206 2.27148 0.0151524
1.10896304759 2.27723 0.016448
1.11522542846 2.2821 0.014249
1.12150212761 2.28564 0.0164585
1.12779257382 2.2917 0.0147879
1.13408955267 2.29706 0.0150738
1.14036404965 2.30053 0.0141323
1.14663918032 2.30702 0.0143369
1.15294241299 2.31114 0.0144253
1.15922890675 2.3158 0.0154354
1.16550872189 2.32215 0.0142052
1.17179307626 2.32721 0.0152488
1.17808743637 2.3325 0.013549
1.18436765425 2.33685 0.0144901
1.1906346423 2.34417 0.0140134
1.19691220883 2.34857 0.0151543
1.20320157735 2.35228 0.0146658
1.20948684444 2.35954 0.0148612
1.21576390207 2.36445 0.0146121
1.22204975517 2.37077 0.0156576
1.22834061662 2.37517 0.0139511
1.23463298658 2.38183 0.0141317
1.24090224718 2.38748 0.0156362
1.24717483914 2.39318 0.0137883
1.25346545993 2.39946 0.0142661
1.25974995189 2.40542 0.0156385
1.26603214313 2.41029 0.0134466
1.27231628847 2.41736 0.0138256
1.27860415506 2.42293 0.0141176
1.28488658893 2.42819 0.0135782
1.29117542007 2.43582 0.0141405
1.29746572637 2.44076 0.0135172
1.30374182701 2.44826 0.0145842
1.31001732292 2.45337 0.0125675
1.31630144766 2.46023 0.0139386
1.32258676036 2.46666 0.0141152
1.32886549245 2.47383 0.0130958
1.33514480495 2.47952 0.013158
1.34144051627 2.48468 0.0142144
1.34773086842 2.49305 0.014354
1.35400158999 2.49933 0.0140909
1.3602826093 2.50557 0.0146116
1.36656568646 2.51094 0.0140885
1.37285149848 2.51834 0.0142912
1.37913537293 2.52561 0.0141653
1.38540956715 2.53132 0.0134423
1.39169864122 2.53956 0.0139862
1.39798445144 2.54462 0.01409
1.40426788341 2.55154 0.0154054
1.41055477948 2.55784 0.0139818
1.41683783355 2.56482 0.0132018
1.42311817719 2.57225 0.0138141
1.42939780116 2.57738 0.0148314
1.43568692182 2.58583 0.0146473
1.44197712177 2.5925 0.0139739
1.44825366785 2.59894 0.0138058
1.45453234897 2.60552 0.0146798
1.46081931915 2.6132 0.0149214
1.4671103644 2.61933 0.0127667
1.47339290895 2.62627 0.013185
1.47966996524 2.63204 0.0138429
1.4859561446 2.63874 0.014701
1.49223361076 2.64511 0.0138983
1.49850247038 2.65102 0.0154242
1.50478575205 2.65892 0.0143351
1.51107599189 2.66536 0.0141132
1.51736163499 2.67079 0.0136036
1.52364857097 2.6769 0.0147948
1.52993803572 2.68423 0.0143883
1.53623017691 2.69177 0.0141542
1.54251071878 2.69556 0.012884
1.54878396308 2.70351 0.0138976
1.55507306978 2.70879 0.0133891
1.56135732493 2.71624 0.0131911
1.56762912105 2.72208 0.0159924
1.5739136974 2.72834 0.0145935
1.58020354523 2.73342 0.0135239
1.58648539343 2.73976 0.0143564
1.59276001426 2.74517 0.0143273
1.59904643639 2.75112 0.0146132
1.60534213664 2.7572 0.0156882
1.61161976836 2.76269 0.0161026
1.61789716835 2.77248 0.0140225
1.62418270854 2.78114 0.0144094
1.63046407995 2.79188 0.0140055
1.63674824683 2.79969 0.0147946
1.64303013827 2.80852 0.013514
1.64930808063 2.81701 0.0152823
1.65559224863 2.82562 0.0152224
1.66187827598 2.83426 0.0151374
1.66816823994 2.84315 0.0155286
1.6744495611 2.85106 0.0151308
1.68072138563 2.85991 0.0156789
1.68701215424 2.86922 0.0158612
1.6933074808 2.87642 0.0164539
1.69958064303 2.88472 0.0151992
1.70586179344 2.89416 0.0148555
1.71215172419 2.90361 0.0146805
1.71843538617 2.91101 0.0155461
1.72471844694 2.91854 0.0144951
1.73099491844 2.92715 0.0164387
1.73728636032 2.93553 0.0159034
1.74356630258 2.94269 0.0154615
1.74983600778 2.95235 0.0148611
1.75612327869 2.96007 0.0151216
1.76241061606 2.96827 0.0162979
1.76869357896 2.97562 0.0154868
1.77497674839 2.98581 0.0165891
1.78126362161 2.9935 0.0150842
1.78754574761 3.00117 0.0154461
1.7938272923 3.01098 0.0162894
1.80010772174 3.01895 0.0165154
1.80639091391 3.02633 0.015181
1.81267451427 3.03326 0.016373
1.81895363524 3.04272 0.0151882
1.82523850291 3.05144 0.015587
1.8315236862 3.05879 0.0162922
1.83781040898 3.06677 0.0157589
1.84409642612 3.07584 0.0166038
1.8503769215 3.0837 0.0169459
1.85666074594 3.09157 0.0153923
1.86294359809 3.09894 0.0172589
1.86922204917 3.10768 0.0169033
1.87550781357 3.11608 0.016638
1.88179499507 3.12559 0.015923
1.88807781314 3.13084 0.0172661
1.89435244502 3.14 0.0171766
1.90063796885 3.14856 0.0164851
1.90692833723 3.15769 0.0158003
1.91320221586 3.16447 0.0158322
1.91948223445 3.17337 0.0157105
1.92577010575 3.18153 0.017288
1.93206491035 3.18991 0.0155544
1.93834071151 3.19754 0.0164694
1.94460828613 3.20565 0.0183921
1.9508968614 3.21427 0.0152812
1.95718811973 3.22285 0.0157855
1.96347509207 3.23087 0.016998
1.9697553281 3.23925 0.0184366
1.9760413775 3.24636 0.0179669
1.98233260336 3.25426 0.0171706
1.98861171931 3.26327 0.0172952
1.99488792869 3.26994 0.0176847
2.00117304134 3.27724 0.0173433
2.00745262249 3.28723 0.0193771
2.01372721862 3.29326 0.0185187
2.02001108039 3.30179 0.0184417
2.02630405283 3.30874 0.0169441
2.03258735828 3.3155 0.0182294
2.03886100377 3.3242 0.0201861
2.04514489951 3.33304 0.016485
2.05143683626 3.34266 0.0187676
2.05772382203 3.348 0.0180702
2.0640044634 3.35513 0.0184906
2.07029278421 3.36244 0.0182179
2.07658471853 3.37204 0.0192926
2.08285424307 3.37713 0.0196807
2.08912259138 3.384 0.0198851
2.09541730178 3.39193 0.0180638
2.10170304464 3.40069 0.0216378
2.10797273337 3.40744 0.0211444
2.11425579676 3.41656 0.0197131
2.12053788985 3.42039 0.0190323
2.12682075079 3.42892 0.0187167
2.13310670204 3.43626 0.0211699
2.13940011923 3.44428 0.0202018
2.14568939859 3.45103 0.0211286
2.15195789682 3.45794 0.0215677
2.15824033347 3.46372 0.0195781
2.16453048092 3.47153 0.0196684
2.17081716829 3.47814 0.0215043
2.17709912993 3.4873 0.0210969
2.18337674027 3.49373 0.0199733
2.18965452646 3.49807 0.0188521
2.19593814184 3.50654 0.0202435
2.20221722867 3.51187 0.0213684
2.20849850085 3.52196 0.0207253
2.21479372465 3.52614 0.0219763
2.22107581834 3.53638 0.02499
2.22733812199 3.54379 0.0214377
2.23362792264 3.54851 0.0237301
2.2399287897 3.56108 0.0204998
2.24620084223 3.56374 0.0231296
2.2524810722 3.57047 0.0247726
2.25875993301 3.58277 0.0239841
2.26503776668 3.59056 0.0258336
2.27130391144 3.60389 0.0237052
2.27758972822 3.61148 0.0249931
2.28389830542 3.62244 0.0252601
2.29017001225 3.63077 0.024896
2.29645357402 3.63913 0.0276153
2.30275372852 3.65135 0.0265335
2.30903325986 3.66094 0.0273669
2.31530674049 3.66621 0.026144
2.32158490306 3.67802 0.0287838
2.3278758488 3.68228 0.0313243
2.33415543799 3.68977 0.0282817
2.34041936871 3.6985 0.0304983
2.34670710068 3.70276 0.0281003
2.3530032916 3.71581 0.0300548
2.35928989445 3.72507 0.0351004
2.36555387699 3.73432 0.0291333
2.37182578571 3.73893 0.0311349
2.3781409032 3.74527 0.0311067
2.38442809259 3.7548 0.0330192
2.39069258243 3.75958 0.0299727
2.39698813839 3.76869 0.0333388
2.40330354843 3.78054 0.0405572
2.40957307365 3.77866 0.0359941
2.41583080138 3.79537 0.0367503
2.42214385676 3.7991 0.0333754
2.42843005755 3.8055 0.0360459
2.43467776878 3.81247 0.042479
2.44097021258 3.82111 0.0378492
2.44729898127 3.83115 0.0415058
2.45356911846 3.83382 0.0381769
2.45980003814 3.8418 0.041221
2.4661092349 3.84584 0.0374271
2.47241430729 3.85437 0.0394824
2.47866355169 3.8606 0.0451772
2.48493431628 3.87114 0.0410932
2.49124283111 3.87678 0.0427851
2.49755537626 3.88655 0.0457504
2.50380379021 3.8908 0.0445599
2.51005045336 3.89759 0.049532
2.51638815336 3.89912 0.0560772
2.52269694929 3.91001 0.0548668
2.52891211798 3.91267 0.0495399
2.53519495098 3.9204 0.0501571
2.54155301509 3.92927 0.0505099
2.54783359884 3.93229 0.0506517
2.55402772623 3.94645 0.0528431
2.56033571996 3.94919 0.048978
2.56672381747 3.9535 0.0617547
2.57294751341 3.96291 0.056995
2.57911252531 3.96857 0.0576204
2.58547549612 3.97194 0.0580604
2.59185019505 3.97535 0.0595898
2.59805932148 3.97471 0.0590038
2.60429715989 3.98365 0.0675748
2.61067449751 3.97823 0.0672353
2.61693283418 3.99335 0.0755387
2.62300854502 4.00358 0.0706205
2.62939753095 4.00352 0.0788886
2.63591057571 3.99491 0.0695149
2.64202978624 3.99731 0.07614
2.64803951219 4.01472 0.0951412
2.65454096229 4.01339 0.0795745
2.66118028258 4.01707 0.0966422
2.66719514746 4.00887 0.107307
2.67309090101 4.01016 0.0925501
2.67973176445 4.03368 0.101833
2.68646693102 4.0405 0.10652
2.69219835647 4.0238 0.123537
2.69796467721 4.04262 0.123491
2.70489193937 4.03626 0.110033
2.71182026315 4.05373 0.143493
2.71709790339 4.00832 0.205569
2.7227864466 4.06312 0.148366
2.72994784687 4.0432 0.166647
2.73706528781 4.04501 0.212986
2.74248820391 4.07006 0.355136
2.74787331837 4.09003 0.299808
2.75504313834 4.03601 0.319479
2.76219934437 4.06954 0.497418
2.76789278819 4.08058 0.87004
2.77283198247 3.90833 0.800035
2.77965581172 4.2991 1.57724
2.78599582346 23.2097 180.593
