0.0088996412247 -1.77865 0.216247
0.0150791221651 -1.50839 0.128871
0.0214479018646 -1.22202 0.0755029
0.0278366077649 -0.998709 0.0762006
0.034350997858 -0.77964 0.0665707
0.0404788676143 -0.600076 0.0544305
0.0467671668358 -0.436536 0.0512915
0.0530822510177 -0.283106 0.0505552
0.0594536244094 -0.150258 0.0418251
0.0657622481459 -0.03578 0.0403517
0.071966329067 0.0778608 0.0357414
0.0782786091569 0.174682 0.0312705
0.0847039894583 0.259488 0.0304728
0.0909685462053 0.331035 0.0325373
0.0972078977683 0.392503 0.0312044
0.103476303896 0.461919 0.0295557
0.109757644425 0.528077 0.0271803
0.116054308478 0.588324 0.0252225
0.122366966654 0.654188 0.0250468
0.128681726309 0.706621 0.0232257
0.134950080166 0.756883 0.0263027
0.141194955884 0.789526 0.0224792
0.147513357575 0.824811 0.0223867
0.153786507425 0.853599 0.0163819
0.160065754405 0.887441 0.0245346
0.166399116869 0.921499 0.0206337
0.172719564578 0.957713 0.0177337
0.178976521338 0.991987 0.0198609
0.185235369065 1.02714 0.0164882
0.191480678734 1.05435 0.017926
0.197788986865 1.08624 0.0174132
0.204093773545 1.10515 0.0179277
0.210393930261 1.12938 0.0172068
0.216690970982 1.14552 0.0171815
0.222970028122 1.16364 0.0179715
0.229262002709 1.18862 0.0187936
0.235514150837 1.20439 0.0183163
0.241791058382 1.22659 0.0173506
0.248085653944 1.24554 0.0184982
0.254349225687 1.26602 0.018811
0.260633425188 1.28315 0.0161931
0.26692573709 1.2978 0.0169241
0.273242334314 1.31528 0.014032
0.279552968008 1.32771 0.017245
0.285836629231 1.34098 0.0160411
0.292087627139 1.35162 0.0168124
0.298344984444 1.36607 0.0178045
0.304638263941 1.37876 0.0158585
0.3109279127 1.39077 0.0136902
0.317216817162 1.40443 0.0149418
0.323518756794 1.41541 0.016377
0.329816821755 1.42669 0.0156699
0.336117642946 1.44045 0.0150592
0.342370037571 1.44907 0.0169015
0.348647819267 1.4601 0.0139342
0.354941161441 1.47046 0.0156901
0.361191693542 1.47595 0.0146692
0.367476708956 1.48918 0.0142977
0.373764779528 1.4994 0.0144086
0.380065403148 1.50626 0.0150317
0.386353986126 1.51468 0.0140383
0.392614018136 1.5264 0.0154605
0.398926450032 1.53199 0.0145358
0.405207324458 1.54005 0.0142645
0.411491647757 1.54567 0.0155028
0.417781427212 1.55511 0.0179976
0.424040064873 1.56309 0.0158168
0.430342569027 1.57107 0.0158066
0.436635856026 1.57957 0.0138922
0.442899618322 1.58669 0.0150182
0.449163441853 1.59336 0.0153146
0.455441414625 1.60002 0.0135433
0.46176344703 1.60637 0.0150502
0.468064424202 1.61378 0.0146176
0.474348524276 1.6184 0.0147456
0.480635613682 1.62815 0.013735
0.486901925839 1.63459 0.0134827
0.49316970996 1.6389 0.0155627
0.499450674714 1.64898 0.0150273
0.505715905134 1.65061 0.0149198
0.511992399627 1.65655 0.0159882
0.518312609777 1.66404 0.0143072
0.524608963803 1.66926 0.0137622
0.530875730848 1.67626 0.0140913
0.537157352795 1.68465 0.0148247
0.543457956378 1.68843 0.0161916
0.549743065239 1.69358 0.0136465
0.55599374275 1.69925 0.0133271
0.562285467661 1.70835 0.0135303
0.568601153723 1.71661 0.0144668
0.574880458942 1.71939 0.0142876
0.581155021034 1.72458 0.0168906
0.587439449666 1.73138 0.0144206
0.59371762203 1.73581 0.0140145
0.599997195479 1.74331 0.0163443
0.606267911512 1.74707 0.0126434
0.612546957644 1.75283 0.0155949
0.618847773304 1.75979 0.0144362
0.625131056744 1.76525 0.0136897
0.631402745038 1.77146 0.0131318
0.637700356273 1.77692 0.0142001
0.643985778331 1.78271 0.0134192
0.650268541717 1.78673 0.0127412
0.65655861177 1.79319 0.0148756
0.662836928236 1.80023 0.0142418
0.669118544496 1.80475 0.0149466
0.675407019858 1.81111 0.0152945
0.681683551459 1.81521 0.0142359
0.687959253386 1.82397 0.015929
0.694234431704 1.82755 0.0134829
0.700517540243 1.83413 0.0136724
0.706812495661 1.83772 0.0133556
0.713101900967 1.84509 0.0143407
0.719391825117 1.85067 0.0122438
0.72568338076 1.85542 0.0155748
0.731965268271 1.86173 0.0134671
0.738250799048 1.86755 0.0137498
0.744526584212 1.87329 0.0133932
0.750787110194 1.8799 0.0148618
0.757075846532 1.88435 0.0143874
0.76336412336 1.89073 0.0147103
0.769646295986 1.89715 0.014802
0.775939486518 1.90197 0.0136211
0.782232914199 1.90923 0.0149621
0.788531493652 1.91488 0.0148063
0.794789656698 1.92121 0.0144369
0.801049109659 1.92404 0.0142201
0.807336406173 1.93191 0.0136755
0.813622948837 1.93696 0.0128379
0.819915299896 1.94339 0.0148391
0.826195263639 1.94949 0.0148582
0.832489707008 1.95341 0.0158862
0.838795930921 1.96064 0.0124463
0.84506346397 1.96626 0.0129674
0.851328286756 1.97213 0.0129712
0.85761982639 1.9785 0.0148844
0.863905847706 1.98338 0.0141156
0.870183874549 1.99022 0.0129024
0.876464109608 1.99592 0.0141443
0.88275038734 2.00225 0.0143807
0.889033276839 2.00751 0.014552
0.895308424711 2.01401 0.0138013
0.901595652167 2.01953 0.0122908
0.907883332809 2.02481 0.0149883
0.914174410632 2.02945 0.012963
0.920463081772 2.03699 0.0133825
0.926743441526 2.04316 0.0142518
0.933032419735 2.05009 0.0140457
0.939326578557 2.0552 0.0149806
0.94559748104 2.06149 0.0140471
0.951866001855 2.06678 0.0148451
0.958141325553 2.07288 0.0137223
0.964435094511 2.0789 0.0142898
0.970735563357 2.08673 0.013642
0.977008076845 2.09367 0.0139853
0.983282332536 2.09784 0.0139674
0.989556969197 2.10393 0.013604
0.995845630192 2.11116 0.0131552
1.00213621074 2.11715 0.013938
1.00840482534 2.12279 0.0148107
1.01469414984 2.12918 0.0150912
1.02099255544 2.13646 0.0131747
1.02727398044 2.14014 0.0150578
1.0335591819 2.1477 0.014274
1.03984755739 2.15427 0.0143441
1.04612697494 2.16061 0.0140781
1.05240343681 2.1661 0.0135796
1.05868070465 2.17445 0.0132239
1.06496433307 2.18061 0.0146091
1.07125677744 2.18609 0.0138046
1.0775440488 2.19164 0.0129624
1.08382482019 2.20104 0.0142055
1.09010802394 2.20546 0.0148566
1.09638966596 2.2124 0.0132544
1.10268113206 2.21721 0.013429
1.10896304759 2.2245 0.0138461
1.11522542846 2.23235 0.013198
1.12150212761 2.23857 0.0142016
1.12779257382 2.24519 0.013494
1.13408955267 2.25159 0.012996
1.14036404965 2.25836 0.0137787
1.14663918032 2.26519 0.0141115
1.15294241299 2.27184 0.0134127
1.15922890675 2.27801 0.01172
1.16550872189 2.28457 0.0141902
1.17179307626 2.2924 0.0143547
1.17808743637 2.29946 0.0141405
1.18436765425 2.30561 0.0143548
1.1906346423 2.31253 0.013181
1.19691220883 2.31862 0.0132567
1.20320157735 2.32472 0.014756
1.20948684444 2.33341 0.0126393
1.21576390207 2.34061 0.0131241
1.22204975517 2.34513 0.0138301
1.22834061662 2.35337 0.0130498
1.23463298658 2.35952 0.0130463
1.24090224718 2.3671 0.0129363
1.24717483914 2.37444 0.0134201
1.25346545993 2.38179 0.0143701
1.25974995189 2.3877 0.0133079
1.26603214313 2.39643 0.0136055
1.27231628847 2.40159 0.0141702
1.27860415506 2.40905 0.0135899
1.28488658893 2.41568 0.0133481
1.29117542007 2.42355 0.0134194
1.29746572637 2.43077 0.0137551
1.30374182701 2.43722 0.013107
1.31001732292 2.44479 0.0146697
1.31630144766 2.45144 0.0138211
1.32258676036 2.45919 0.0143625
1.32886549245 2.46699 0.0141307
1.33514480495 2.47336 0.0139246
1.34144051627 2.48103 0.0126474
1.34773086842 2.48871 0.0139614
1.35400158999 2.49571 0.0127632
1.3602826093 2.50302 0.0141335
1.36656568646 2.50916 0.0132631
1.37285149848 2.51573 0.0130941
1.37913537293 2.52382 0.0138825
1.38540956715 2.53049 0.0138566
1.39169864122 2.53819 0.0132158
1.39798445144 2.54454 0.0134644
1.40426788341 2.55275 0.0131248
1.41055477948 2.55969 0.0139569
1.41683783355 2.56723 0.0141867
1.42311817719 2.57433 0.0139129
1.42939780116 2.58115 0.0130302
1.43568692182 2.58916 0.0139716
1.44197712177 2.59594 0.0137413
1.44825366785 2.60258 0.0144295
1.45453234897 2.61034 0.0146475
1.46081931915 2.61736 0.0144853
1.4671103644 2.62294 0.013008
1.47339290895 2.63105 0.0143663
1.47966996524 2.63849 0.0141093
1.4859561446 2.64457 0.0133496
1.49223361076 2.65221 0.0135781
1.49850247038 2.65794 0.012926
1.50478575205 2.6649 0.0135157
1.51107599189 2.67158 0.0137759
1.51736163499 2.67854 0.0134907
1.52364857097 2.68427 0.0136089
1.52993803572 2.69298 0.0142431
1.53623017691 2.69805 0.0139718
1.54251071878 2.7052 0.0136065
1.54878396308 2.71116 0.0141768
1.55507306978 2.71838 0.0135302
1.56135732493 2.72371 0.0131612
1.56762912105 2.72989 0.0136654
1.5739136974 2.73541 0.0132364
1.58020354523 2.74344 0.0140799
1.58648539343 2.7469 0.0144433
1.59276001426 2.75264 0.0132916
1.59904643639 2.75928 0.0133463
1.60534213664 2.76522 0.0141574
1.61161976836 2.77246 0.0150417
1.61789716835 2.78075 0.0127143
1.62418270854 2.78998 0.0132386
1.63046407995 2.79961 0.0143877
1.63674824683 2.80806 0.0138564
1.64303013827 2.81715 0.0142385
1.64930808063 2.82779 0.0142401
1.65559224863 2.83546 0.0138721
1.66187827598 2.84204 0.0149916
1.66816823994 2.85209 0.01465
1.6744495611 2.86068 0.0142092
1.68072138563 2.86914 0.0129682
1.68701215424 2.87743 0.0144628
1.6933074808 2.88561 0.0138944
1.69958064303 2.8934 0.0157341
1.70586179344 2.90069 0.0143269
1.71215172419 2.91056 0.0145298
1.71843538617 2.91958 0.0140476
1.72471844694 2.92688 0.0139674
1.73099491844 2.93564 0.0145746
1.73728636032 2.94489 0.0151823
1.74356630258 2.95178 0.0146236
1.74983600778 2.95942 0.0143593
1.75612327869 2.96849 0.0137631
1.76241061606 2.97666 0.0141575
1.76869357896 2.98449 0.0153777
1.77497674839 2.99326 0.015167
1.78126362161 3.00012 0.015598
1.78754574761 3.00897 0.0153032
1.7938272923 3.0169 0.014224
1.80010772174 3.02586 0.0162634
1.80639091391 3.03384 0.0154626
1.81267451427 3.03967 0.0143559
1.81895363524 3.04663 0.015201
1.82523850291 3.05544 0.0158175
1.8315236862 3.06404 0.0167955
1.83781040898 3.07088 0.0140961
1.84409642612 3.08011 0.0161932
1.8503769215 3.08848 0.0156776
1.85666074594 3.0959 0.0166672
1.86294359809 3.10348 0.015147
1.86922204917 3.11269 0.0154451
1.87550781357 3.11957 0.0151119
1.88179499507 3.12697 0.0156676
1.88807781314 3.13394 0.016134
1.89435244502 3.14215 0.0161787
1.90063796885 3.15093 0.015655
1.90692833723 3.15987 0.0163462
1.91320221586 3.16606 0.0174092
1.91948223445 3.17317 0.0162637
1.92577010575 3.18332 0.0153147
1.93206491035 3.19049 0.0173403
1.93834071151 3.19763 0.0163544
1.94460828613 3.2053 0.0152258
1.9508968614 3.21324 0.0180792
1.95718811973 3.22184 0.018142
1.96347509207 3.22744 0.0170862
1.9697553281 3.23722 0.0175931
1.9760413775 3.24543 0.0162334
1.98233260336 3.25252 0.0175481
1.98861171931 3.2592 0.0177362
1.99488792869 3.26671 0.0169171
2.00117304134 3.2738 0.0172551
2.00745262249 3.28361 0.0166566
2.01372721862 3.29148 0.0172929
2.02001108039 3.29602 0.0174978
2.02630405283 3.30498 0.0169835
2.03258735828 3.31185 0.018726
2.03886100377 3.32034 0.0197298
2.04514489951 3.32612 0.0159998
2.05143683626 3.33421 0.0189819
2.05772382203 3.34175 0.0170054
2.0640044634 3.34758 0.0208775
2.07029278421 3.35668 0.0186681
2.07658471853 3.36361 0.0176099
2.08285424307 3.37084 0.0167675
2.08912259138 3.37825 0.0190482
2.09541730178 3.38392 0.0200757
2.10170304464 3.39475 0.0186029
2.10797273337 3.39918 0.0213192
2.11425579676 3.40652 0.0187725
2.12053788985 3.41328 0.0186066
2.12682075079 3.41992 0.019364
2.13310670204 3.4252 0.0189221
2.13940011923 3.4324 0.0188684
2.14568939859 3.44198 0.022248
2.15195789682 3.44751 0.0203042
2.15824033347 3.45206 0.0216397
2.16453048092 3.45983 0.0197808
2.17081716829 3.46643 0.022158
2.17709912993 3.47269 0.0203897
2.18337674027 3.47909 0.0231104
2.18965452646 3.48573 0.0194532
2.19593814184 3.49214 0.0214331
2.20221722867 3.49983 0.0219833
2.20849850085 3.50574 0.021288
2.21479372465 3.51298 0.0217729
2.22107581834 3.52066 0.0215185
2.22733812199 3.52588 0.0211461
2.23362792264 3.53244 0.0208582
2.2399287897 3.54087 0.0237169
2.24620084223 3.54968 0.0208893
2.2524810722 3.55828 0.0224848
2.25875993301 3.56749 0.023624
2.26503776668 3.5736 0.0238569
2.27130391144 3.58156 0.0239466
2.27758972822 3.59539 0.0250167
2.28389830542 3.60204 0.0227558
2.29017001225 3.61206 0.0263131
2.29645357402 3.62371 0.0244587
2.30275372852 3.63004 0.0222934
2.30903325986 3.63666 0.0258114
2.31530674049 3.64283 0.0251742
2.32158490306 3.65411 0.0268468
2.3278758488 3.6594 0.0268138
2.33415543799 3.66672 0.0286603
2.34041936871 3.67677 0.0275418
2.34670710068 3.68468 0.0275179
2.3530032916 3.69026 0.0275502
2.35928989445 3.69918 0.0283697
2.36555387699 3.70452 0.0274037
2.37182578571 3.71608 0.0317056
2.3781409032 3.72154 0.0279107
2.38442809259 3.72939 0.0307078
2.39069258243 3.73316 0.0303041
2.39698813839 3.74245 0.0288476
2.40330354843 3.74979 0.0301061
2.40957307365 3.75791 0.0308393
2.41583080138 3.76312 0.0342142
2.42214385676 3.77273 0.0337705
2.42843005755 3.78324 0.0339153
2.43467776878 3.78569 0.0310106
2.44097021258 3.79525 0.0364414
2.44729898127 3.79789 0.0375734
2.45356911846 3.80925 0.0379233
2.45980003814 3.81217 0.0360178
2.4661092349 3.8203 0.0363412
2.47241430729 3.8232 0.0388814
2.47866355169 3.83356 0.0394721
2.48493431628 3.83582 0.0407502
2.49124283111 3.8433 0.0386704
2.49755537626 3.85276 0.039561
2.50380379021 3.86052 0.0367029
2.51005045336 3.87193 0.0432211
2.51638815336 3.87523 0.0471293
2.52269694929 3.87896 0.0448882
2.52891211798 3.88302 0.0509842
2.53519495098 3.88048 0.0467298
2.54155301509 3.89775 0.0429505
2.54783359884 3.89607 0.0447645
2.55402772623 3.90668 0.0538564
2.56033571996 3.90871 0.0520685
2.56672381747 3.92585 0.048769
2.57294751341 3.91508 0.0569876
2.57911252531 3.9213 0.0545336
2.58547549612 3.93333 0.0638706
2.59185019505 3.94194 0.0600204
2.59805932148 3.94405 0.0620242
2.60429715989 3.95414 0.0660792
2.61067449751 3.95805 0.0645883
2.61693283418 3.95483 0.0721544
2.62300854502 3.95261 0.0676691
2.62939753095 3.95575 0.0740225
2.63591057571 3.9771 0.0835732
2.64202978624 3.97953 0.075781
2.64803951219 3.98119 0.0941523
2.65454096229 3.98099 0.0799926
2.66118028258 3.9891 0.0928838
2.66719514746 3.99034 0.108678
2.67309090101 3.99773 0.100469
2.67973176445 4.00109 0.117693
2.68646693102 4.00393 0.100624
2.69219835647 4.00177 0.122011
2.69796467721 3.98511 0.126262
2.70489193937 3.98939 0.113236
2.71182026315 4.00022 0.140271
2.71709790339 4.00249 0.177609
2.7227864466 4.02508 0.173442
2.72994784687 4.02223 0.181153
2.73706528781 4.02828 0.204291
2.74248820391 3.94411 0.344334
2.74787331837 4.03377 0.253575
2.75504313834 4.0825 0.332607
2.76219934437 3.95545 0.410152
2.76789278819 3.93866 0.80408
2.77283198247 4.04857 0.859311
2.77965581172 3.8082 1.94452
2.78599582346 -12.3726 188.79
