0.0088996412247 -1.0405 0.191348
0.0150791221651 -0.826162 0.107195
0.0214479018646 -0.616728 0.0599842
0.0278366077649 -0.445356 0.0665558
0.034350997858 -0.277326 0.0554876
0.0404788676143 -0.146718 0.0442749
0.0467671668358 -0.0276509 0.0446645
0.0530822510177 0.0906571 0.0417416
0.0594536244094 0.187449 0.0364542
0.0657622481459 0.271975 0.0330037
0.071966329067 0.356073 0.0311173
0.0782786091569 0.425666 0.0251493
0.0847039894583 0.48502 0.0276895
0.0909685462053 0.535027 0.0282069
0.0972078977683 0.581079 0.0247359
0.103476303896 0.628813 0.0291832
0.109757644425 0.675199 0.0251533
0.116054308478 0.718107 0.025362
0.122366966654 0.765402 0.0218335
0.128681726309 0.80191 0.0213643
0.134950080166 0.836006 0.0241865
0.141194955884 0.85814 0.0200127
0.147513357575 0.882411 0.0202876
0.153786507425 0.89958 0.0169974
0.160065754405 0.924085 0.0229538
0.166399116869 0.94754 0.018945
0.172719564578 0.971174 0.0169893
0.178976521338 0.994555 0.0208886
0.185235369065 1.02134 0.0168419
0.191480678734 1.04277 0.0180152
0.197788986865 1.06398 0.0172822
0.204093773545 1.07712 0.0172295
0.210393930261 1.09442 0.0168974
0.216690970982 1.10539 0.0170696
0.222970028122 1.11805 0.0168927
0.229262002709 1.13878 0.0184966
0.235514150837 1.14889 0.0171301
0.241791058382 1.16641 0.0160816
0.248085653944 1.1815 0.0165776
0.254349225687 1.1974 0.0172738
0.260633425188 1.21122 0.0165791
0.26692573709 1.22447 0.0161517
0.273242334314 1.23626 0.0151401
0.279552968008 1.24689 0.0173989
0.285836629231 1.25823 0.0161366
0.292087627139 1.26785 0.0147303
0.298344984444 1.28014 0.0156495
0.304638263941 1.2902 0.0150598
0.3109279127 1.30204 0.0145448
0.317216817162 1.31431 0.0147247
0.323518756794 1.3237 0.016401
0.329816821755 1.33672 0.0143131
0.336117642946 1.34815 0.0145019
0.342370037571 1.35493 0.015616
0.348647819267 1.36638 0.0134277
0.354941161441 1.37661 0.0151682
0.361191693542 1.38155 0.0124156
0.367476708956 1.39558 0.0134058
0.373764779528 1.40477 0.01455
0.380065403148 1.41217 0.0137882
0.386353986126 1.42221 0.0139378
0.392614018136 1.43309 0.0135634
0.398926450032 1.44054 0.0153924
0.405207324458 1.44893 0.0137893
0.411491647757 1.45618 0.0150062
0.417781427212 1.46543 0.015835
0.424040064873 1.47506 0.0159947
0.430342569027 1.48286 0.0144641
0.436635856026 1.49225 0.0135911
0.442899618322 1.49908 0.0139851
0.449163441853 1.50682 0.014848
0.455441414625 1.51483 0.0140363
0.46176344703 1.52273 0.0150545
0.468064424202 1.53047 0.0141115
0.474348524276 1.53852 0.0157267
0.480635613682 1.54811 0.013729
0.486901925839 1.55626 0.0131423
0.49316970996 1.56016 0.0146763
0.499450674714 1.57148 0.0150031
0.505715905134 1.57548 0.014802
0.511992399627 1.5825 0.014044
0.518312609777 1.58985 0.0132943
0.524608963803 1.59759 0.0137299
0.530875730848 1.60424 0.0145889
0.537157352795 1.61457 0.0137121
0.543457956378 1.61943 0.0163227
0.549743065239 1.62582 0.0129384
0.55599374275 1.63245 0.0127788
0.562285467661 1.64267 0.0136168
0.568601153723 1.65247 0.0135921
0.574880458942 1.65575 0.0146003
0.581155021034 1.66224 0.0165765
0.587439449666 1.66989 0.0152817
0.59371762203 1.67538 0.013014
0.599997195479 1.68352 0.0162651
0.606267911512 1.68932 0.0121708
0.612546957644 1.69591 0.0143859
0.618847773304 1.7032 0.0139787
0.625131056744 1.70957 0.0134349
0.631402745038 1.71673 0.0125809
0.637700356273 1.72401 0.0145181
0.643985778331 1.73025 0.0130808
0.650268541717 1.73493 0.0127846
0.65655861177 1.74317 0.0129785
0.662836928236 1.75106 0.0138425
0.669118544496 1.75536 0.0139755
0.675407019858 1.76282 0.0147234
0.681683551459 1.76715 0.0143597
0.687959253386 1.77685 0.0154751
0.694234431704 1.78231 0.0133305
0.700517540243 1.78931 0.0134615
0.706812495661 1.79393 0.0136069
0.713101900967 1.80177 0.0138092
0.719391825117 1.80766 0.0126268
0.72568338076 1.81311 0.0152342
0.731965268271 1.82085 0.0140997
0.738250799048 1.82642 0.0137733
0.744526584212 1.83333 0.012549
0.750787110194 1.84056 0.0131007
0.757075846532 1.84533 0.0141701
0.76336412336 1.85264 0.0141272
0.769646295986 1.85954 0.0138392
0.775939486518 1.8646 0.0141336
0.782232914199 1.87233 0.014252
0.788531493652 1.8783 0.0148888
0.794789656698 1.8858 0.0152258
0.801049109659 1.88983 0.0143958
0.807336406173 1.89699 0.0136555
0.813622948837 1.90283 0.0130063
0.819915299896 1.90959 0.0148703
0.826195263639 1.91642 0.0149822
0.832489707008 1.92067 0.0154814
0.838795930921 1.92798 0.0128282
0.84506346397 1.9334 0.0133957
0.851328286756 1.94038 0.0126183
0.85761982639 1.94639 0.015168
0.863905847706 1.95175 0.0145023
0.870183874549 1.95927 0.0129821
0.876464109608 1.9659 0.0139012
0.88275038734 1.97242 0.0140491
0.889033276839 1.97706 0.0144104
0.895308424711 1.98423 0.013424
0.901595652167 1.99022 0.0132352
0.907883332809 1.9962 0.0149498
0.914174410632 2.00071 0.0123791
0.920463081772 2.00817 0.0134539
0.926743441526 2.01552 0.0138245
0.933032419735 2.02214 0.0139428
0.939326578557 2.02753 0.0149855
0.94559748104 2.03414 0.0140294
0.951866001855 2.04012 0.0149645
0.958141325553 2.04666 0.0134257
0.964435094511 2.05238 0.0144302
0.970735563357 2.06038 0.013005
0.977008076845 2.06627 0.0138346
0.983282332536 2.07169 0.0137356
0.989556969197 2.07748 0.013876
0.995845630192 2.08587 0.013698
1.00213621074 2.09245 0.0136199
1.00840482534 2.09835 0.0149372
1.01469414984 2.10472 0.0138295
1.02099255544 2.11168 0.0125206
1.02727398044 2.11611 0.0145343
1.0335591819 2.1232 0.0140952
1.03984755739 2.13001 0.0145586
1.04612697494 2.13695 0.0131087
1.05240343681 2.14212 0.014341
1.05868070465 2.15014 0.0139107
1.06496433307 2.15593 0.0145306
1.07125677744 2.16239 0.0135182
1.0775440488 2.16797 0.0137762
1.08382482019 2.17672 0.0143991
1.09010802394 2.18276 0.0148044
1.09638966596 2.18919 0.0137076
1.10268113206 2.19456 0.0137165
1.10896304759 2.20056 0.0132556
1.11522542846 2.20862 0.0132908
1.12150212761 2.21578 0.0133305
1.12779257382 2.22133 0.0136547
1.13408955267 2.22803 0.0127298
1.14036404965 2.23493 0.0137222
1.14663918032 2.24129 0.0134332
1.15294241299 2.24863 0.0138602
1.15922890675 2.25425 0.0127161
1.16550872189 2.26146 0.0138897
1.17179307626 2.26888 0.0143853
1.17808743637 2.27603 0.0146491
1.18436765425 2.28243 0.0138306
1.1906346423 2.28921 0.0130737
1.19691220883 2.29545 0.0129999
1.20320157735 2.30243 0.0147735
1.20948684444 2.3104 0.0132041
1.21576390207 2.31759 0.0138794
1.22204975517 2.32208 0.0138489
1.22834061662 2.33011 0.0133982
1.23463298658 2.3361 0.012654
1.24090224718 2.34355 0.0127403
1.24717483914 2.35049 0.012787
1.25346545993 2.35793 0.0136172
1.25974995189 2.36338 0.0131829
1.26603214313 2.37242 0.0139593
1.27231628847 2.37799 0.013307
1.27860415506 2.38489 0.0135095
1.28488658893 2.39176 0.0139446
1.29117542007 2.39887 0.0126926
1.29746572637 2.40636 0.0137754
1.30374182701 2.41245 0.0124073
1.31001732292 2.41963 0.0147022
1.31630144766 2.42619 0.0128323
1.32258676036 2.4341 0.0138433
1.32886549245 2.44152 0.0142275
1.33514480495 2.44853 0.0141445
1.34144051627 2.45528 0.012044
1.34773086842 2.46274 0.0138463
1.35400158999 2.46939 0.0126994
1.3602826093 2.47661 0.0137306
1.36656568646 2.48337 0.013302
1.37285149848 2.48943 0.0129829
1.37913537293 2.49718 0.0139608
1.38540956715 2.50433 0.0132901
1.39169864122 2.51079 0.0132982
1.39798445144 2.51845 0.0128906
1.40426788341 2.52545 0.0135268
1.41055477948 2.53274 0.0141729
1.41683783355 2.5396 0.0143677
1.42311817719 2.54633 0.0143332
1.42939780116 2.55335 0.0128165
1.43568692182 2.5611 0.0138884
1.44197712177 2.56692 0.0139651
1.44825366785 2.57371 0.0140278
1.45453234897 2.58091 0.0149103
1.46081931915 2.58804 0.0140341
1.4671103644 2.59428 0.0134029
1.47339290895 2.60118 0.0135518
1.47966996524 2.60843 0.0134325
1.4859561446 2.6142 0.0132298
1.49223361076 2.62161 0.0131156
1.49850247038 2.62812 0.0131851
1.50478575205 2.63393 0.0132038
1.51107599189 2.64044 0.0131446
1.51736163499 2.64727 0.0132133
1.52364857097 2.65332 0.0132864
1.52993803572 2.66095 0.014364
1.53623017691 2.66658 0.014314
1.54251071878 2.67352 0.0136033
1.54878396308 2.67923 0.013891
1.55507306978 2.68594 0.0131409
1.56135732493 2.69131 0.0133617
1.56762912105 2.69634 0.0134635
1.5739136974 2.70259 0.0134214
1.58020354523 2.70985 0.0146995
1.58648539343 2.71278 0.0134849
1.59276001426 2.71906 0.0128476
1.59904643639 2.72564 0.0130848
1.60534213664 2.72996 0.0140262
1.61161976836 2.73832 0.0151061
1.61789716835 2.74614 0.0135442
1.62418270854 2.75483 0.0129987
1.63046407995 2.76348 0.0149921
1.63674824683 2.77202 0.0142786
1.64303013827 2.78102 0.0142747
1.64930808063 2.79149 0.0144532
1.65559224863 2.79865 0.0135898
1.66187827598 2.8053 0.0148077
1.66816823994 2.81487 0.0143296
1.6744495611 2.82331 0.0137754
1.68072138563 2.83128 0.0135154
1.68701215424 2.83997 0.014399
1.6933074808 2.84808 0.0140118
1.69958064303 2.85538 0.0153292
1.70586179344 2.86167 0.0146647
1.71215172419 2.87151 0.014893
1.71843538617 2.87983 0.014381
1.72471844694 2.8873 0.0143748
1.73099491844 2.89557 0.0139914
1.73728636032 2.9042 0.0155572
1.74356630258 2.91178 0.0143781
1.74983600778 2.91806 0.0147701
1.75612327869 2.92687 0.013375
1.76241061606 2.93518 0.0143756
1.76869357896 2.94243 0.0145397
1.77497674839 2.95091 0.0148441
1.78126362161 2.95729 0.016409
1.78754574761 2.96631 0.0157966
1.7938272923 2.97262 0.0147089
1.80010772174 2.98204 0.0166214
1.80639091391 2.98883 0.0164307
1.81267451427 2.99559 0.0141167
1.81895363524 3.00175 0.0154376
1.82523850291 3.00937 0.016433
1.8315236862 3.0185 0.0170073
1.83781040898 3.02552 0.014424
1.84409642612 3.03322 0.0164686
1.8503769215 3.04147 0.0154694
1.85666074594 3.04937 0.0173429
1.86294359809 3.0566 0.0161545
1.86922204917 3.06429 0.0171152
1.87550781357 3.07089 0.014699
1.88179499507 3.07857 0.0169895
1.88807781314 3.08527 0.0161724
1.89435244502 3.09315 0.0158361
1.90063796885 3.10159 0.0162122
1.90692833723 3.10984 0.0162804
1.91320221586 3.11538 0.0167779
1.91948223445 3.12227 0.0171961
1.92577010575 3.13144 0.0162625
1.93206491035 3.13819 0.0177088
1.93834071151 3.14485 0.0163292
1.94460828613 3.15281 0.0165387
1.9508968614 3.1601 0.0172669
1.95718811973 3.1683 0.0181615
1.96347509207 3.17296 0.0176984
1.9697553281 3.18184 0.0180778
1.9760413775 3.19024 0.0171427
1.98233260336 3.19697 0.0182422
1.98861171931 3.20261 0.0174263
1.99488792869 3.21064 0.0172479
2.00117304134 3.21769 0.0186252
2.00745262249 3.2255 0.0173095
2.01372721862 3.23356 0.0174708
2.02001108039 3.23803 0.0174111
2.02630405283 3.24682 0.0183419
2.03258735828 3.25369 0.0197296
2.03886100377 3.26104 0.0188899
2.04514489951 3.26641 0.0171572
2.05143683626 3.27292 0.0192548
2.05772382203 3.28125 0.0170963
2.0640044634 3.2862 0.0194351
2.07029278421 3.29313 0.0178177
2.07658471853 3.30087 0.0183187
2.08285424307 3.30842 0.0173914
2.08912259138 3.31601 0.0183805
2.09541730178 3.32052 0.0203515
2.10170304464 3.32955 0.0181208
2.10797273337 3.33402 0.0210461
2.11425579676 3.34086 0.0190008
2.12053788985 3.34837 0.0200039
2.12682075079 3.35346 0.0194944
2.13310670204 3.35988 0.0199509
2.13940011923 3.3655 0.020125
2.14568939859 3.37499 0.022393
2.15195789682 3.38 0.0220816
2.15824033347 3.38325 0.0223151
2.16453048092 3.39027 0.020513
2.17081716829 3.39739 0.0217263
2.17709912993 3.40259 0.0205516
2.18337674027 3.41082 0.0237209
2.18965452646 3.41437 0.0211837
2.19593814184 3.42081 0.0222179
2.20221722867 3.4285 0.0233656
2.20849850085 3.4338 0.0226151
2.21479372465 3.44156 0.0226357
2.22107581834 3.44847 0.0215048
2.22733812199 3.45327 0.0242955
2.23362792264 3.45843 0.0210961
2.2399287897 3.46605 0.0249246
2.24620084223 3.47471 0.0223648
2.2524810722 3.48329 0.0227393
2.25875993301 3.49132 0.0233624
2.26503776668 3.49913 0.0237318
2.27130391144 3.50492 0.023692
2.27758972822 3.51785 0.02513
2.28389830542 3.52452 0.0256612
2.29017001225 3.53458 0.025276
2.29645357402 3.54253 0.0264394
2.30275372852 3.54754 0.0243672
2.30903325986 3.5562 0.0245543
2.31530674049 3.56211 0.0265714
2.32158490306 3.57021 0.0279913
2.3278758488 3.57842 0.0279827
2.33415543799 3.58557 0.0268597
2.34041936871 3.59271 0.028375
2.34670710068 3.60023 0.0273936
2.3530032916 3.6058 0.0280892
2.35928989445 3.61403 0.0296466
2.36555387699 3.61764 0.030083
2.37182578571 3.63039 0.0329892
2.3781409032 3.63581 0.0290009
2.38442809259 3.64394 0.0306409
2.39069258243 3.64652 0.0315917
2.39698813839 3.65501 0.0301253
2.40330354843 3.66154 0.0306853
2.40957307365 3.66934 0.0309663
2.41583080138 3.67493 0.0368811
2.42214385676 3.68052 0.0331403
2.42843005755 3.69051 0.0348867
2.43467776878 3.69277 0.0353819
2.44097021258 3.70115 0.034468
2.44729898127 3.70399 0.0334726
2.45356911846 3.71432 0.0375805
2.45980003814 3.71843 0.0348116
2.4661092349 3.72642 0.0366296
2.47241430729 3.73041 0.0363727
2.47866355169 3.73868 0.039932
2.48493431628 3.74029 0.039881
2.49124283111 3.74411 0.0400027
2.49755537626 3.75457 0.0394237
2.50380379021 3.76208 0.043872
2.51005045336 3.77168 0.0437508
2.51638815336 3.77497 0.0440644
2.52269694929 3.77845 0.0513439
2.52891211798 3.78285 0.0459284
2.53519495098 3.78117 0.0454477
2.54155301509 3.79378 0.0438356
2.54783359884 3.79769 0.0488536
2.55402772623 3.80502 0.0563785
2.56033571996 3.80212 0.0537364
2.56672381747 3.81955 0.0519832
2.57294751341 3.80999 0.0603631
2.57911252531 3.81531 0.0563679
2.58547549612 3.83126 0.0621647
2.59185019505 3.83446 0.0566938
2.59805932148 3.83101 0.0600508
2.60429715989 3.84619 0.0579528
2.61067449751 3.85183 0.0638071
2.61693283418 3.84963 0.0777148
2.62300854502 3.84485 0.0776215
2.62939753095 3.85342 0.0755605
2.63591057571 3.86951 0.0777278
2.64202978624 3.8758 0.0761206
2.64803951219 3.87354 0.0881284
2.65454096229 3.87075 0.0829178
2.66118028258 3.87662 0.0937769
2.66719514746 3.88321 0.10761
2.67309090101 3.8881 0.0961746
2.67973176445 3.88674 0.104567
2.68646693102 3.89283 0.105947
2.69219835647 3.89211 0.122814
2.69796467721 3.87811 0.12894
2.70489193937 3.88258 0.125429
2.71182026315 3.87759 0.155373
2.71709790339 3.90745 0.185846
2.7227864466 3.91478 0.17687
2.72994784687 3.90635 0.178549
2.73706528781 3.93638 0.20703
2.74248820391 3.84871 0.353734
2.74787331837 3.92633 0.249919
2.75504313834 3.94798 0.29127
2.76219934437 3.84163 0.419508
2.76789278819 3.86931 0.789925
2.77283198247 3.87543 0.804522
2.77965581172 3.4669 2.02
2.78599582346 -16.7126 254.145
