0.0088996412247 -4.69902 0.377715
0.0150791221651 -4.0833 0.233737
0.0214479018646 -3.37241 0.141056
0.0278366077649 -2.74701 0.128807
0.034350997858 -2.15189 0.117074
0.0404788676143 -1.61593 0.0954849
0.0467671668358 -1.13967 0.0792162
0.0530822510177 -0.68612 0.0810348
0.0594536244094 -0.293881 0.0661628
0.0657622481459 0.0528672 0.0578483
0.071966329067 0.346414 0.053548
0.0782786091569 0.591941 0.0458753
0.0847039894583 0.800086 0.0423441
0.0909685462053 0.961877 0.0460982
0.0972078977683 1.08482 0.0393108
0.103476303896 1.20614 0.0337442
0.109757644425 1.29788 0.0331549
0.116054308478 1.37583 0.0324082
0.122366966654 1.44319 0.0287666
0.128681726309 1.4865 0.0314406
0.134950080166 1.51509 0.0287297
0.141194955884 1.52697 0.0269207
0.147513357575 1.52973 0.0251295
0.153786507425 1.53344 0.022043
0.160065754405 1.53735 0.0280364
0.166399116869 1.54131 0.0256214
0.172719564578 1.55239 0.023489
0.178976521338 1.56096 0.023898
0.185235369065 1.57158 0.0241892
0.191480678734 1.57392 0.0237797
0.197788986865 1.57992 0.0212111
0.204093773545 1.57547 0.0230832
0.210393930261 1.58157 0.0215783
0.216690970982 1.57687 0.0209588
0.222970028122 1.5805 0.019016
0.229262002709 1.58822 0.0227094
0.235514150837 1.59053 0.0200097
0.241791058382 1.5988 0.0206576
0.248085653944 1.60205 0.0203105
0.254349225687 1.61094 0.0195919
0.260633425188 1.61503 0.0173096
0.26692573709 1.61776 0.0184374
0.273242334314 1.62198 0.0155919
0.279552968008 1.62518 0.0184994
0.285836629231 1.62994 0.0185608
0.292087627139 1.6344 0.0177225
0.298344984444 1.63923 0.0182204
0.304638263941 1.64024 0.0182251
0.3109279127 1.64506 0.015899
0.317216817162 1.65392 0.0164088
0.323518756794 1.65643 0.0161739
0.329816821755 1.66186 0.0176887
0.336117642946 1.66799 0.0165578
0.342370037571 1.66942 0.0181673
0.348647819267 1.67532 0.0151961
0.354941161441 1.67814 0.0163669
0.361191693542 1.6806 0.016317
0.367476708956 1.68702 0.0164272
0.373764779528 1.69335 0.0159984
0.380065403148 1.69466 0.0169117
0.386353986126 1.69929 0.015436
0.392614018136 1.70663 0.0159287
0.398926450032 1.7088 0.0175662
0.405207324458 1.71328 0.0154137
0.411491647757 1.71415 0.0149763
0.417781427212 1.71834 0.0179077
0.424040064873 1.7245 0.0161893
0.430342569027 1.7287 0.015946
0.436635856026 1.73356 0.0158254
0.442899618322 1.73502 0.0153374
0.449163441853 1.74017 0.0167663
0.455441414625 1.74534 0.0151719
0.46176344703 1.7472 0.0154393
0.468064424202 1.75162 0.0145807
0.474348524276 1.75552 0.0163215
0.480635613682 1.76113 0.0130945
0.486901925839 1.76547 0.0148926
0.49316970996 1.76649 0.0166322
0.499450674714 1.77368 0.0147847
0.505715905134 1.77376 0.0147876
0.511992399627 1.77863 0.0161276
0.518312609777 1.7833 0.0145904
0.524608963803 1.78736 0.0130449
0.530875730848 1.79216 0.0137211
0.537157352795 1.79646 0.0137724
0.543457956378 1.79953 0.0151926
0.549743065239 1.80314 0.0151956
0.55599374275 1.80702 0.0158375
0.562285467661 1.81251 0.0160747
0.568601153723 1.81852 0.0142682
0.574880458942 1.81939 0.015444
0.581155021034 1.82239 0.0173327
0.587439449666 1.82922 0.0162216
0.59371762203 1.83133 0.0148015
0.599997195479 1.83591 0.0164368
0.606267911512 1.83978 0.0158249
0.612546957644 1.8435 0.0154871
0.618847773304 1.84913 0.0154414
0.625131056744 1.85317 0.0133491
0.631402745038 1.85638 0.0134358
0.637700356273 1.86139 0.014689
0.643985778331 1.8648 0.0135395
0.650268541717 1.86888 0.0135867
0.65655861177 1.87411 0.0149446
0.662836928236 1.87884 0.013881
0.669118544496 1.88155 0.0146881
0.675407019858 1.88665 0.0158236
0.681683551459 1.89041 0.0140143
0.687959253386 1.89596 0.0151177
0.694234431704 1.89801 0.0142403
0.700517540243 1.90297 0.013115
0.706812495661 1.90723 0.0139167
0.713101900967 1.91201 0.0152487
0.719391825117 1.91692 0.0135763
0.72568338076 1.92002 0.0143498
0.731965268271 1.92577 0.0141153
0.738250799048 1.92975 0.01274
0.744526584212 1.93433 0.0151751
0.750787110194 1.93912 0.0152563
0.757075846532 1.94208 0.0148156
0.76336412336 1.94901 0.0144786
0.769646295986 1.95178 0.015325
0.775939486518 1.95713 0.013859
0.782232914199 1.96235 0.0155545
0.788531493652 1.96665 0.0143059
0.794789656698 1.97263 0.0146484
0.801049109659 1.9743 0.0138199
0.807336406173 1.98046 0.0145531
0.813622948837 1.98446 0.0123781
0.819915299896 1.98995 0.0140357
0.826195263639 1.99479 0.0148138
0.832489707008 1.99842 0.0164811
0.838795930921 2.00445 0.0132586
0.84506346397 2.00906 0.0139192
0.851328286756 2.01398 0.013627
0.85761982639 2.01864 0.0154859
0.863905847706 2.02282 0.0146462
0.870183874549 2.02848 0.0140993
0.876464109608 2.03377 0.0147682
0.88275038734 2.0385 0.0147213
0.889033276839 2.04343 0.0150836
0.895308424711 2.04841 0.0137884
0.901595652167 2.05422 0.0130649
0.907883332809 2.05727 0.0144204
0.914174410632 2.06131 0.0138079
0.920463081772 2.06841 0.0134156
0.926743441526 2.074 0.0130178
0.933032419735 2.0799 0.0131061
0.939326578557 2.08458 0.0147367
0.94559748104 2.09008 0.014074
0.951866001855 2.0944 0.014803
0.958141325553 2.10034 0.0137557
0.964435094511 2.10524 0.014219
0.970735563357 2.11185 0.0137761
0.977008076845 2.11732 0.014092
0.983282332536 2.12172 0.0146366
0.989556969197 2.12619 0.0132825
0.995845630192 2.13239 0.0134426
1.00213621074 2.13891 0.0137043
1.00840482534 2.14376 0.0150838
1.01469414984 2.14986 0.0143431
1.02099255544 2.15617 0.0131046
1.02727398044 2.15981 0.0145438
1.0335591819 2.16588 0.0142489
1.03984755739 2.17197 0.0149519
1.04612697494 2.17845 0.0133391
1.05240343681 2.18291 0.0143723
1.05868070465 2.19032 0.0123349
1.06496433307 2.19623 0.0143557
1.07125677744 2.20157 0.0136052
1.0775440488 2.20632 0.0133018
1.08382482019 2.21456 0.0142073
1.09010802394 2.219 0.0146809
1.09638966596 2.22477 0.0135052
1.10268113206 2.22961 0.0135652
1.10896304759 2.23568 0.0146952
1.11522542846 2.24405 0.0126225
1.12150212761 2.24937 0.0138636
1.12779257382 2.25535 0.0132017
1.13408955267 2.26083 0.0135982
1.14036404965 2.26768 0.0139236
1.14663918032 2.27496 0.0132772
1.15294241299 2.28094 0.0135948
1.15922890675 2.28611 0.01202
1.16550872189 2.29338 0.013397
1.17179307626 2.30002 0.0141546
1.17808743637 2.30709 0.0146681
1.18436765425 2.31294 0.0132043
1.1906346423 2.31863 0.0132753
1.19691220883 2.3246 0.0133426
1.20320157735 2.33033 0.0151715
1.20948684444 2.33875 0.0121885
1.21576390207 2.3453 0.0138613
1.22204975517 2.34958 0.0134248
1.22834061662 2.35737 0.0133817
1.23463298658 2.36373 0.0136025
1.24090224718 2.37035 0.0126457
1.24717483914 2.37724 0.0135901
1.25346545993 2.38485 0.0134081
1.25974995189 2.39007 0.0134469
1.26603214313 2.39781 0.0136425
1.27231628847 2.40441 0.0134659
1.27860415506 2.41055 0.0139192
1.28488658893 2.41699 0.0137463
1.29117542007 2.42435 0.0137076
1.29746572637 2.43083 0.0132543
1.30374182701 2.43825 0.0130123
1.31001732292 2.44442 0.0137569
1.31630144766 2.45137 0.0134553
1.32258676036 2.45861 0.0139676
1.32886549245 2.4667 0.0142431
1.33514480495 2.47307 0.0136513
1.34144051627 2.47944 0.0124792
1.34773086842 2.48746 0.0140406
1.35400158999 2.49445 0.0129144
1.3602826093 2.5013 0.0136078
1.36656568646 2.50664 0.0126726
1.37285149848 2.51432 0.0138571
1.37913537293 2.52167 0.0143867
1.38540956715 2.52827 0.013445
1.39169864122 2.53586 0.0130627
1.39798445144 2.54215 0.0137847
1.40426788341 2.54963 0.0142754
1.41055477948 2.55718 0.0140986
1.41683783355 2.56393 0.014107
1.42311817719 2.5711 0.0133964
1.42939780116 2.5778 0.0135325
1.43568692182 2.58538 0.0141806
1.44197712177 2.59304 0.0134708
1.44825366785 2.59853 0.0138286
1.45453234897 2.60625 0.0149819
1.46081931915 2.61317 0.0141898
1.4671103644 2.61895 0.0136881
1.47339290895 2.62685 0.0141793
1.47966996524 2.63322 0.0143126
1.4859561446 2.63926 0.0131655
1.49223361076 2.64702 0.0133184
1.49850247038 2.65345 0.0126854
1.50478575205 2.66045 0.0130796
1.51107599189 2.66652 0.0138445
1.51736163499 2.67276 0.0141384
1.52364857097 2.67877 0.013567
1.52993803572 2.68724 0.0133809
1.53623017691 2.69266 0.0143353
1.54251071878 2.69919 0.0129743
1.54878396308 2.70596 0.0133039
1.55507306978 2.71223 0.0125748
1.56135732493 2.71761 0.0131662
1.56762912105 2.72365 0.0141431
1.5739136974 2.72983 0.0134898
1.58020354523 2.73708 0.0138558
1.58648539343 2.74072 0.0134824
1.59276001426 2.7466 0.0131908
1.59904643639 2.75345 0.0133782
1.60534213664 2.75876 0.014294
1.61161976836 2.76618 0.0147663
1.61789716835 2.77497 0.0126045
1.62418270854 2.7843 0.0130777
1.63046407995 2.79326 0.0139224
1.63674824683 2.80076 0.0136631
1.64303013827 2.8108 0.0138125
1.64930808063 2.82108 0.014004
1.65559224863 2.82835 0.0148406
1.66187827598 2.83504 0.0146314
1.66816823994 2.84554 0.0146172
1.6744495611 2.85367 0.0141318
1.68072138563 2.86227 0.0142257
1.68701215424 2.87083 0.0147608
1.6933074808 2.87841 0.0142002
1.69958064303 2.8871 0.0143542
1.70586179344 2.89354 0.0139827
1.71215172419 2.90313 0.014773
1.71843538617 2.91203 0.0145668
1.72471844694 2.91969 0.013603
1.73099491844 2.92826 0.0145228
1.73728636032 2.93709 0.0143767
1.74356630258 2.94369 0.0149007
1.74983600778 2.95227 0.014819
1.75612327869 2.96018 0.0137269
1.76241061606 2.96876 0.0142072
1.76869357896 2.97729 0.0153546
1.77497674839 2.9862 0.0145691
1.78126362161 2.99304 0.0160301
1.78754574761 3.00178 0.0145836
1.7938272923 3.00918 0.0138246
1.80010772174 3.01795 0.0163122
1.80639091391 3.02574 0.0144594
1.81267451427 3.03246 0.0149634
1.81895363524 3.03993 0.0141738
1.82523850291 3.04851 0.0160782
1.8315236862 3.05627 0.0159107
1.83781040898 3.06295 0.0140328
1.84409642612 3.07247 0.016589
1.8503769215 3.08092 0.0152556
1.85666074594 3.08906 0.0164087
1.86294359809 3.09614 0.0149085
1.86922204917 3.10504 0.0159906
1.87550781357 3.1121 0.0154445
1.88179499507 3.11918 0.0155727
1.88807781314 3.12705 0.0145496
1.89435244502 3.13536 0.0165554
1.90063796885 3.14406 0.0159224
1.90692833723 3.1526 0.0154824
1.91320221586 3.15942 0.0159437
1.91948223445 3.16639 0.0163108
1.92577010575 3.17655 0.0158423
1.93206491035 3.1828 0.0167517
1.93834071151 3.18948 0.0155665
1.94460828613 3.19788 0.0154939
1.9508968614 3.20613 0.0167151
1.95718811973 3.21478 0.0181624
1.96347509207 3.22045 0.0173523
1.9697553281 3.23016 0.0176852
1.9760413775 3.23871 0.0169069
1.98233260336 3.24505 0.0182293
1.98861171931 3.25199 0.0168516
1.99488792869 3.25927 0.0167276
2.00117304134 3.26668 0.0175442
2.00745262249 3.27706 0.01594
2.01372721862 3.28545 0.0171715
2.02001108039 3.28962 0.0169967
2.02630405283 3.29887 0.0177471
2.03258735828 3.30561 0.017735
2.03886100377 3.31346 0.0184394
2.04514489951 3.31981 0.0169589
2.05143683626 3.32729 0.0185788
2.05772382203 3.33478 0.0173995
2.0640044634 3.34096 0.0197899
2.07029278421 3.34933 0.0184665
2.07658471853 3.3574 0.0174599
2.08285424307 3.36511 0.0173382
2.08912259138 3.37282 0.0190794
2.09541730178 3.37789 0.0196316
2.10170304464 3.38749 0.0188228
2.10797273337 3.39232 0.0207303
2.11425579676 3.40058 0.018421
2.12053788985 3.40758 0.0193266
2.12682075079 3.41299 0.018537
2.13310670204 3.41891 0.0180075
2.13940011923 3.42668 0.0190666
2.14568939859 3.43527 0.0216115
2.15195789682 3.44105 0.0226121
2.15824033347 3.44625 0.0219368
2.16453048092 3.45465 0.0188045
2.17081716829 3.46003 0.0213086
2.17709912993 3.46708 0.0204347
2.18337674027 3.47381 0.0219884
2.18965452646 3.47921 0.0206421
2.19593814184 3.48722 0.0207862
2.20221722867 3.49192 0.0218142
2.20849850085 3.49813 0.0213099
2.21479372465 3.50715 0.0216971
2.22107581834 3.51442 0.0230346
2.22733812199 3.5224 0.022639
2.23362792264 3.52668 0.0204767
2.2399287897 3.5356 0.0222023
2.24620084223 3.54274 0.021341
2.2524810722 3.55207 0.0249735
2.25875993301 3.56051 0.0231266
2.26503776668 3.56726 0.0233152
2.27130391144 3.57733 0.0261471
2.27758972822 3.58849 0.0271521
2.28389830542 3.5984 0.0238896
2.29017001225 3.60826 0.0227212
2.29645357402 3.61853 0.0269219
2.30275372852 3.62425 0.0232969
2.30903325986 3.63365 0.0254139
2.31530674049 3.63847 0.0254541
2.32158490306 3.64816 0.0295619
2.3278758488 3.65687 0.0280021
2.33415543799 3.662 0.0273337
2.34041936871 3.67083 0.0280607
2.34670710068 3.67759 0.026156
2.3530032916 3.68421 0.0288183
2.35928989445 3.69275 0.0288045
2.36555387699 3.69813 0.0287141
2.37182578571 3.71289 0.0316304
2.3781409032 3.72019 0.030391
2.38442809259 3.7239 0.0288815
2.39069258243 3.72849 0.0300414
2.39698813839 3.73886 0.0301011
2.40330354843 3.74692 0.0326335
2.40957307365 3.75323 0.0297811
2.41583080138 3.76223 0.0319425
2.42214385676 3.76872 0.0307455
2.42843005755 3.77892 0.0331653
2.43467776878 3.78114 0.0325992
2.44097021258 3.78739 0.036459
2.44729898127 3.79802 0.0382399
2.45356911846 3.80432 0.0341033
2.45980003814 3.8043 0.0362032
2.4661092349 3.81631 0.0359804
2.47241430729 3.82172 0.0366607
2.47866355169 3.82926 0.0403747
2.48493431628 3.83481 0.0360856
2.49124283111 3.83995 0.0384447
2.49755537626 3.84786 0.0372779
2.50380379021 3.85587 0.0426608
2.51005045336 3.86134 0.0427891
2.51638815336 3.86916 0.0484909
2.52269694929 3.87483 0.0446452
2.52891211798 3.87746 0.0494191
2.53519495098 3.88137 0.04848
2.54155301509 3.88754 0.0454276
2.54783359884 3.89683 0.0475885
2.55402772623 3.90961 0.0535581
2.56033571996 3.90457 0.0571812
2.56672381747 3.91917 0.0518127
2.57294751341 3.91498 0.052154
2.57911252531 3.92215 0.0555298
2.58547549612 3.92961 0.060199
2.59185019505 3.93941 0.0577164
2.59805932148 3.93501 0.0645952
2.60429715989 3.95545 0.061981
2.61067449751 3.95193 0.0614395
2.61693283418 3.95097 0.0790497
2.62300854502 3.94446 0.0766693
2.62939753095 3.94429 0.0740428
2.63591057571 3.9705 0.0692111
2.64202978624 3.96943 0.0830749
2.64803951219 3.98164 0.092736
2.65454096229 3.98108 0.0816631
2.66118028258 3.98419 0.0923401
2.66719514746 3.98317 0.11403
2.67309090101 3.98469 0.106764
2.67973176445 3.99787 0.111951
2.68646693102 4.01144 0.106822
2.69219835647 3.99684 0.122077
2.69796467721 3.98887 0.123241
2.70489193937 3.98757 0.105593
2.71182026315 3.99528 0.145497
2.71709790339 3.99792 0.184519
2.7227864466 4.02236 0.171603
2.72994784687 4.03436 0.179354
2.73706528781 4.03549 0.217413
2.74248820391 3.92736 0.334196
2.74787331837 4.05884 0.245349
2.75504313834 4.0313 0.34936
2.76219934437 3.94894 0.427148
2.76789278819 3.91464 0.855367
2.77283198247 3.96651 0.871769
2.77965581172 3.81108 1.84488
2.78599582346 -4.71471 113.537
