0.0088996412247 -2.73935 0.270876
0.0150791221651 -2.38231 0.162386
0.0214479018646 -1.98075 0.0944864
0.0278366077649 -1.66311 0.0897072
0.034350997858 -1.35361 0.0818977
0.0404788676143 -1.08522 0.0691267
0.0467671668358 -0.844883 0.0596926
0.0530822510177 -0.620124 0.0647093
0.0594536244094 -0.415283 0.0485354
0.0657622481459 -0.234091 0.0464712
0.071966329067 -0.0660703 0.0447307
0.0782786091569 0.0851491 0.0383156
0.0847039894583 0.220284 0.0351087
0.0909685462053 0.337256 0.0387674
0.0972078977683 0.435779 0.0356059
0.103476303896 0.54397 0.0319134
0.109757644425 0.646516 0.0313184
0.116054308478 0.738727 0.0291107
0.122366966654 0.831086 0.0282679
0.128681726309 0.907896 0.0275979
0.134950080166 0.980126 0.0289964
0.141194955884 1.02831 0.0257436
0.147513357575 1.07568 0.023469
0.153786507425 1.11617 0.0189881
0.160065754405 1.15995 0.0246102
0.166399116869 1.19786 0.0229666
0.172719564578 1.24133 0.0207661
0.178976521338 1.27941 0.0217317
0.185235369065 1.3169 0.0192006
0.191480678734 1.3432 0.0202585
0.197788986865 1.37266 0.0199153
0.204093773545 1.38852 0.0209468
0.210393930261 1.41011 0.0165968
0.216690970982 1.41847 0.0193693
0.222970028122 1.43169 0.018618
0.229262002709 1.4525 0.0212122
0.235514150837 1.45972 0.0213081
0.241791058382 1.47447 0.0181033
0.248085653944 1.48442 0.0192533
0.254349225687 1.49836 0.0187457
0.260633425188 1.5067 0.0162746
0.26692573709 1.51386 0.0185877
0.273242334314 1.52066 0.0156739
0.279552968008 1.5269 0.0189219
0.285836629231 1.53133 0.0179708
0.292087627139 1.53508 0.0165963
0.298344984444 1.54268 0.0175385
0.304638263941 1.54755 0.017539
0.3109279127 1.55244 0.0154226
0.317216817162 1.56114 0.0156538
0.323518756794 1.56524 0.0162986
0.329816821755 1.56996 0.0162836
0.336117642946 1.57717 0.0154386
0.342370037571 1.58032 0.0182183
0.348647819267 1.58763 0.0160553
0.354941161441 1.59212 0.0166904
0.361191693542 1.59439 0.0152202
0.367476708956 1.60189 0.0152741
0.373764779528 1.61046 0.0160362
0.380065403148 1.61118 0.0163637
0.386353986126 1.61628 0.0156046
0.392614018136 1.62589 0.0157427
0.398926450032 1.62824 0.0160084
0.405207324458 1.63209 0.0148894
0.411491647757 1.63501 0.0159096
0.417781427212 1.64363 0.0177655
0.424040064873 1.64803 0.0161209
0.430342569027 1.65408 0.0162375
0.436635856026 1.66015 0.0155853
0.442899618322 1.66442 0.0159342
0.449163441853 1.67013 0.0167823
0.455441414625 1.67545 0.0142238
0.46176344703 1.67994 0.0152064
0.468064424202 1.68575 0.0144626
0.474348524276 1.68931 0.0163686
0.480635613682 1.69744 0.0140045
0.486901925839 1.70223 0.0136156
0.49316970996 1.70512 0.0163065
0.499450674714 1.71344 0.0152466
0.505715905134 1.71441 0.0149035
0.511992399627 1.71883 0.0164149
0.518312609777 1.7254 0.0144094
0.524608963803 1.73002 0.0139963
0.530875730848 1.73595 0.014366
0.537157352795 1.743 0.0143246
0.543457956378 1.74642 0.0158627
0.549743065239 1.7498 0.0152224
0.55599374275 1.75535 0.0140407
0.562285467661 1.7631 0.0144199
0.568601153723 1.7697 0.0141819
0.574880458942 1.77111 0.0144059
0.581155021034 1.77604 0.0170061
0.587439449666 1.78255 0.0157984
0.59371762203 1.78611 0.0140842
0.599997195479 1.79207 0.0162922
0.606267911512 1.79453 0.0136106
0.612546957644 1.80014 0.015124
0.618847773304 1.80671 0.0147442
0.625131056744 1.81179 0.01365
0.631402745038 1.81628 0.0130338
0.637700356273 1.82179 0.0142704
0.643985778331 1.82622 0.0141128
0.650268541717 1.8307 0.0137256
0.65655861177 1.83639 0.0153004
0.662836928236 1.84179 0.0144171
0.669118544496 1.84537 0.0146622
0.675407019858 1.85204 0.0156614
0.681683551459 1.85526 0.0144993
0.687959253386 1.86287 0.0162685
0.694234431704 1.86607 0.0142118
0.700517540243 1.87127 0.0128098
0.706812495661 1.87411 0.0136967
0.713101900967 1.88089 0.014991
0.719391825117 1.88713 0.0128274
0.72568338076 1.89091 0.0157856
0.731965268271 1.89674 0.0138696
0.738250799048 1.90053 0.0134489
0.744526584212 1.90662 0.0146608
0.750787110194 1.91243 0.0151225
0.757075846532 1.91518 0.0140079
0.76336412336 1.92303 0.0150364
0.769646295986 1.928 0.0149389
0.775939486518 1.93272 0.0130555
0.782232914199 1.93912 0.0145033
0.788531493652 1.94377 0.0143963
0.794789656698 1.95007 0.0140144
0.801049109659 1.9523 0.0136636
0.807336406173 1.95892 0.0134548
0.813622948837 1.96344 0.0121773
0.819915299896 1.96939 0.0145863
0.826195263639 1.97499 0.0150285
0.832489707008 1.9789 0.0159511
0.838795930921 1.98515 0.0131527
0.84506346397 1.99035 0.0134734
0.851328286756 1.99619 0.0133646
0.85761982639 2.00102 0.0155706
0.863905847706 2.00608 0.0140336
0.870183874549 2.01203 0.0131674
0.876464109608 2.01799 0.0143154
0.88275038734 2.02286 0.0146729
0.889033276839 2.02845 0.0149879
0.895308424711 2.03394 0.0136176
0.901595652167 2.03957 0.0128685
0.907883332809 2.04429 0.0147215
0.914174410632 2.04824 0.0139408
0.920463081772 2.05555 0.0135586
0.926743441526 2.0614 0.0136928
0.933032419735 2.06875 0.0135463
0.939326578557 2.07287 0.0144775
0.94559748104 2.07855 0.013373
0.951866001855 2.08359 0.0143865
0.958141325553 2.08899 0.0135769
0.964435094511 2.09463 0.0142726
0.970735563357 2.10205 0.0134938
0.977008076845 2.10832 0.0136665
0.983282332536 2.11252 0.0140152
0.989556969197 2.1185 0.0132123
0.995845630192 2.12459 0.0129908
1.00213621074 2.13075 0.0141926
1.00840482534 2.13661 0.0148704
1.01469414984 2.14189 0.0145408
1.02099255544 2.14963 0.0128224
1.02727398044 2.15312 0.0146219
1.0335591819 2.1599 0.0144418
1.03984755739 2.16595 0.0147289
1.04612697494 2.17201 0.0133524
1.05240343681 2.17738 0.0136212
1.05868070465 2.18548 0.0130006
1.06496433307 2.19132 0.014033
1.07125677744 2.19698 0.0138538
1.0775440488 2.20196 0.0128343
1.08382482019 2.2109 0.0141272
1.09010802394 2.21495 0.0146112
1.09638966596 2.22199 0.0137755
1.10268113206 2.22689 0.0136756
1.10896304759 2.23279 0.0141499
1.11522542846 2.24105 0.0125699
1.12150212761 2.24725 0.0137756
1.12779257382 2.25301 0.0130458
1.13408955267 2.25987 0.012657
1.14036404965 2.26544 0.0135028
1.14663918032 2.27283 0.0134203
1.15294241299 2.27903 0.0134476
1.15922890675 2.28489 0.0125184
1.16550872189 2.29161 0.0135223
1.17179307626 2.29884 0.0141287
1.17808743637 2.30647 0.0140916
1.18436765425 2.3123 0.0137084
1.1906346423 2.31866 0.013271
1.19691220883 2.32476 0.0130019
1.20320157735 2.33045 0.014935
1.20948684444 2.33933 0.0120259
1.21576390207 2.34641 0.0134672
1.22204975517 2.35072 0.013423
1.22834061662 2.35865 0.0134209
1.23463298658 2.36433 0.0131401
1.24090224718 2.3721 0.0128501
1.24717483914 2.379 0.0131719
1.25346545993 2.38608 0.0136491
1.25974995189 2.39188 0.0130983
1.26603214313 2.4001 0.0137236
1.27231628847 2.40606 0.0138756
1.27860415506 2.41319 0.0134902
1.28488658893 2.41972 0.0135651
1.29117542007 2.42698 0.0129919
1.29746572637 2.43358 0.013157
1.30374182701 2.44072 0.0128582
1.31001732292 2.4478 0.0139827
1.31630144766 2.45459 0.0134363
1.32258676036 2.46248 0.0139022
1.32886549245 2.46949 0.0134871
1.33514480495 2.47685 0.0133792
1.34144051627 2.48329 0.0131312
1.34773086842 2.49065 0.0143466
1.35400158999 2.49825 0.0126092
1.3602826093 2.50556 0.0134978
1.36656568646 2.51132 0.0124703
1.37285149848 2.51834 0.0134637
1.37913537293 2.52581 0.0139918
1.38540956715 2.53236 0.0134048
1.39169864122 2.54055 0.0126747
1.39798445144 2.54647 0.0134518
1.40426788341 2.55421 0.0131535
1.41055477948 2.56178 0.0135352
1.41683783355 2.56888 0.0139237
1.42311817719 2.57578 0.0130937
1.42939780116 2.58279 0.0130515
1.43568692182 2.5903 0.0138105
1.44197712177 2.59775 0.0134435
1.44825366785 2.60378 0.0139789
1.45453234897 2.61192 0.0148147
1.46081931915 2.61848 0.0137711
1.4671103644 2.62493 0.0136122
1.47339290895 2.63231 0.0139079
1.47966996524 2.63947 0.0138259
1.4859561446 2.6454 0.0128884
1.49223361076 2.65295 0.0133218
1.49850247038 2.65934 0.0122551
1.50478575205 2.6657 0.0132495
1.51107599189 2.67261 0.0134216
1.51736163499 2.67917 0.0135146
1.52364857097 2.68541 0.0133297
1.52993803572 2.69367 0.0131783
1.53623017691 2.69897 0.0138282
1.54251071878 2.70622 0.0132602
1.54878396308 2.71267 0.0138731
1.55507306978 2.7185 0.0129542
1.56135732493 2.7247 0.0131005
1.56762912105 2.73058 0.01432
1.5739136974 2.73633 0.0135719
1.58020354523 2.74377 0.0132191
1.58648539343 2.7477 0.0141014
1.59276001426 2.75336 0.0125461
1.59904643639 2.76032 0.0141848
1.60534213664 2.76591 0.0138598
1.61161976836 2.77338 0.0145904
1.61789716835 2.78172 0.012869
1.62418270854 2.79085 0.0130029
1.63046407995 2.80037 0.0142717
1.63674824683 2.80859 0.0140416
1.64303013827 2.81871 0.0142492
1.64930808063 2.82831 0.0140683
1.65559224863 2.83605 0.0140163
1.66187827598 2.8429 0.0144535
1.66816823994 2.85312 0.0146155
1.6744495611 2.86168 0.014012
1.68072138563 2.8696 0.0137866
1.68701215424 2.87767 0.0145888
1.6933074808 2.88566 0.0136252
1.69958064303 2.894 0.0151114
1.70586179344 2.90108 0.0147179
1.71215172419 2.91132 0.0150196
1.71843538617 2.91991 0.014208
1.72471844694 2.92825 0.0140089
1.73099491844 2.93627 0.0146894
1.73728636032 2.94504 0.0140217
1.74356630258 2.9523 0.0146332
1.74983600778 2.95985 0.0146944
1.75612327869 2.96892 0.0135845
1.76241061606 2.97649 0.0140202
1.76869357896 2.98531 0.0157317
1.77497674839 2.99408 0.0142883
1.78126362161 3.00115 0.0158641
1.78754574761 3.00995 0.0149214
1.7938272923 3.01784 0.0139565
1.80010772174 3.02672 0.0161922
1.80639091391 3.03475 0.0152619
1.81267451427 3.04043 0.0145208
1.81895363524 3.04737 0.0153852
1.82523850291 3.05621 0.0162954
1.8315236862 3.0643 0.0165354
1.83781040898 3.0716 0.0132868
1.84409642612 3.08138 0.0163866
1.8503769215 3.08959 0.0155398
1.85666074594 3.09729 0.016315
1.86294359809 3.10456 0.0149726
1.86922204917 3.11362 0.0154338
1.87550781357 3.12052 0.015274
1.88179499507 3.12791 0.0161893
1.88807781314 3.13516 0.0162339
1.89435244502 3.14348 0.0161385
1.90063796885 3.15228 0.0159109
1.90692833723 3.16094 0.0168442
1.91320221586 3.168 0.0165374
1.91948223445 3.17501 0.016219
1.92577010575 3.18498 0.0152992
1.93206491035 3.19183 0.0170171
1.93834071151 3.19819 0.0162515
1.94460828613 3.20659 0.0158972
1.9508968614 3.21488 0.0177088
1.95718811973 3.2234 0.0176979
1.96347509207 3.22919 0.0171104
1.9697553281 3.23887 0.0174913
1.9760413775 3.24698 0.0157116
1.98233260336 3.25376 0.0170373
1.98861171931 3.2612 0.0170113
1.99488792869 3.2686 0.0168016
2.00117304134 3.27585 0.0170276
2.00745262249 3.28609 0.0168662
2.01372721862 3.29348 0.0173266
2.02001108039 3.29837 0.0166214
2.02630405283 3.30775 0.0170931
2.03258735828 3.31453 0.0182322
2.03886100377 3.32288 0.0191754
2.04514489951 3.32829 0.0162425
2.05143683626 3.33711 0.0190742
2.05772382203 3.34361 0.0169438
2.0640044634 3.35008 0.0199621
2.07029278421 3.35843 0.0180131
2.07658471853 3.36623 0.0176042
2.08285424307 3.37416 0.0175563
2.08912259138 3.38212 0.0190164
2.09541730178 3.38674 0.0190991
2.10170304464 3.39779 0.0181976
2.10797273337 3.40153 0.0211038
2.11425579676 3.4103 0.0195999
2.12053788985 3.41675 0.0189591
2.12682075079 3.42316 0.0179565
2.13310670204 3.42815 0.0185072
2.13940011923 3.43533 0.0184479
2.14568939859 3.44492 0.0221269
2.15195789682 3.45084 0.0211576
2.15824033347 3.45626 0.0216764
2.16453048092 3.46406 0.0184572
2.17081716829 3.46999 0.0212429
2.17709912993 3.47669 0.0196712
2.18337674027 3.48325 0.0220633
2.18965452646 3.48833 0.0193843
2.19593814184 3.49618 0.0206265
2.20221722867 3.50261 0.0222229
2.20849850085 3.50901 0.0209779
2.21479372465 3.51731 0.0216952
2.22107581834 3.52436 0.0216178
2.22733812199 3.53229 0.0219069
2.23362792264 3.53692 0.0212005
2.2399287897 3.54541 0.0241176
2.24620084223 3.55367 0.0205446
2.2524810722 3.56095 0.0241404
2.25875993301 3.57121 0.0240855
2.26503776668 3.57633 0.0245198
2.27130391144 3.58598 0.025273
2.27758972822 3.60074 0.025002
2.28389830542 3.60638 0.0238984
2.29017001225 3.61685 0.0261085
2.29645357402 3.62925 0.0262567
2.30275372852 3.63506 0.02191
2.30903325986 3.64245 0.026546
2.31530674049 3.64933 0.0250967
2.32158490306 3.65913 0.0276011
2.3278758488 3.66562 0.0291687
2.33415543799 3.67155 0.0270478
2.34041936871 3.68371 0.0275786
2.34670710068 3.68974 0.0284505
2.3530032916 3.69606 0.027751
2.35928989445 3.70594 0.0288823
2.36555387699 3.71 0.0293878
2.37182578571 3.72168 0.0334989
2.3781409032 3.72977 0.0284739
2.38442809259 3.73635 0.0301073
2.39069258243 3.73888 0.0285984
2.39698813839 3.74811 0.0289352
2.40330354843 3.75757 0.0318232
2.40957307365 3.76352 0.0295199
2.41583080138 3.7719 0.0322706
2.42214385676 3.77698 0.0300964
2.42843005755 3.78939 0.034662
2.43467776878 3.79162 0.0292694
2.44097021258 3.80095 0.0355929
2.44729898127 3.80599 0.0390491
2.45356911846 3.8144 0.0341101
2.45980003814 3.81833 0.0365429
2.4661092349 3.82825 0.0357224
2.47241430729 3.83107 0.035424
2.47866355169 3.83852 0.0393036
2.48493431628 3.84357 0.0386801
2.49124283111 3.85078 0.0366562
2.49755537626 3.86184 0.0361557
2.50380379021 3.86579 0.0372731
2.51005045336 3.87477 0.047148
2.51638815336 3.88014 0.04845
2.52269694929 3.88858 0.0431484
2.52891211798 3.88918 0.0492926
2.53519495098 3.89245 0.0438306
2.54155301509 3.90609 0.0455401
2.54783359884 3.90787 0.0440892
2.55402772623 3.91693 0.0594659
2.56033571996 3.91583 0.0518745
2.56672381747 3.93052 0.0502742
2.57294751341 3.92404 0.0516321
2.57911252531 3.9304 0.0573672
2.58547549612 3.93856 0.0601417
2.59185019505 3.94886 0.0582781
2.59805932148 3.94988 0.0591998
2.60429715989 3.96134 0.0667985
2.61067449751 3.96336 0.0621332
2.61693283418 3.96158 0.0709375
2.62300854502 3.96185 0.0709562
2.62939753095 3.96066 0.0734669
2.63591057571 3.98436 0.0738039
2.64202978624 3.98743 0.0725054
2.64803951219 3.98921 0.0879927
2.65454096229 3.98723 0.0763472
2.66118028258 3.99907 0.0899948
2.66719514746 3.99938 0.110347
2.67309090101 4.0013 0.101985
2.67973176445 4.0097 0.116171
2.68646693102 4.01398 0.103112
2.69219835647 4.00935 0.118904
2.69796467721 3.99218 0.113213
2.70489193937 4.00364 0.111536
2.71182026315 4.01513 0.137734
2.71709790339 4.0238 0.171479
2.7227864466 4.02997 0.174358
2.72994784687 4.03775 0.176996
2.73706528781 4.0422 0.209698
2.74248820391 3.95041 0.328696
2.74787331837 4.07402 0.254978
2.75504313834 4.06309 0.350548
2.76219934437 3.94907 0.417815
2.76789278819 3.92588 0.769433
2.77283198247 3.98649 0.887401
2.77965581172 3.91564 1.93772
2.78599582346 -8.64191 101.989
