0.0088996412247 5.80035 0.299853
0.0150791221651 5.75269 0.175391
0.0214479018646 5.56416 0.113037
0.0278366077649 5.40167 0.0958153
0.034350997858 5.1689 0.0952082
0.0404788676143 4.91877 0.0830162
0.0467671668358 4.65968 0.0706397
0.0530822510177 4.37652 0.0734164
0.0594536244094 4.08659 0.0606907
0.0657622481459 3.80471 0.0528304
0.071966329067 3.54831 0.0491851
0.0782786091569 3.30604 0.0470678
0.0847039894583 3.07553 0.0433944
0.0909685462053 2.88668 0.0450852
0.0972078977683 2.73068 0.0417017
0.103476303896 2.57129 0.032201
0.109757644425 2.44262 0.0351765
0.116054308478 2.33 0.0299165
0.122366966654 2.23264 0.0318096
0.128681726309 2.15964 0.0290541
0.134950080166 2.10934 0.0291305
0.141194955884 2.08177 0.027035
0.147513357575 2.07117 0.0242242
0.153786507425 2.0617 0.0257697
0.160065754405 2.0534 0.0265007
0.166399116869 2.05288 0.0241814
0.172719564578 2.046 0.0205337
0.178976521338 2.03977 0.0223202
0.185235369065 2.03619 0.0219739
0.191480678734 2.03934 0.0218059
0.197788986865 2.04393 0.0201525
0.204093773545 2.04883 0.0207678
0.210393930261 2.05123 0.0193545
0.216690970982 2.05933 0.0193845
0.222970028122 2.05887 0.0190146
0.229262002709 2.05761 0.022062
0.235514150837 2.05669 0.0191075
0.241791058382 2.05737 0.0191522
0.248085653944 2.05726 0.0178021
0.254349225687 2.05118 0.019459
0.260633425188 2.05077 0.0177919
0.26692573709 2.05105 0.0185624
0.273242334314 2.05249 0.0172538
0.279552968008 2.0519 0.0181465
0.285836629231 2.04894 0.0199594
0.292087627139 2.04912 0.0182661
0.298344984444 2.0485 0.0181442
0.304638263941 2.04327 0.0187148
0.3109279127 2.04588 0.01744
0.317216817162 2.04006 0.0175017
0.323518756794 2.03786 0.0183614
0.329816821755 2.03972 0.0167137
0.336117642946 2.03893 0.0170552
0.342370037571 2.03698 0.0170112
0.348647819267 2.03335 0.0166799
0.354941161441 2.03146 0.0181335
0.361191693542 2.03076 0.0153813
0.367476708956 2.03004 0.0162982
0.373764779528 2.02723 0.0161623
0.380065403148 2.02429 0.0170553
0.386353986126 2.02686 0.0146118
0.392614018136 2.02207 0.014988
0.398926450032 2.02396 0.0155088
0.405207324458 2.02042 0.0163576
0.411491647757 2.02306 0.0144418
0.417781427212 2.01856 0.015618
0.424040064873 2.01935 0.0176072
0.430342569027 2.01656 0.0174999
0.436635856026 2.01715 0.0185848
0.442899618322 2.0152 0.01559
0.449163441853 2.01399 0.0152744
0.455441414625 2.01259 0.0172175
0.46176344703 2.01414 0.0166995
0.468064424202 2.0109 0.0171741
0.474348524276 2.01154 0.0157603
0.480635613682 2.01068 0.0162744
0.486901925839 2.0111 0.0157573
0.49316970996 2.00964 0.0163596
0.499450674714 2.00968 0.0167319
0.505715905134 2.00691 0.0158928
0.511992399627 2.0107 0.0160222
0.518312609777 2.00786 0.0171326
0.524608963803 2.00626 0.0150619
0.530875730848 2.00839 0.0155928
0.537157352795 2.00613 0.0169606
0.543457956378 2.00804 0.0147985
0.549743065239 2.00589 0.0142156
0.55599374275 2.00739 0.0136188
0.562285467661 2.00751 0.0141603
0.568601153723 2.00651 0.0148023
0.574880458942 2.00737 0.0163701
0.581155021034 2.00768 0.0146028
0.587439449666 2.00676 0.01658
0.59371762203 2.00687 0.0149101
0.599997195479 2.00956 0.0170459
0.606267911512 2.00799 0.0149107
0.612546957644 2.00819 0.0151636
0.618847773304 2.01002 0.0165676
0.625131056744 2.01035 0.0160429
0.631402745038 2.01084 0.0167622
0.637700356273 2.01123 0.0167835
0.643985778331 2.01202 0.0157914
0.650268541717 2.01351 0.0160905
0.65655861177 2.01373 0.0147036
0.662836928236 2.01551 0.0166023
0.669118544496 2.01667 0.0162991
0.675407019858 2.01822 0.0151334
0.681683551459 2.0175 0.0165965
0.687959253386 2.01859 0.01541
0.694234431704 2.02159 0.0146142
0.700517540243 2.02371 0.0164419
0.706812495661 2.02478 0.0148248
0.713101900967 2.02609 0.0150095
0.719391825117 2.02727 0.0164359
0.72568338076 2.02707 0.0160667
0.731965268271 2.0299 0.0164182
0.738250799048 2.03274 0.0162337
0.744526584212 2.03418 0.0145147
0.750787110194 2.03474 0.015561
0.757075846532 2.03626 0.0165324
0.76336412336 2.04003 0.0148001
0.769646295986 2.04283 0.0163185
0.775939486518 2.04446 0.0159282
0.782232914199 2.04825 0.0162094
0.788531493652 2.0488 0.0164
0.794789656698 2.05006 0.0168087
0.801049109659 2.05323 0.0154663
0.807336406173 2.05665 0.0153243
0.813622948837 2.05877 0.0164164
0.819915299896 2.06208 0.0148598
0.826195263639 2.06444 0.0168103
0.832489707008 2.0673 0.0145435
0.838795930921 2.06914 0.0162447
0.84506346397 2.07218 0.0154951
0.851328286756 2.07419 0.0146271
0.85761982639 2.07857 0.014645
0.863905847706 2.08113 0.0160383
0.870183874549 2.08381 0.0147755
0.876464109608 2.08759 0.0159559
0.88275038734 2.09032 0.0158628
0.889033276839 2.09355 0.0159502
0.895308424711 2.09615 0.0146275
0.901595652167 2.10006 0.0148281
0.907883332809 2.10388 0.0158859
0.914174410632 2.10708 0.0138401
0.920463081772 2.11111 0.0151007
0.926743441526 2.11491 0.0156147
0.933032419735 2.11633 0.0155981
0.939326578557 2.12053 0.0151082
0.94559748104 2.12495 0.0148493
0.951866001855 2.12858 0.0160322
0.958141325553 2.13079 0.0161676
0.964435094511 2.13854 0.0156049
0.970735563357 2.14153 0.0150148
0.977008076845 2.14464 0.0144467
0.983282332536 2.14866 0.0157796
0.989556969197 2.15339 0.0148267
0.995845630192 2.15873 0.0157892
1.00213621074 2.16216 0.0143147
1.00840482534 2.16653 0.0154091
1.01469414984 2.17032 0.0152602
1.02099255544 2.17564 0.0137938
1.02727398044 2.17983 0.015327
1.0335591819 2.18447 0.0156272
1.03984755739 2.18877 0.0152474
1.04612697494 2.19398 0.0151902
1.05240343681 2.19849 0.0151796
1.05868070465 2.20287 0.015168
1.06496433307 2.20706 0.0151244
1.07125677744 2.21123 0.0141505
1.0775440488 2.21794 0.0146752
1.08382482019 2.2216 0.0149365
1.09010802394 2.22682 0.01466
1.09638966596 2.23216 0.013543
1.10268113206 2.23671 0.0143984
1.10896304759 2.24246 0.0146764
1.11522542846 2.24727 0.0148331
1.12150212761 2.25186 0.0163829
1.12779257382 2.25842 0.0154104
1.13408955267 2.26412 0.0145751
1.14036404965 2.26853 0.0132437
1.14663918032 2.27407 0.0146378
1.15294241299 2.27932 0.015131
1.15922890675 2.28408 0.0152555
1.16550872189 2.29116 0.0149526
1.17179307626 2.29565 0.0157175
1.17808743637 2.30176 0.0138945
1.18436765425 2.30632 0.015633
1.1906346423 2.31456 0.0141555
1.19691220883 2.31903 0.0150446
1.20320157735 2.32435 0.014568
1.20948684444 2.33092 0.0157302
1.21576390207 2.3361 0.0148358
1.22204975517 2.34256 0.0166784
1.22834061662 2.34726 0.0142074
1.23463298658 2.35426 0.0134772
1.24090224718 2.36045 0.0156522
1.24717483914 2.36582 0.0130334
1.25346545993 2.37189 0.0145852
1.25974995189 2.37805 0.0149355
1.26603214313 2.38445 0.0140623
1.27231628847 2.39054 0.0134979
1.27860415506 2.39616 0.0141375
1.28488658893 2.40225 0.013799
1.29117542007 2.40995 0.0134247
1.29746572637 2.41525 0.0143102
1.30374182701 2.42168 0.0145388
1.31001732292 2.42757 0.0129439
1.31630144766 2.43453 0.0134687
1.32258676036 2.4414 0.0142665
1.32886549245 2.44793 0.0139524
1.33514480495 2.45349 0.0132098
1.34144051627 2.45933 0.0138447
1.34773086842 2.46751 0.0143241
1.35400158999 2.47337 0.0127926
1.3602826093 2.47989 0.0152882
1.36656568646 2.48642 0.0147327
1.37285149848 2.49235 0.0144458
1.37913537293 2.50006 0.0139621
1.38540956715 2.50642 0.0137718
1.39169864122 2.51378 0.0138733
1.39798445144 2.51932 0.0132931
1.40426788341 2.52632 0.0150495
1.41055477948 2.53232 0.0140505
1.41683783355 2.53918 0.013789
1.42311817719 2.54636 0.0149203
1.42939780116 2.55125 0.0137398
1.43568692182 2.5602 0.0148094
1.44197712177 2.56538 0.0145657
1.44825366785 2.57271 0.0147498
1.45453234897 2.57837 0.0151519
1.46081931915 2.58681 0.014968
1.4671103644 2.59359 0.0135862
1.47339290895 2.59899 0.0131669
1.47966996524 2.60569 0.013492
1.4859561446 2.61229 0.0151938
1.49223361076 2.61825 0.0136191
1.49850247038 2.62435 0.0153644
1.50478575205 2.63154 0.0145047
1.51107599189 2.63785 0.0135061
1.51736163499 2.64355 0.0133537
1.52364857097 2.64991 0.015021
1.52993803572 2.65635 0.0158286
1.53623017691 2.66384 0.0142675
1.54251071878 2.66794 0.0127428
1.54878396308 2.67531 0.0147717
1.55507306978 2.68078 0.0139327
1.56135732493 2.68787 0.0127737
1.56762912105 2.69272 0.0148338
1.5739136974 2.69935 0.0147577
1.58020354523 2.70421 0.0148773
1.58648539343 2.71042 0.0143671
1.59276001426 2.71607 0.0148609
1.59904643639 2.72182 0.0143105
1.60534213664 2.72651 0.0154704
1.61161976836 2.73281 0.0157398
1.61789716835 2.74207 0.0148666
1.62418270854 2.74979 0.0148503
1.63046407995 2.76027 0.0144851
1.63674824683 2.76923 0.0156378
1.64303013827 2.77669 0.0144446
1.64930808063 2.78583 0.0159338
1.65559224863 2.79397 0.0149889
1.66187827598 2.80259 0.0149265
1.66816823994 2.81068 0.0150421
1.6744495611 2.81899 0.0151357
1.68072138563 2.82744 0.014627
1.68701215424 2.83706 0.0157837
1.6933074808 2.84487 0.015185
1.69958064303 2.85172 0.0157825
1.70586179344 2.86082 0.0155948
1.71215172419 2.86946 0.0148933
1.71843538617 2.87671 0.0147968
1.72471844694 2.88442 0.0157909
1.73099491844 2.89267 0.0154431
1.73728636032 2.90106 0.0168094
1.74356630258 2.90901 0.0154339
1.74983600778 2.91697 0.0151643
1.75612327869 2.92447 0.014872
1.76241061606 2.93309 0.0162769
1.76869357896 2.9392 0.0151752
1.77497674839 2.94877 0.0170886
1.78126362161 2.95648 0.01483
1.78754574761 2.96324 0.0158441
1.7938272923 2.9724 0.0159202
1.80010772174 2.98188 0.0168652
1.80639091391 2.98672 0.0156112
1.81267451427 2.99452 0.015276
1.81895363524 3.00333 0.0161757
1.82523850291 3.01113 0.0164708
1.8315236862 3.01896 0.0162946
1.83781040898 3.02767 0.0162743
1.84409642612 3.03506 0.0170176
1.8503769215 3.04233 0.0159241
1.85666074594 3.04954 0.0166189
1.86294359809 3.05752 0.0180466
1.86922204917 3.06468 0.0170121
1.87550781357 3.07322 0.0154447
1.88179499507 3.08334 0.0165189
1.88807781314 3.08715 0.0179185
1.89435244502 3.09643 0.0161179
1.90063796885 3.10416 0.01642
1.90692833723 3.1131 0.0148795
1.91320221586 3.11906 0.017062
1.91948223445 3.12799 0.0163234
1.92577010575 3.13472 0.0177086
1.93206491035 3.14324 0.0164122
1.93834071151 3.1507 0.0166832
1.94460828613 3.15868 0.0183273
1.9508968614 3.16598 0.0149945
1.95718811973 3.17437 0.0161146
1.96347509207 3.18173 0.0150365
1.9697553281 3.18891 0.0176086
1.9760413775 3.196 0.0182862
1.98233260336 3.20368 0.0173365
1.98861171931 3.21161 0.016727
1.99488792869 3.2192 0.0180969
2.00117304134 3.22609 0.0172601
2.00745262249 3.23419 0.0181423
2.01372721862 3.23976 0.0193752
2.02001108039 3.2484 0.0173733
2.02630405283 3.2549 0.0185876
2.03258735828 3.26213 0.019569
2.03886100377 3.26962 0.0190775
2.04514489951 3.27771 0.0186647
2.05143683626 3.28614 0.0193876
2.05772382203 3.2926 0.0192665
2.0640044634 3.29859 0.0198279
2.07029278421 3.30448 0.018515
2.07658471853 3.31332 0.0186257
2.08285424307 3.318 0.020554
2.08912259138 3.32482 0.0206467
2.09541730178 3.33263 0.0189258
2.10170304464 3.34066 0.0209829
2.10797273337 3.34652 0.0203925
2.11425579676 3.35446 0.0205767
2.12053788985 3.35901 0.0184869
2.12682075079 3.36779 0.0194554
2.13310670204 3.37455 0.0202493
2.13940011923 3.38092 0.0203006
2.14568939859 3.3887 0.0211852
2.15195789682 3.39448 0.0205272
2.15824033347 3.3987 0.0208336
2.16453048092 3.40436 0.0206823
2.17081716829 3.41272 0.0213793
2.17709912993 3.41999 0.0229421
2.18337674027 3.42824 0.0212949
2.18965452646 3.43119 0.0198052
2.19593814184 3.43781 0.0208327
2.20221722867 3.44599 0.0216586
2.20849850085 3.45381 0.0210071
2.21479372465 3.45697 0.0237997
2.22107581834 3.46854 0.0227115
2.22733812199 3.47233 0.0228165
2.23362792264 3.47835 0.0223578
2.2399287897 3.489 0.0211842
2.24620084223 3.49172 0.0220849
2.2524810722 3.50068 0.0248265
2.25875993301 3.51071 0.0239931
2.26503776668 3.51949 0.026936
2.27130391144 3.53026 0.0245723
2.27758972822 3.53759 0.0230991
2.28389830542 3.54711 0.0258961
2.29017001225 3.5544 0.0277165
2.29645357402 3.5616 0.027226
2.30275372852 3.57201 0.0275206
2.30903325986 3.58045 0.0277868
2.31530674049 3.58561 0.0231464
2.32158490306 3.59797 0.0314569
2.3278758488 3.6007 0.0300682
2.33415543799 3.61129 0.0284412
2.34041936871 3.61766 0.0268945
2.34670710068 3.62286 0.0269917
2.3530032916 3.63274 0.0313786
2.35928989445 3.6431 0.0327663
2.36555387699 3.65152 0.0315288
2.37182578571 3.65477 0.0328571
2.3781409032 3.65794 0.0318853
2.38442809259 3.66992 0.0318977
2.39069258243 3.67497 0.0317745
2.39698813839 3.6812 0.0321746
2.40330354843 3.69278 0.0355455
2.40957307365 3.69241 0.03705
2.41583080138 3.70762 0.035042
2.42214385676 3.70959 0.0345909
2.42843005755 3.7148 0.0349625
2.43467776878 3.72203 0.0418989
2.44097021258 3.72995 0.0362026
2.44729898127 3.73481 0.0361452
2.45356911846 3.7408 0.0401107
2.45980003814 3.75218 0.0379237
2.4661092349 3.75263 0.0384801
2.47241430729 3.76076 0.0426484
2.47866355169 3.76651 0.0391344
2.48493431628 3.77322 0.0443397
2.49124283111 3.77807 0.0392915
2.49755537626 3.79121 0.050555
2.50380379021 3.79576 0.0403031
2.51005045336 3.80395 0.0472891
2.51638815336 3.80316 0.0502279
2.52269694929 3.81245 0.0496449
2.52891211798 3.8158 0.0480355
2.53519495098 3.81922 0.0494884
2.54155301509 3.8278 0.0502936
2.54783359884 3.83109 0.0476099
2.55402772623 3.84275 0.0540385
2.56033571996 3.84253 0.0550147
2.56672381747 3.84852 0.0583453
2.57294751341 3.85663 0.0587055
2.57911252531 3.86431 0.0592408
2.58547549612 3.86886 0.0547993
2.59185019505 3.8654 0.0598318
2.59805932148 3.86762 0.0601561
2.60429715989 3.87841 0.0748
2.61067449751 3.87637 0.0635416
2.61693283418 3.89186 0.0731933
2.62300854502 3.90272 0.0814032
2.62939753095 3.90889 0.0724838
2.63591057571 3.88779 0.07554
2.64202978624 3.89984 0.0842546
2.64803951219 3.903 0.0885344
2.65454096229 3.89887 0.0811719
2.66118028258 3.91228 0.0919676
2.66719514746 3.90858 0.104862
2.67309090101 3.91406 0.0984725
2.67973176445 3.92228 0.10245
2.68646693102 3.92776 0.0986812
2.69219835647 3.91992 0.131197
2.69796467721 3.92708 0.133417
2.70489193937 3.93526 0.121723
2.71182026315 3.93388 0.145844
2.71709790339 3.91729 0.173883
2.7227864466 3.95028 0.170443
2.72994784687 3.91673 0.197848
2.73706528781 3.94606 0.205849
2.74248820391 3.97802 0.338461
2.74787331837 3.95169 0.326928
2.75504313834 3.93941 0.347852
2.76219934437 3.95579 0.431031
2.76789278819 4.05366 0.847175
2.77283198247 3.74326 0.727065
2.77965581172 3.89181 1.63268
2.78599582346 6.62319 86.2527
