0.0088996412247 2.9435 0.133937
0.0150791221651 2.9486 0.0895066
0.0214479018646 2.94426 0.058583
0.0278366077649 2.95861 0.0544604
0.034350997858 2.94722 0.0428205
0.0404788676143 2.95284 0.0426592
0.0467671668358 2.95148 0.0462577
0.0530822510177 2.94452 0.0381844
0.0594536244094 2.94397 0.0347543
0.0657622481459 2.93916 0.0319016
0.071966329067 2.93771 0.0321188
0.0782786091569 2.93888 0.0281945
0.0847039894583 2.93369 0.0269337
0.0909685462053 2.93525 0.0290917
0.0972078977683 2.93873 0.0277566
0.103476303896 2.93073 0.0261238
0.109757644425 2.92729 0.0299511
0.116054308478 2.91907 0.0232346
0.122366966654 2.90728 0.0250426
0.128681726309 2.89713 0.0212407
0.134950080166 2.88721 0.0250051
0.141194955884 2.88564 0.0216784
0.147513357575 2.88069 0.0205621
0.153786507425 2.88051 0.0233597
0.160065754405 2.86608 0.0233655
0.166399116869 2.85929 0.0250161
0.172719564578 2.84752 0.018727
0.178976521338 2.83251 0.0209477
0.185235369065 2.81802 0.0194779
0.191480678734 2.80304 0.0197998
0.197788986865 2.79296 0.0207479
0.204093773545 2.77714 0.0212828
0.210393930261 2.76963 0.0202094
0.216690970982 2.7547 0.0198673
0.222970028122 2.74047 0.0191648
0.229262002709 2.72921 0.0221514
0.235514150837 2.71141 0.0197205
0.241791058382 2.6967 0.020484
0.248085653944 2.67778 0.0184847
0.254349225687 2.6585 0.0209389
0.260633425188 2.6433 0.0188374
0.26692573709 2.6289 0.017963
0.273242334314 2.61264 0.0180736
0.279552968008 2.59748 0.0165948
0.285836629231 2.58094 0.0216419
0.292087627139 2.56633 0.0205761
0.298344984444 2.55018 0.0194172
0.304638263941 2.52887 0.0172861
0.3109279127 2.51768 0.0199636
0.317216817162 2.49825 0.0191592
0.323518756794 2.48203 0.0192177
0.329816821755 2.47006 0.0171303
0.336117642946 2.45532 0.019176
0.342370037571 2.43958 0.0187798
0.348647819267 2.42392 0.0171261
0.354941161441 2.40683 0.0176674
0.361191693542 2.394 0.0197257
0.367476708956 2.37998 0.0165187
0.373764779528 2.36861 0.0175596
0.380065403148 2.35161 0.019082
0.386353986126 2.34161 0.0177527
0.392614018136 2.32707 0.017235
0.398926450032 2.31743 0.0160615
0.405207324458 2.30559 0.0176209
0.411491647757 2.29493 0.0156082
0.417781427212 2.28255 0.018056
0.424040064873 2.27368 0.0172378
0.430342569027 2.26244 0.0186036
0.436635856026 2.25373 0.0177089
0.442899618322 2.2422 0.0166486
0.449163441853 2.23473 0.0172774
0.455441414625 2.22561 0.0181954
0.46176344703 2.21977 0.0146584
0.468064424202 2.20827 0.0175586
0.474348524276 2.20327 0.017315
0.480635613682 2.19595 0.018089
0.486901925839 2.19031 0.0176584
0.49316970996 2.18425 0.0188588
0.499450674714 2.17723 0.0165415
0.505715905134 2.17117 0.0168807
0.511992399627 2.16842 0.0172927
0.518312609777 2.16277 0.0172438
0.524608963803 2.15557 0.0155543
0.530875730848 2.15487 0.0168442
0.537157352795 2.14917 0.0170586
0.543457956378 2.14582 0.0151462
0.549743065239 2.14086 0.0165996
0.55599374275 2.13987 0.0157291
0.562285467661 2.13737 0.0150204
0.568601153723 2.13262 0.0142376
0.574880458942 2.12979 0.0177193
0.581155021034 2.12757 0.0150976
0.587439449666 2.1265 0.0178001
0.59371762203 2.12196 0.0167623
0.599997195479 2.12298 0.0175531
0.606267911512 2.11978 0.0155999
0.612546957644 2.11856 0.0150609
0.618847773304 2.11877 0.0173608
0.625131056744 2.11882 0.0155467
0.631402745038 2.11569 0.0178288
0.637700356273 2.11571 0.0161201
0.643985778331 2.11403 0.0153659
0.650268541717 2.11466 0.0161547
0.65655861177 2.11492 0.0154929
0.662836928236 2.11436 0.017431
0.669118544496 2.11375 0.0149723
0.675407019858 2.11473 0.0151182
0.681683551459 2.11205 0.0172987
0.687959253386 2.1137 0.0163585
0.694234431704 2.11265 0.0153451
0.700517540243 2.11433 0.0154003
0.706812495661 2.11478 0.015003
0.713101900967 2.11463 0.0149903
0.719391825117 2.11556 0.0166144
0.72568338076 2.1148 0.0163832
0.731965268271 2.11621 0.0173079
0.738250799048 2.11685 0.0155385
0.744526584212 2.1177 0.0149126
0.750787110194 2.11822 0.0156691
0.757075846532 2.11595 0.0171543
0.76336412336 2.12071 0.0146875
0.769646295986 2.12119 0.0170701
0.775939486518 2.12287 0.0163511
0.782232914199 2.1257 0.01648
0.788531493652 2.12354 0.0154525
0.794789656698 2.12545 0.0170405
0.801049109659 2.12727 0.0150441
0.807336406173 2.1277 0.014662
0.813622948837 2.12978 0.0157185
0.819915299896 2.13029 0.0154466
0.826195263639 2.13238 0.0169111
0.832489707008 2.13416 0.014909
0.838795930921 2.13652 0.0159345
0.84506346397 2.13638 0.0167046
0.851328286756 2.13741 0.0149636
0.85761982639 2.14096 0.0155269
0.863905847706 2.14216 0.0164428
0.870183874549 2.14412 0.0166216
0.876464109608 2.14618 0.015716
0.88275038734 2.1479 0.0170137
0.889033276839 2.14962 0.0162815
0.895308424711 2.15149 0.0145768
0.901595652167 2.15588 0.014565
0.907883332809 2.15661 0.0150727
0.914174410632 2.15874 0.0152379
0.920463081772 2.16324 0.0149671
0.926743441526 2.16517 0.0148023
0.933032419735 2.1655 0.0155951
0.939326578557 2.16935 0.014286
0.94559748104 2.17202 0.015062
0.951866001855 2.17478 0.0145442
0.958141325553 2.17602 0.0157474
0.964435094511 2.18192 0.0156327
0.970735563357 2.18337 0.0154785
0.977008076845 2.18682 0.0142045
0.983282332536 2.18942 0.015992
0.989556969197 2.19215 0.01488
0.995845630192 2.19563 0.0164281
1.00213621074 2.19926 0.0144185
1.00840482534 2.20324 0.0161
1.01469414984 2.20666 0.0149398
1.02099255544 2.21061 0.0149881
1.02727398044 2.21357 0.0145074
1.0335591819 2.21741 0.0147209
1.03984755739 2.22069 0.0154578
1.04612697494 2.22464 0.0160362
1.05240343681 2.22847 0.0164145
1.05868070465 2.23298 0.014601
1.06496433307 2.23684 0.0147599
1.07125677744 2.24023 0.0145556
1.0775440488 2.24493 0.0151945
1.08382482019 2.24831 0.0153336
1.09010802394 2.25185 0.0151859
1.09638966596 2.2574 0.0142353
1.10268113206 2.26103 0.0154903
1.10896304759 2.26589 0.0161256
1.11522542846 2.27086 0.0145198
1.12150212761 2.27435 0.0163181
1.12779257382 2.27971 0.0149519
1.13408955267 2.28477 0.0148832
1.14036404965 2.28818 0.0140138
1.14663918032 2.29465 0.0144324
1.15294241299 2.29836 0.0141958
1.15922890675 2.30198 0.0155876
1.16550872189 2.30927 0.0137938
1.17179307626 2.31452 0.0154646
1.17808743637 2.3192 0.0141454
1.18436765425 2.32276 0.0135661
1.1906346423 2.33048 0.0139927
1.19691220883 2.33401 0.01461
1.20320157735 2.33931 0.014286
1.20948684444 2.34609 0.0161301
1.21576390207 2.35005 0.0147147
1.22204975517 2.35647 0.0153615
1.22834061662 2.36017 0.0142741
1.23463298658 2.36666 0.0142365
1.24090224718 2.37211 0.0152873
1.24717483914 2.37658 0.0142289
1.25346545993 2.38285 0.013643
1.25974995189 2.38896 0.0152923
1.26603214313 2.3939 0.0135539
1.27231628847 2.40097 0.0131142
1.27860415506 2.40677 0.0145564
1.28488658893 2.41149 0.0142251
1.29117542007 2.41739 0.0142262
1.29746572637 2.42353 0.0137246
1.30374182701 2.43011 0.014475
1.31001732292 2.43539 0.0133626
1.31630144766 2.44112 0.0137375
1.32258676036 2.44841 0.0143475
1.32886549245 2.45431 0.0133028
1.33514480495 2.46019 0.0130915
1.34144051627 2.46506 0.0135607
1.34773086842 2.47322 0.0142013
1.35400158999 2.47875 0.0139418
1.3602826093 2.48478 0.0147093
1.36656568646 2.49025 0.0136121
1.37285149848 2.49697 0.0133175
1.37913537293 2.50358 0.0149169
1.38540956715 2.50951 0.0133496
1.39169864122 2.51784 0.0147998
1.39798445144 2.52325 0.0140512
1.40426788341 2.52934 0.0163201
1.41055477948 2.53589 0.0140368
1.41683783355 2.54143 0.0136824
1.42311817719 2.54934 0.0134401
1.42939780116 2.55384 0.0149628
1.43568692182 2.56292 0.0150651
1.44197712177 2.5681 0.0148642
1.44825366785 2.57364 0.0140799
1.45453234897 2.58102 0.0146004
1.46081931915 2.58828 0.0149235
1.4671103644 2.59434 0.0127451
1.47339290895 2.60051 0.0132432
1.47966996524 2.60657 0.0136439
1.4859561446 2.61243 0.0138688
1.49223361076 2.61823 0.0135833
1.49850247038 2.62488 0.0144199
1.50478575205 2.63166 0.0138694
1.51107599189 2.6381 0.0141558
1.51736163499 2.64301 0.0140818
1.52364857097 2.65008 0.0150591
1.52993803572 2.65642 0.0151826
1.53623017691 2.66347 0.0142575
1.54251071878 2.66766 0.0129026
1.54878396308 2.67505 0.0142545
1.55507306978 2.68075 0.0131041
1.56135732493 2.68767 0.0137854
1.56762912105 2.69256 0.015592
1.5739136974 2.6985 0.0145422
1.58020354523 2.70395 0.0139232
1.58648539343 2.70979 0.0137926
1.59276001426 2.71478 0.0152325
1.59904643639 2.72163 0.0149506
1.60534213664 2.7263 0.0154145
1.61161976836 2.73207 0.0159592
1.61789716835 2.74123 0.0141375
1.62418270854 2.74953 0.0143371
1.63046407995 2.75865 0.0143864
1.63674824683 2.76827 0.0153912
1.64303013827 2.77567 0.0141513
1.64930808063 2.78468 0.0152035
1.65559224863 2.79255 0.0162769
1.66187827598 2.80108 0.0156148
1.66816823994 2.80995 0.0154991
1.6744495611 2.81831 0.0153745
1.68072138563 2.82632 0.0156906
1.68701215424 2.83501 0.0156971
1.6933074808 2.84256 0.0168387
1.69958064303 2.85028 0.0155472
1.70586179344 2.85875 0.0155021
1.71215172419 2.86845 0.0148483
1.71843538617 2.87604 0.0161138
1.72471844694 2.88254 0.0148141
1.73099491844 2.89134 0.0158614
1.73728636032 2.89889 0.0159818
1.74356630258 2.9065 0.0152555
1.74983600778 2.91608 0.0149385
1.75612327869 2.92282 0.0145799
1.76241061606 2.93094 0.0170642
1.76869357896 2.93847 0.0152856
1.77497674839 2.94793 0.0169244
1.78126362161 2.95581 0.0155476
1.78754574761 2.96337 0.0167515
1.7938272923 2.97049 0.0165544
1.80010772174 2.97994 0.015928
1.80639091391 2.98708 0.0152598
1.81267451427 2.99452 0.0162833
1.81895363524 3.00289 0.0151612
1.82523850291 3.0105 0.0162963
1.8315236862 3.01809 0.0159916
1.83781040898 3.02637 0.016299
1.84409642612 3.03423 0.0180602
1.8503769215 3.04213 0.0170299
1.85666074594 3.0503 0.0154926
1.86294359809 3.05724 0.0179086
1.86922204917 3.06529 0.0172871
1.87550781357 3.073 0.0166077
1.88179499507 3.08137 0.0171699
1.88807781314 3.08779 0.0169285
1.89435244502 3.0963 0.0170164
1.90063796885 3.10424 0.0171936
1.90692833723 3.11399 0.0161982
1.91320221586 3.12039 0.0160491
1.91948223445 3.12775 0.0164313
1.92577010575 3.13556 0.0174767
1.93206491035 3.1433 0.0168417
1.93834071151 3.15135 0.0165759
1.94460828613 3.15907 0.018644
1.9508968614 3.16729 0.0156473
1.95718811973 3.17637 0.016605
1.96347509207 3.1827 0.0171749
1.9697553281 3.19053 0.0184825
1.9760413775 3.1991 0.0190197
1.98233260336 3.20584 0.0179984
1.98861171931 3.21317 0.0179916
1.99488792869 3.2209 0.0184766
2.00117304134 3.22672 0.0178376
2.00745262249 3.23699 0.0181299
2.01372721862 3.24215 0.0190732
2.02001108039 3.24996 0.0181397
2.02630405283 3.25841 0.0168612
2.03258735828 3.26526 0.0196105
2.03886100377 3.27214 0.01987
2.04514489951 3.27961 0.0171598
2.05143683626 3.29014 0.02024
2.05772382203 3.29603 0.019676
2.0640044634 3.30159 0.019724
2.07029278421 3.30882 0.017917
2.07658471853 3.31863 0.0193165
2.08285424307 3.32459 0.0206732
2.08912259138 3.33036 0.0200915
2.09541730178 3.33831 0.0196152
2.10170304464 3.34614 0.0216455
2.10797273337 3.35137 0.0218799
2.11425579676 3.35935 0.0207635
2.12053788985 3.36522 0.0205146
2.12682075079 3.37349 0.0202697
2.13310670204 3.38052 0.0210707
2.13940011923 3.38799 0.0200198
2.14568939859 3.39464 0.0225446
2.15195789682 3.40061 0.0223011
2.15824033347 3.40598 0.0210233
2.16453048092 3.41314 0.0206096
2.17081716829 3.41929 0.0208704
2.17709912993 3.42927 0.0220002
2.18337674027 3.43494 0.0216568
2.18965452646 3.43795 0.0192421
2.19593814184 3.44706 0.0207
2.20221722867 3.45214 0.0212264
2.20849850085 3.46047 0.0206686
2.21479372465 3.466 0.0233262
2.22107581834 3.47638 0.0239146
2.22733812199 3.48294 0.0227075
2.23362792264 3.48777 0.0220643
2.2399287897 3.49729 0.0214435
2.24620084223 3.50168 0.0251494
2.2524810722 3.5085 0.0255881
2.25875993301 3.5207 0.0254546
2.26503776668 3.52934 0.0256243
2.27130391144 3.54139 0.0238228
2.27758972822 3.549 0.0264249
2.28389830542 3.55812 0.0239946
2.29017001225 3.56761 0.0258723
2.29645357402 3.57184 0.0281302
2.30275372852 3.58383 0.0284477
2.30903325986 3.59504 0.0284224
2.31530674049 3.60064 0.0268225
2.32158490306 3.6067 0.0275509
2.3278758488 3.61495 0.0287296
2.33415543799 3.62506 0.0284412
2.34041936871 3.63047 0.0294126
2.34670710068 3.63426 0.0289205
2.3530032916 3.64698 0.0309581
2.35928989445 3.65569 0.0346989
2.36555387699 3.66238 0.0328677
2.37182578571 3.67029 0.0312772
2.3781409032 3.67449 0.0313338
2.38442809259 3.68461 0.0344254
2.39069258243 3.68948 0.0304089
2.39698813839 3.69646 0.0324147
2.40330354843 3.70828 0.040413
2.40957307365 3.70899 0.0348707
2.41583080138 3.724 0.037573
2.42214385676 3.72547 0.034116
2.42843005755 3.73011 0.0364208
2.43467776878 3.74122 0.0409404
2.44097021258 3.74648 0.0359268
2.44729898127 3.75368 0.0409216
2.45356911846 3.76044 0.0403137
2.45980003814 3.76703 0.0429062
2.4661092349 3.77124 0.0395582
2.47241430729 3.78184 0.0399282
2.47866355169 3.78357 0.0445695
2.48493431628 3.79954 0.0404724
2.49124283111 3.79982 0.0397175
2.49755537626 3.80763 0.0491714
2.50380379021 3.81075 0.0471982
2.51005045336 3.81695 0.0479639
2.51638815336 3.82055 0.0562533
2.52269694929 3.8307 0.0516454
2.52891211798 3.83586 0.0523954
2.53519495098 3.84496 0.0497968
2.54155301509 3.84507 0.0520321
2.54783359884 3.8529 0.0518471
2.55402772623 3.86828 0.0564907
2.56033571996 3.86399 0.0538001
2.56672381747 3.8695 0.0643077
2.57294751341 3.88614 0.0603853
2.57911252531 3.88624 0.0601737
2.58547549612 3.88903 0.0580473
2.59185019505 3.89071 0.0620709
2.59805932148 3.88914 0.0646057
2.60429715989 3.89404 0.0630125
2.61067449751 3.89679 0.0664183
2.61693283418 3.90785 0.0794548
2.62300854502 3.91353 0.0687037
2.62939753095 3.91891 0.0737957
2.63591057571 3.91283 0.0750866
2.64202978624 3.9188 0.0840114
2.64803951219 3.92691 0.0846121
2.65454096229 3.9247 0.0914853
2.66118028258 3.93533 0.0925201
2.66719514746 3.92385 0.114564
2.67309090101 3.92884 0.10714
2.67973176445 3.94141 0.0999636
2.68646693102 3.95734 0.107544
2.69219835647 3.94924 0.129007
2.69796467721 3.95918 0.129159
2.70489193937 3.94653 0.11747
2.71182026315 3.96329 0.150412
2.71709790339 3.92569 0.197373
2.7227864466 3.9662 0.156882
2.72994784687 3.96572 0.188457
2.73706528781 3.99715 0.211477
2.74248820391 3.9842 0.331668
2.74787331837 4.00934 0.32167
2.75504313834 3.98703 0.338966
2.76219934437 3.96083 0.478654
2.76789278819 4.03219 0.92834
2.77283198247 3.80972 0.732076
2.77965581172 3.92908 1.60164
2.78599582346 18.0329 89.1471
