0.0088996412247 3.87956 0.190065
0.0150791221651 3.88101 0.115313
0.0214479018646 3.8449 0.0718812
0.0278366077649 3.84316 0.0703799
0.034350997858 3.80536 0.0587138
0.0404788676143 3.7711 0.0570459
0.0467671668358 3.73774 0.0543162
0.0530822510177 3.68951 0.0527688
0.0594536244094 3.64081 0.0411575
0.0657622481459 3.5898 0.040792
0.071966329067 3.53684 0.0392032
0.0782786091569 3.48478 0.0351335
0.0847039894583 3.42373 0.0324595
0.0909685462053 3.37666 0.0375863
0.0972078977683 3.32779 0.0364734
0.103476303896 3.26519 0.0304505
0.109757644425 3.19996 0.0330543
0.116054308478 3.13114 0.0274458
0.122366966654 3.06219 0.0303388
0.128681726309 2.99594 0.0255239
0.134950080166 2.93059 0.0285834
0.141194955884 2.88064 0.0246748
0.147513357575 2.83099 0.0245757
0.153786507425 2.78428 0.0280531
0.160065754405 2.72789 0.0262424
0.166399116869 2.68005 0.0260579
0.172719564578 2.62565 0.0219868
0.178976521338 2.57559 0.021589
0.185235369065 2.52456 0.0217872
0.191480678734 2.48287 0.0218252
0.197788986865 2.4478 0.0209286
0.204093773545 2.40706 0.0217525
0.210393930261 2.38074 0.0192002
0.216690970982 2.3529 0.0190153
0.222970028122 2.3282 0.0192338
0.229262002709 2.30157 0.0217455
0.235514150837 2.27811 0.0211071
0.241791058382 2.25907 0.0199994
0.248085653944 2.23865 0.0197861
0.254349225687 2.21879 0.0214746
0.260633425188 2.20408 0.0173766
0.26692573709 2.19357 0.0179919
0.273242334314 2.18406 0.0170343
0.279552968008 2.17629 0.0164137
0.285836629231 2.16835 0.0181359
0.292087627139 2.16424 0.0187196
0.298344984444 2.15892 0.0184269
0.304638263941 2.14841 0.0180159
0.3109279127 2.14735 0.0184939
0.317216817162 2.14189 0.0166806
0.323518756794 2.13694 0.0180783
0.329816821755 2.14071 0.0162871
0.336117642946 2.13817 0.0173685
0.342370037571 2.1371 0.0169401
0.348647819267 2.13299 0.0159169
0.354941161441 2.12736 0.017435
0.361191693542 2.12949 0.0171498
0.367476708956 2.12857 0.0165933
0.373764779528 2.12567 0.0153797
0.380065403148 2.12283 0.0170957
0.386353986126 2.12421 0.0164723
0.392614018136 2.11981 0.0166566
0.398926450032 2.12171 0.0164469
0.405207324458 2.11837 0.0176062
0.411491647757 2.11966 0.0151629
0.417781427212 2.11305 0.0169708
0.424040064873 2.11427 0.0163259
0.430342569027 2.11205 0.0169225
0.436635856026 2.10977 0.0165247
0.442899618322 2.1057 0.0156379
0.449163441853 2.10522 0.0168887
0.455441414625 2.10278 0.0179779
0.46176344703 2.10215 0.0154906
0.468064424202 2.09853 0.0162418
0.474348524276 2.09752 0.0153133
0.480635613682 2.09418 0.0178623
0.486901925839 2.09449 0.0161966
0.49316970996 2.09055 0.0188959
0.499450674714 2.09012 0.0165456
0.505715905134 2.0858 0.0163859
0.511992399627 2.08828 0.0170682
0.518312609777 2.08432 0.015951
0.524608963803 2.08227 0.015504
0.530875730848 2.08325 0.0160006
0.537157352795 2.07822 0.0171856
0.543457956378 2.07774 0.0138283
0.549743065239 2.07656 0.015539
0.55599374275 2.07574 0.0150699
0.562285467661 2.07443 0.0156205
0.568601153723 2.0725 0.0142781
0.574880458942 2.07164 0.0175986
0.581155021034 2.06999 0.0149311
0.587439449666 2.06913 0.016105
0.59371762203 2.0667 0.0159357
0.599997195479 2.0682 0.0175618
0.606267911512 2.06759 0.0153831
0.612546957644 2.06613 0.0154012
0.618847773304 2.06629 0.0166451
0.625131056744 2.06584 0.0158185
0.631402745038 2.06416 0.0159378
0.637700356273 2.06489 0.0163775
0.643985778331 2.06337 0.0156842
0.650268541717 2.06473 0.0167635
0.65655861177 2.06432 0.0153272
0.662836928236 2.0649 0.0177853
0.669118544496 2.06472 0.01539
0.675407019858 2.06569 0.015149
0.681683551459 2.06484 0.0169205
0.687959253386 2.06377 0.0162887
0.694234431704 2.06477 0.0142512
0.700517540243 2.06606 0.0158271
0.706812495661 2.06835 0.0150865
0.713101900967 2.06675 0.0146414
0.719391825117 2.06768 0.0169163
0.72568338076 2.06779 0.0159834
0.731965268271 2.06923 0.0166672
0.738250799048 2.07109 0.0160625
0.744526584212 2.07083 0.0149575
0.750787110194 2.07194 0.0154549
0.757075846532 2.07192 0.0159533
0.76336412336 2.07596 0.0149623
0.769646295986 2.07553 0.0166369
0.775939486518 2.07752 0.016248
0.782232914199 2.08078 0.0161545
0.788531493652 2.08055 0.015558
0.794789656698 2.08176 0.0170638
0.801049109659 2.08329 0.0153973
0.807336406173 2.08579 0.0155296
0.813622948837 2.08778 0.014898
0.819915299896 2.08996 0.0151375
0.826195263639 2.09114 0.0171831
0.832489707008 2.09408 0.0141398
0.838795930921 2.09544 0.0156623
0.84506346397 2.0976 0.016643
0.851328286756 2.09879 0.0147385
0.85761982639 2.10255 0.0151871
0.863905847706 2.1037 0.0164193
0.870183874549 2.10667 0.015739
0.876464109608 2.10948 0.0162245
0.88275038734 2.11239 0.0164907
0.889033276839 2.11382 0.0158878
0.895308424711 2.11674 0.0150264
0.901595652167 2.12049 0.0155677
0.907883332809 2.12328 0.0151692
0.914174410632 2.12556 0.0148851
0.920463081772 2.12934 0.0151791
0.926743441526 2.133 0.0143014
0.933032419735 2.13348 0.0152137
0.939326578557 2.1378 0.014173
0.94559748104 2.14177 0.0143607
0.951866001855 2.14475 0.0150464
0.958141325553 2.14713 0.0157816
0.964435094511 2.1535 0.0155363
0.970735563357 2.15531 0.0154028
0.977008076845 2.15822 0.0144084
0.983282332536 2.16261 0.0157842
0.989556969197 2.16543 0.015109
0.995845630192 2.16976 0.0161786
1.00213621074 2.17325 0.0140629
1.00840482534 2.1777 0.01527
1.01469414984 2.18116 0.0146658
1.02099255544 2.18618 0.0146731
1.02727398044 2.19076 0.0147269
1.0335591819 2.1938 0.0154639
1.03984755739 2.1976 0.0153317
1.04612697494 2.20276 0.0159729
1.05240343681 2.20726 0.0162977
1.05868070465 2.21111 0.0145879
1.06496433307 2.2153 0.015502
1.07125677744 2.21951 0.0141428
1.0775440488 2.22568 0.0159272
1.08382482019 2.22818 0.0145576
1.09010802394 2.2334 0.0153828
1.09638966596 2.23838 0.0141878
1.10268113206 2.24243 0.015361
1.10896304759 2.24741 0.0159383
1.11522542846 2.25245 0.0148583
1.12150212761 2.25699 0.0165101
1.12779257382 2.26258 0.0153868
1.13408955267 2.26798 0.0147701
1.14036404965 2.27147 0.0133913
1.14663918032 2.27792 0.0141097
1.15294241299 2.28268 0.0148183
1.15922890675 2.28649 0.0162441
1.16550872189 2.29432 0.0141033
1.17179307626 2.29882 0.0155149
1.17808743637 2.30301 0.0138909
1.18436765425 2.30846 0.0153014
1.1906346423 2.31623 0.0144341
1.19691220883 2.32004 0.01493
1.20320157735 2.32528 0.0152159
1.20948684444 2.33212 0.0159445
1.21576390207 2.33654 0.015389
1.22204975517 2.34283 0.0159903
1.22834061662 2.34743 0.0146703
1.23463298658 2.35374 0.0142682
1.24090224718 2.35908 0.015135
1.24717483914 2.36449 0.0136063
1.25346545993 2.37079 0.014267
1.25974995189 2.37685 0.0154551
1.26603214313 2.38198 0.0143192
1.27231628847 2.3887 0.0133791
1.27860415506 2.39446 0.0138472
1.28488658893 2.39991 0.013108
1.29117542007 2.40705 0.0142931
1.29746572637 2.41207 0.0138856
1.30374182701 2.41983 0.0140154
1.31001732292 2.42456 0.0132191
1.31630144766 2.43105 0.0139758
1.32258676036 2.43742 0.014521
1.32886549245 2.44461 0.0139497
1.33514480495 2.45089 0.0136271
1.34144051627 2.45524 0.0129385
1.34773086842 2.46383 0.0148337
1.35400158999 2.46922 0.0135858
1.3602826093 2.47553 0.0148712
1.36656568646 2.48164 0.0142863
1.37285149848 2.48775 0.0139288
1.37913537293 2.49509 0.014115
1.38540956715 2.50166 0.0128538
1.39169864122 2.50845 0.0149312
1.39798445144 2.51442 0.0137453
1.40426788341 2.52099 0.0155261
1.41055477948 2.5272 0.0141706
1.41683783355 2.53285 0.0135445
1.42311817719 2.5411 0.0136953
1.42939780116 2.54572 0.0140643
1.43568692182 2.55443 0.0144394
1.44197712177 2.55977 0.0144394
1.44825366785 2.56627 0.0140508
1.45453234897 2.57279 0.0146689
1.46081931915 2.58066 0.0149336
1.4671103644 2.58678 0.0130386
1.47339290895 2.59273 0.0134958
1.47966996524 2.59846 0.0132694
1.4859561446 2.60496 0.0143074
1.49223361076 2.61138 0.013678
1.49850247038 2.61719 0.0150093
1.50478575205 2.62483 0.0140592
1.51107599189 2.63038 0.0136963
1.51736163499 2.6356 0.0137071
1.52364857097 2.64174 0.0146888
1.52993803572 2.6493 0.0144245
1.53623017691 2.65564 0.0142627
1.54251071878 2.66012 0.0130984
1.54878396308 2.6674 0.0144785
1.55507306978 2.67363 0.0135602
1.56135732493 2.68023 0.0138432
1.56762912105 2.68436 0.0145418
1.5739136974 2.69036 0.0146112
1.58020354523 2.6968 0.0141858
1.58648539343 2.70216 0.0139396
1.59276001426 2.7078 0.0149005
1.59904643639 2.71305 0.0142749
1.60534213664 2.71838 0.0150731
1.61161976836 2.72469 0.0158451
1.61789716835 2.73396 0.0141085
1.62418270854 2.74162 0.0140399
1.63046407995 2.75146 0.0147977
1.63674824683 2.75961 0.0150806
1.64303013827 2.76778 0.013874
1.64930808063 2.77672 0.0159968
1.65559224863 2.78489 0.0151931
1.66187827598 2.79382 0.0150905
1.66816823994 2.80165 0.0153463
1.6744495611 2.80938 0.0150963
1.68072138563 2.81805 0.0151298
1.68701215424 2.82743 0.0161383
1.6933074808 2.83536 0.0156378
1.69958064303 2.84297 0.0153219
1.70586179344 2.85158 0.0156457
1.71215172419 2.85986 0.0151631
1.71843538617 2.86756 0.0151582
1.72471844694 2.87467 0.0151722
1.73099491844 2.8833 0.0151245
1.73728636032 2.89027 0.0161934
1.74356630258 2.89853 0.0157704
1.74983600778 2.90685 0.0155375
1.75612327869 2.91434 0.0149864
1.76241061606 2.92253 0.0161949
1.76869357896 2.92942 0.0154022
1.77497674839 2.93915 0.0163287
1.78126362161 2.94644 0.015319
1.78754574761 2.95343 0.0164405
1.7938272923 2.96152 0.0169182
1.80010772174 2.97058 0.015942
1.80639091391 2.97681 0.0155219
1.81267451427 2.98465 0.0160959
1.81895363524 2.99313 0.0151226
1.82523850291 3.00075 0.0159413
1.8315236862 3.00908 0.0159287
1.83781040898 3.0166 0.0164443
1.84409642612 3.02392 0.0174058
1.8503769215 3.03198 0.01632
1.85666074594 3.03971 0.0167062
1.86294359809 3.04691 0.0184534
1.86922204917 3.05466 0.0182287
1.87550781357 3.06186 0.0161992
1.88179499507 3.07185 0.0167135
1.88807781314 3.07593 0.0171021
1.89435244502 3.08537 0.0170583
1.90063796885 3.09346 0.0171278
1.90692833723 3.1027 0.0157824
1.91320221586 3.1087 0.0167016
1.91948223445 3.11625 0.016047
1.92577010575 3.12412 0.0187506
1.93206491035 3.13186 0.0161829
1.93834071151 3.13913 0.0159967
1.94460828613 3.1471 0.0184081
1.9508968614 3.1547 0.0162094
1.95718811973 3.16342 0.015943
1.96347509207 3.17077 0.0155948
1.9697553281 3.17762 0.0179718
1.9760413775 3.18622 0.0186104
1.98233260336 3.19295 0.0178266
1.98861171931 3.20038 0.0168835
1.99488792869 3.20836 0.018831
2.00117304134 3.2145 0.0185588
2.00745262249 3.22217 0.0178153
2.01372721862 3.22857 0.0195698
2.02001108039 3.23732 0.0177118
2.02630405283 3.24343 0.0177841
2.03258735828 3.25063 0.0201013
2.03886100377 3.25735 0.0202252
2.04514489951 3.26634 0.0175183
2.05143683626 3.275 0.019556
2.05772382203 3.28131 0.0204703
2.0640044634 3.28686 0.0186264
2.07029278421 3.29344 0.0182629
2.07658471853 3.30227 0.0190075
2.08285424307 3.30766 0.0205676
2.08912259138 3.31411 0.0207482
2.09541730178 3.32143 0.0189109
2.10170304464 3.32934 0.0221438
2.10797273337 3.3352 0.0203725
2.11425579676 3.34273 0.0210133
2.12053788985 3.34817 0.0198754
2.12682075079 3.35491 0.0205516
2.13310670204 3.36277 0.0210351
2.13940011923 3.37033 0.0200218
2.14568939859 3.37617 0.0219631
2.15195789682 3.38273 0.0224678
2.15824033347 3.38689 0.0202967
2.16453048092 3.39385 0.021157
2.17081716829 3.40076 0.0222539
2.17709912993 3.40953 0.0227361
2.18337674027 3.41605 0.0221906
2.18965452646 3.41887 0.0189255
2.19593814184 3.42693 0.0197582
2.20221722867 3.43155 0.0201892
2.20849850085 3.44148 0.023157
2.21479372465 3.44535 0.0227351
2.22107581834 3.45589 0.0241819
2.22733812199 3.46221 0.0220462
2.23362792264 3.46511 0.0218725
2.2399287897 3.47827 0.0216678
2.24620084223 3.4803 0.0233995
2.2524810722 3.48883 0.0247955
2.25875993301 3.49806 0.0232814
2.26503776668 3.50743 0.0254592
2.27130391144 3.51848 0.0247041
2.27758972822 3.52408 0.0253417
2.28389830542 3.53599 0.0246167
2.29017001225 3.54325 0.0269802
2.29645357402 3.5474 0.0299686
2.30275372852 3.56094 0.0272308
2.30903325986 3.57119 0.0279857
2.31530674049 3.57563 0.0271854
2.32158490306 3.58379 0.0312145
2.3278758488 3.58961 0.0272898
2.33415543799 3.59866 0.027634
2.34041936871 3.60401 0.0313321
2.34670710068 3.60921 0.0284689
2.3530032916 3.62227 0.0328705
2.35928989445 3.62853 0.0354345
2.36555387699 3.63626 0.0307954
2.37182578571 3.6437 0.0317238
2.3781409032 3.6476 0.0326399
2.38442809259 3.65936 0.0319764
2.39069258243 3.66087 0.0299675
2.39698813839 3.66787 0.0366001
2.40330354843 3.68082 0.0351785
2.40957307365 3.67921 0.035997
2.41583080138 3.69411 0.0328503
2.42214385676 3.69836 0.0339277
2.42843005755 3.70137 0.0350644
2.43467776878 3.70873 0.0400739
2.44097021258 3.71407 0.0345346
2.44729898127 3.72256 0.0390941
2.45356911846 3.72909 0.0397741
2.45980003814 3.73765 0.0425233
2.4661092349 3.73982 0.0373249
2.47241430729 3.74986 0.0416666
2.47866355169 3.75427 0.0439881
2.48493431628 3.76358 0.0415372
2.49124283111 3.76526 0.0389688
2.49755537626 3.77402 0.049653
2.50380379021 3.7791 0.0470192
2.51005045336 3.78656 0.0456082
2.51638815336 3.7892 0.0489357
2.52269694929 3.79282 0.0514256
2.52891211798 3.8005 0.0513373
2.53519495098 3.80784 0.0497275
2.54155301509 3.81159 0.0550201
2.54783359884 3.8184 0.0523551
2.55402772623 3.83461 0.0518606
2.56033571996 3.82727 0.0503214
2.56672381747 3.83945 0.0575815
2.57294751341 3.84286 0.0585366
2.57911252531 3.84662 0.0633526
2.58547549612 3.85859 0.0538502
2.59185019505 3.85232 0.0630516
2.59805932148 3.84942 0.0650878
2.60429715989 3.86413 0.0680071
2.61067449751 3.86024 0.0689412
2.61693283418 3.87067 0.0777866
2.62300854502 3.87797 0.0749787
2.62939753095 3.88425 0.0741183
2.63591057571 3.87322 0.082074
2.64202978624 3.87522 0.0793857
2.64803951219 3.89724 0.0837149
2.65454096229 3.88444 0.0877314
2.66118028258 3.89615 0.0898495
2.66719514746 3.89734 0.110207
2.67309090101 3.88472 0.105288
2.67973176445 3.9021 0.0966408
2.68646693102 3.92307 0.101344
2.69219835647 3.90815 0.123518
2.69796467721 3.92258 0.133665
2.70489193937 3.92073 0.139097
2.71182026315 3.9093 0.138327
2.71709790339 3.88635 0.185547
2.7227864466 3.94023 0.154034
2.72994784687 3.91924 0.181014
2.73706528781 3.93771 0.224924
2.74248820391 3.96989 0.33376
2.74787331837 3.97297 0.296592
2.75504313834 3.92999 0.340966
2.76219934437 3.93095 0.465633
2.76789278819 4.01235 0.858245
2.77283198247 3.77018 0.790152
2.77965581172 3.82288 1.62617
2.78599582346 15.0863 56.8815
