0.0088996412247 2.39942 0.13444
0.0150791221651 2.40324 0.0726974
0.0214479018646 2.4129 0.0528364
0.0278366077649 2.42208 0.0436802
0.034350997858 2.418 0.0346826
0.0404788676143 2.42187 0.0392737
0.0467671668358 2.4305 0.0368503
0.0530822510177 2.42789 0.0302982
0.0594536244094 2.42864 0.0268619
0.0657622481459 2.43237 0.0246899
0.071966329067 2.43836 0.0265371
0.0782786091569 2.44621 0.0225688
0.0847039894583 2.4508 0.0255973
0.0909685462053 2.4572 0.027853
0.0972078977683 2.46293 0.0222615
0.103476303896 2.46674 0.0208348
0.109757644425 2.47291 0.0245471
0.116054308478 2.48034 0.019611
0.122366966654 2.47968 0.0203853
0.128681726309 2.47935 0.0185555
0.134950080166 2.48361 0.0233137
0.141194955884 2.49155 0.0181521
0.147513357575 2.49996 0.0170041
0.153786507425 2.50963 0.0209461
0.160065754405 2.50926 0.0200373
0.166399116869 2.51345 0.0188985
0.172719564578 2.51447 0.0174909
0.178976521338 2.51765 0.0192072
0.185235369065 2.51716 0.0173739
0.191480678734 2.51767 0.0178217
0.197788986865 2.52473 0.0194786
0.204093773545 2.52341 0.0187564
0.210393930261 2.5316 0.0174762
0.216690970982 2.53129 0.0186977
0.222970028122 2.53199 0.0199684
0.229262002709 2.53575 0.0195998
0.235514150837 2.5363 0.017822
0.241791058382 2.53685 0.0190029
0.248085653944 2.5324 0.0168861
0.254349225687 2.53163 0.0186842
0.260633425188 2.53124 0.0173017
0.26692573709 2.53241 0.01713
0.273242334314 2.53072 0.0177162
0.279552968008 2.53121 0.0165956
0.285836629231 2.5293 0.0202829
0.292087627139 2.528 0.0202434
0.298344984444 2.52667 0.017716
0.304638263941 2.51992 0.0167895
0.3109279127 2.52283 0.018467
0.317216817162 2.51763 0.0189114
0.323518756794 2.51365 0.0167156
0.329816821755 2.51241 0.0170151
0.336117642946 2.50946 0.0150237
0.342370037571 2.50734 0.01865
0.348647819267 2.50248 0.0171566
0.354941161441 2.49788 0.0182887
0.361191693542 2.49291 0.0173427
0.367476708956 2.48975 0.0170399
0.373764779528 2.48731 0.0171069
0.380065403148 2.47925 0.0177218
0.386353986126 2.47865 0.018373
0.392614018136 2.47162 0.015843
0.398926450032 2.4697 0.0172132
0.405207324458 2.46381 0.0182989
0.411491647757 2.46078 0.015722
0.417781427212 2.4544 0.0187257
0.424040064873 2.45002 0.0173996
0.430342569027 2.44424 0.0188283
0.436635856026 2.44092 0.0179713
0.442899618322 2.43337 0.018132
0.449163441853 2.42961 0.0193805
0.455441414625 2.42468 0.0181032
0.46176344703 2.42003 0.017311
0.468064424202 2.41281 0.0177384
0.474348524276 2.40932 0.0172565
0.480635613682 2.40295 0.019225
0.486901925839 2.39896 0.0167033
0.49316970996 2.39298 0.019829
0.499450674714 2.38738 0.0179689
0.505715905134 2.38059 0.0167007
0.511992399627 2.37781 0.0193822
0.518312609777 2.3722 0.0191323
0.524608963803 2.36584 0.0166532
0.530875730848 2.36295 0.0175798
0.537157352795 2.35628 0.0182447
0.543457956378 2.3525 0.0168545
0.549743065239 2.34577 0.0152965
0.55599374275 2.3423 0.0170002
0.562285467661 2.33839 0.0157947
0.568601153723 2.33117 0.015303
0.574880458942 2.32511 0.0172503
0.581155021034 2.31978 0.0166813
0.587439449666 2.31696 0.018994
0.59371762203 2.31028 0.0178595
0.599997195479 2.30893 0.0177008
0.606267911512 2.30144 0.0158169
0.612546957644 2.29733 0.0163047
0.618847773304 2.29494 0.0183624
0.625131056744 2.28913 0.0162641
0.631402745038 2.28629 0.017882
0.637700356273 2.28245 0.0175491
0.643985778331 2.27718 0.0161848
0.650268541717 2.27415 0.0165771
0.65655861177 2.26978 0.015913
0.662836928236 2.26595 0.0176099
0.669118544496 2.26307 0.0156365
0.675407019858 2.26064 0.0158197
0.681683551459 2.25514 0.0168746
0.687959253386 2.25182 0.0172428
0.694234431704 2.24889 0.0161969
0.700517540243 2.24696 0.0168222
0.706812495661 2.24362 0.0153323
0.713101900967 2.24056 0.0165227
0.719391825117 2.2383 0.0169073
0.72568338076 2.23485 0.0169255
0.731965268271 2.23136 0.0176081
0.738250799048 2.23068 0.0175028
0.744526584212 2.22865 0.0152581
0.750787110194 2.22588 0.0161646
0.757075846532 2.22279 0.0177473
0.76336412336 2.22217 0.0169526
0.769646295986 2.22183 0.0182542
0.775939486518 2.22157 0.0169141
0.782232914199 2.22096 0.0176007
0.788531493652 2.21607 0.0162698
0.794789656698 2.21539 0.0173172
0.801049109659 2.21474 0.0171618
0.807336406173 2.21454 0.0159095
0.813622948837 2.21277 0.0151153
0.819915299896 2.21409 0.0156857
0.826195263639 2.21178 0.0168271
0.832489707008 2.21213 0.0168699
0.838795930921 2.2128 0.0175115
0.84506346397 2.21156 0.0167248
0.851328286756 2.2112 0.0156992
0.85761982639 2.21258 0.016063
0.863905847706 2.212 0.0169037
0.870183874549 2.21257 0.0158034
0.876464109608 2.21366 0.016288
0.88275038734 2.21371 0.0171998
0.889033276839 2.21543 0.0167441
0.895308424711 2.21454 0.015828
0.901595652167 2.2177 0.0146274
0.907883332809 2.21785 0.0164316
0.914174410632 2.21946 0.0155204
0.920463081772 2.22344 0.0152063
0.926743441526 2.22207 0.0167664
0.933032419735 2.22408 0.0158445
0.939326578557 2.2258 0.0152552
0.94559748104 2.22747 0.0153387
0.951866001855 2.22901 0.0152884
0.958141325553 2.23059 0.0162749
0.964435094511 2.23532 0.0160768
0.970735563357 2.23624 0.0158504
0.977008076845 2.23942 0.0159024
0.983282332536 2.24198 0.0165356
0.989556969197 2.24342 0.0155999
0.995845630192 2.24736 0.0174114
1.00213621074 2.24959 0.0154259
1.00840482534 2.25312 0.0155439
1.01469414984 2.25646 0.0160713
1.02099255544 2.26128 0.0151639
1.02727398044 2.26354 0.0146533
1.0335591819 2.26679 0.0146739
1.03984755739 2.27066 0.0163797
1.04612697494 2.27402 0.016404
1.05240343681 2.27812 0.0160642
1.05868070465 2.28198 0.0143485
1.06496433307 2.28662 0.0148435
1.07125677744 2.29013 0.0155071
1.0775440488 2.29567 0.0141172
1.08382482019 2.29898 0.0141128
1.09010802394 2.30131 0.0158229
1.09638966596 2.30767 0.0140453
1.10268113206 2.31162 0.0157779
1.10896304759 2.31629 0.015303
1.11522542846 2.32322 0.0148024
1.12150212761 2.32552 0.0163571
1.12779257382 2.33199 0.0152874
1.13408955267 2.33632 0.0159807
1.14036404965 2.34112 0.0140318
1.14663918032 2.34741 0.0142101
1.15294241299 2.35293 0.014382
1.15922890675 2.35551 0.0147263
1.16550872189 2.36316 0.0138425
1.17179307626 2.3697 0.0159119
1.17808743637 2.37461 0.0139874
1.18436765425 2.37849 0.013738
1.1906346423 2.38648 0.0141109
1.19691220883 2.39069 0.0149529
1.20320157735 2.39545 0.0146634
1.20948684444 2.40359 0.0148316
1.21576390207 2.40925 0.0155877
1.22204975517 2.41606 0.0157987
1.22834061662 2.42023 0.0140025
1.23463298658 2.42773 0.0140076
1.24090224718 2.4331 0.015029
1.24717483914 2.43931 0.0142231
1.25346545993 2.44605 0.0147622
1.25974995189 2.4533 0.0154226
1.26603214313 2.45886 0.0139249
1.27231628847 2.46662 0.0144061
1.27860415506 2.47249 0.0142569
1.28488658893 2.47849 0.0141774
1.29117542007 2.48596 0.0138019
1.29746572637 2.49159 0.0136699
1.30374182701 2.49961 0.0150729
1.31001732292 2.50661 0.0135913
1.31630144766 2.51273 0.0140791
1.32258676036 2.51987 0.0136469
1.32886549245 2.52858 0.0140674
1.33514480495 2.53323 0.0134007
1.34144051627 2.54068 0.0132475
1.34773086842 2.5491 0.0154477
1.35400158999 2.55523 0.0147543
1.3602826093 2.56284 0.0151088
1.36656568646 2.56921 0.0142912
1.37285149848 2.57663 0.014909
1.37913537293 2.5845 0.014189
1.38540956715 2.59019 0.0134972
1.39169864122 2.60007 0.0141492
1.39798445144 2.60566 0.014589
1.40426788341 2.61453 0.0158205
1.41055477948 2.62056 0.014477
1.41683783355 2.62852 0.0138708
1.42311817719 2.63667 0.0150067
1.42939780116 2.6423 0.0143286
1.43568692182 2.65229 0.0151385
1.44197712177 2.65828 0.0145289
1.44825366785 2.66524 0.0145338
1.45453234897 2.67329 0.0153412
1.46081931915 2.68087 0.0157642
1.4671103644 2.68842 0.0129154
1.47339290895 2.69609 0.0140284
1.47966996524 2.70314 0.0148241
1.4859561446 2.7095 0.0133978
1.49223361076 2.71709 0.0144332
1.49850247038 2.724 0.0147166
1.50478575205 2.73164 0.0146938
1.51107599189 2.73906 0.0139056
1.51736163499 2.74564 0.0140035
1.52364857097 2.75266 0.0149654
1.52993803572 2.7609 0.0149434
1.53623017691 2.76899 0.0145985
1.54251071878 2.77417 0.0136847
1.54878396308 2.78178 0.0145353
1.55507306978 2.78837 0.0132834
1.56135732493 2.79682 0.0141309
1.56762912105 2.80223 0.0149478
1.5739136974 2.8086 0.0149864
1.58020354523 2.81577 0.0148401
1.58648539343 2.82173 0.0142773
1.59276001426 2.82816 0.0148648
1.59904643639 2.83488 0.0155676
1.60534213664 2.84093 0.0153238
1.61161976836 2.84592 0.0163991
1.61789716835 2.85796 0.0145714
1.62418270854 2.868 0.0151259
1.63046407995 2.87836 0.0141908
1.63674824683 2.8883 0.0154866
1.64303013827 2.89857 0.0142385
1.64930808063 2.90762 0.0155289
1.65559224863 2.91702 0.0158312
1.66187827598 2.92512 0.0155345
1.66816823994 2.93615 0.0156956
1.6744495611 2.94553 0.0155509
1.68072138563 2.95462 0.0152183
1.68701215424 2.96517 0.0155657
1.6933074808 2.97245 0.0162604
1.69958064303 2.98233 0.015217
1.70586179344 2.99066 0.0160504
1.71215172419 3.00222 0.0147429
1.71843538617 3.01091 0.0156648
1.72471844694 3.01955 0.0151992
1.73099491844 3.02881 0.0164927
1.73728636032 3.03827 0.0166465
1.74356630258 3.04729 0.0155956
1.74983600778 3.05678 0.0152498
1.75612327869 3.06557 0.0159858
1.76241061606 3.07495 0.0163597
1.76869357896 3.08333 0.0167098
1.77497674839 3.09359 0.0169339
1.78126362161 3.10285 0.0163873
1.78754574761 3.1121 0.0166143
1.7938272923 3.1218 0.0163095
1.80010772174 3.13134 0.0169221
1.80639091391 3.13934 0.0155363
1.81267451427 3.1474 0.0159974
1.81895363524 3.15807 0.0157215
1.82523850291 3.16591 0.0154925
1.8315236862 3.17547 0.0164375
1.83781040898 3.185 0.0160489
1.84409642612 3.19428 0.0171441
1.8503769215 3.20398 0.0167704
1.85666074594 3.21365 0.0157987
1.86294359809 3.22219 0.0168153
1.86922204917 3.2311 0.0174578
1.87550781357 3.23989 0.0168918
1.88179499507 3.25062 0.0166934
1.88807781314 3.25754 0.0189539
1.89435244502 3.26678 0.0170296
1.90063796885 3.27715 0.0179263
1.90692833723 3.28755 0.0161028
1.91320221586 3.29541 0.0164336
1.91948223445 3.3048 0.0166588
1.92577010575 3.31436 0.0186606
1.93206491035 3.32307 0.0175901
1.93834071151 3.33274 0.0170192
1.94460828613 3.3424 0.0185206
1.9508968614 3.35155 0.0162859
1.95718811973 3.36208 0.0166375
1.96347509207 3.37015 0.0165853
1.9697553281 3.37906 0.0189198
1.9760413775 3.3896 0.018424
1.98233260336 3.39824 0.0185202
1.98861171931 3.4072 0.0179531
1.99488792869 3.41601 0.0186822
2.00117304134 3.42387 0.0174823
2.00745262249 3.43621 0.0197177
2.01372721862 3.44269 0.0189468
2.02001108039 3.45178 0.0185878
2.02630405283 3.46121 0.0173501
2.03258735828 3.47005 0.0188614
2.03886100377 3.47931 0.020057
2.04514489951 3.48771 0.0168072
2.05143683626 3.4983 0.0202494
2.05772382203 3.5059 0.0196159
2.0640044634 3.51385 0.0189582
2.07029278421 3.52346 0.0193143
2.07658471853 3.53343 0.0189451
2.08285424307 3.5421 0.0211273
2.08912259138 3.55079 0.0185287
2.09541730178 3.55783 0.0199913
2.10170304464 3.56918 0.0221647
2.10797273337 3.57642 0.0224595
2.11425579676 3.58382 0.0207081
2.12053788985 3.59183 0.0205953
2.12682075079 3.60044 0.0206524
2.13310670204 3.61011 0.0216553
2.13940011923 3.61973 0.0206993
2.14568939859 3.62713 0.0215485
2.15195789682 3.63509 0.0219511
2.15824033347 3.64174 0.0229943
2.16453048092 3.65102 0.0217006
2.17081716829 3.65776 0.0215681
2.17709912993 3.66677 0.0216529
2.18337674027 3.67589 0.0229329
2.18965452646 3.67971 0.0185067
2.19593814184 3.69033 0.0219643
2.20221722867 3.69866 0.0232904
2.20849850085 3.70818 0.0211965
2.21479372465 3.71639 0.0227212
2.22107581834 3.72695 0.0249386
2.22733812199 3.73631 0.0242002
2.23362792264 3.74182 0.0219049
2.2399287897 3.75391 0.0217988
2.24620084223 3.76027 0.024283
2.2524810722 3.76875 0.0237815
2.25875993301 3.78139 0.0242615
2.26503776668 3.79223 0.0265472
2.27130391144 3.80666 0.0244335
2.27758972822 3.81432 0.0253576
2.28389830542 3.82738 0.0249238
2.29017001225 3.83742 0.0241535
2.29645357402 3.8479 0.0281563
2.30275372852 3.86042 0.0278158
2.30903325986 3.87153 0.0288128
2.31530674049 3.87776 0.0255943
2.32158490306 3.88973 0.0279495
2.3278758488 3.90039 0.0283992
2.33415543799 3.90839 0.0306214
2.34041936871 3.9151 0.0312195
2.34670710068 3.92601 0.0294234
2.3530032916 3.93943 0.0313851
2.35928989445 3.95217 0.0342513
2.36555387699 3.95922 0.0298184
2.37182578571 3.96739 0.0320459
2.3781409032 3.97574 0.0329345
2.38442809259 3.98439 0.031524
2.39069258243 3.99188 0.0284691
2.39698813839 4.00544 0.0352301
2.40330354843 4.0206 0.0405101
2.40957307365 4.01885 0.0328961
2.41583080138 4.03936 0.0364619
2.42214385676 4.0404 0.0349986
2.42843005755 4.04809 0.0396049
2.43467776878 4.05878 0.0371758
2.44097021258 4.07138 0.0351805
2.44729898127 4.08198 0.0422356
2.45356911846 4.08555 0.0425372
2.45980003814 4.0919 0.0414695
2.4661092349 4.10167 0.0378985
2.47241430729 4.1108 0.0374285
2.47866355169 4.11603 0.0415612
2.48493431628 4.13531 0.0357735
2.49124283111 4.13552 0.0435802
2.49755537626 4.1483 0.0490123
2.50380379021 4.15361 0.0469828
2.51005045336 4.16188 0.0493018
2.51638815336 4.1688 0.0558963
2.52269694929 4.18024 0.0492348
2.52891211798 4.18591 0.0489889
2.53519495098 4.18853 0.0500346
2.54155301509 4.2025 0.0504466
2.54783359884 4.20905 0.0469994
2.55402772623 4.22248 0.0541089
2.56033571996 4.23098 0.0607005
2.56672381747 4.23809 0.0559624
2.57294751341 4.24514 0.0575492
2.57911252531 4.24723 0.0598696
2.58547549612 4.25844 0.0581508
2.59185019505 4.26229 0.0553626
2.59805932148 4.26081 0.0671442
2.60429715989 4.27323 0.0662063
2.61067449751 4.27261 0.067669
2.61693283418 4.28706 0.0661864
2.62300854502 4.28351 0.0742084
2.62939753095 4.29655 0.0783694
2.63591057571 4.2919 0.0870692
2.64202978624 4.30215 0.077756
2.64803951219 4.31808 0.0846184
2.65454096229 4.30798 0.0973794
2.66118028258 4.32175 0.0928447
2.66719514746 4.31422 0.111442
2.67309090101 4.31189 0.101268
2.67973176445 4.34137 0.115784
2.68646693102 4.34897 0.114516
2.69219835647 4.33335 0.133087
2.69796467721 4.34224 0.13294
2.70489193937 4.36478 0.123851
2.71182026315 4.36405 0.139596
2.71709790339 4.31902 0.198074
2.7227864466 4.37345 0.167523
2.72994784687 4.33884 0.20018
2.73706528781 4.38058 0.244715
2.74248820391 4.3621 0.357817
2.74787331837 4.41634 0.288242
2.75504313834 4.36896 0.321001
2.76219934437 4.41142 0.496793
2.76789278819 4.32007 0.94881
2.77283198247 4.17622 0.869661
2.77965581172 4.24046 1.64682
2.78599582346 96.8969 2645.93
