0.0088996412247 -0.47945 0.206729
0.0150791221651 -0.468761 0.124074
0.0214479018646 -0.422414 0.0680576
0.0278366077649 -0.407215 0.0727381
0.034350997858 -0.362445 0.0568423
0.0404788676143 -0.32512 0.0533019
0.0467671668358 -0.282081 0.0501422
0.0530822510177 -0.226173 0.049292
0.0594536244094 -0.174489 0.0389012
0.0657622481459 -0.120253 0.0383815
0.071966329067 -0.053635 0.0363829
0.0782786091569 0.00882218 0.0270103
0.0847039894583 0.0708574 0.0303469
0.0909685462053 0.12714 0.0321873
0.0972078977683 0.183198 0.0314357
0.103476303896 0.249212 0.0299728
0.109757644425 0.323636 0.0278497
0.116054308478 0.398392 0.0265024
0.122366966654 0.474363 0.0257637
0.128681726309 0.543484 0.0244308
0.134950080166 0.615217 0.0269316
0.141194955884 0.668858 0.0235124
0.147513357575 0.727445 0.0222182
0.153786507425 0.778456 0.0181141
0.160065754405 0.836896 0.0237698
0.166399116869 0.890058 0.020901
0.172719564578 0.950832 0.0206757
0.178976521338 1.00376 0.0189201
0.185235369065 1.06158 0.0173065
0.191480678734 1.10899 0.0192291
0.197788986865 1.15317 0.0169561
0.204093773545 1.19359 0.0210728
0.210393930261 1.22972 0.0149898
0.216690970982 1.25838 0.0166457
0.222970028122 1.28512 0.0195718
0.229262002709 1.31903 0.0194671
0.235514150837 1.34158 0.0197427
0.241791058382 1.36902 0.0188475
0.248085653944 1.39229 0.0184058
0.254349225687 1.41559 0.0192674
0.260633425188 1.43401 0.0162596
0.26692573709 1.44823 0.0173697
0.273242334314 1.46323 0.0145617
0.279552968008 1.47411 0.016889
0.285836629231 1.48357 0.0172713
0.292087627139 1.49179 0.0169594
0.298344984444 1.50235 0.0162696
0.304638263941 1.50964 0.017155
0.3109279127 1.51842 0.0149218
0.317216817162 1.52679 0.0147417
0.323518756794 1.53203 0.0158251
0.329816821755 1.53625 0.0164406
0.336117642946 1.54435 0.0162879
0.342370037571 1.54656 0.0189159
0.348647819267 1.55333 0.0144911
0.354941161441 1.55978 0.016201
0.361191693542 1.55994 0.0151778
0.367476708956 1.56731 0.0144364
0.373764779528 1.57441 0.0166177
0.380065403148 1.57593 0.0167254
0.386353986126 1.58088 0.0159346
0.392614018136 1.58892 0.016003
0.398926450032 1.59083 0.014897
0.405207324458 1.59517 0.0153413
0.411491647757 1.59758 0.0156446
0.417781427212 1.60644 0.017429
0.424040064873 1.61118 0.0163673
0.430342569027 1.6155 0.0159639
0.436635856026 1.62275 0.0156945
0.442899618322 1.62727 0.0146073
0.449163441853 1.63201 0.0152317
0.455441414625 1.63811 0.0150875
0.46176344703 1.64268 0.0151958
0.468064424202 1.64797 0.0146858
0.474348524276 1.65355 0.0152351
0.480635613682 1.66175 0.0135604
0.486901925839 1.66666 0.0139858
0.49316970996 1.67082 0.015065
0.499450674714 1.67824 0.015106
0.505715905134 1.68088 0.0141828
0.511992399627 1.68609 0.0165285
0.518312609777 1.69273 0.0141262
0.524608963803 1.69696 0.0146811
0.530875730848 1.70343 0.0158111
0.537157352795 1.71219 0.0142836
0.543457956378 1.71625 0.0167703
0.549743065239 1.71923 0.0142919
0.55599374275 1.72577 0.0132177
0.562285467661 1.73456 0.0135233
0.568601153723 1.74054 0.0142882
0.574880458942 1.74309 0.0130489
0.581155021034 1.74892 0.016825
0.587439449666 1.75513 0.0151262
0.59371762203 1.75983 0.0140221
0.599997195479 1.76648 0.0162139
0.606267911512 1.76915 0.0126806
0.612546957644 1.77499 0.015692
0.618847773304 1.78257 0.0142416
0.625131056744 1.7872 0.0135352
0.631402745038 1.79333 0.0132567
0.637700356273 1.7982 0.0143111
0.643985778331 1.80396 0.0135154
0.650268541717 1.80799 0.0125197
0.65655861177 1.81419 0.0156582
0.662836928236 1.82028 0.0145663
0.669118544496 1.82436 0.0146866
0.675407019858 1.83121 0.0153995
0.681683551459 1.83412 0.0140384
0.687959253386 1.84261 0.0164993
0.694234431704 1.84704 0.0142043
0.700517540243 1.8532 0.0134969
0.706812495661 1.85548 0.0139502
0.713101900967 1.86338 0.0142887
0.719391825117 1.86956 0.0128892
0.72568338076 1.87326 0.0155698
0.731965268271 1.87924 0.0144094
0.738250799048 1.88393 0.0139107
0.744526584212 1.89039 0.0134846
0.750787110194 1.89583 0.0149401
0.757075846532 1.90003 0.0146715
0.76336412336 1.90611 0.0153446
0.769646295986 1.91389 0.0144558
0.775939486518 1.91766 0.0133548
0.782232914199 1.92418 0.014803
0.788531493652 1.92932 0.0147098
0.794789656698 1.93558 0.0138268
0.801049109659 1.93918 0.014212
0.807336406173 1.94581 0.0135341
0.813622948837 1.95039 0.0134144
0.819915299896 1.95676 0.0147432
0.826195263639 1.96308 0.0146301
0.832489707008 1.96675 0.0167406
0.838795930921 1.97405 0.0131828
0.84506346397 1.97884 0.0132743
0.851328286756 1.98494 0.0134545
0.85761982639 1.99025 0.0152162
0.863905847706 1.99607 0.0133287
0.870183874549 2.00164 0.0123876
0.876464109608 2.00788 0.0139082
0.88275038734 2.01284 0.0132461
0.889033276839 2.01923 0.0142758
0.895308424711 2.02446 0.0131718
0.901595652167 2.0306 0.0125106
0.907883332809 2.03508 0.0147278
0.914174410632 2.04008 0.0130668
0.920463081772 2.04717 0.0135113
0.926743441526 2.0529 0.0140057
0.933032419735 2.0602 0.0133992
0.939326578557 2.06457 0.0154468
0.94559748104 2.07035 0.0133776
0.951866001855 2.07591 0.0149191
0.958141325553 2.08121 0.0130496
0.964435094511 2.08755 0.014225
0.970735563357 2.09563 0.0129357
0.977008076845 2.10183 0.0142659
0.983282332536 2.10584 0.0137809
0.989556969197 2.11181 0.0126184
0.995845630192 2.11961 0.0135501
1.00213621074 2.12567 0.013098
1.00840482534 2.13123 0.0146487
1.01469414984 2.13681 0.0145649
1.02099255544 2.14415 0.012642
1.02727398044 2.14763 0.0149266
1.0335591819 2.1554 0.0139254
1.03984755739 2.16174 0.01409
1.04612697494 2.16755 0.0133394
1.05240343681 2.17309 0.0135881
1.05868070465 2.18072 0.0126994
1.06496433307 2.18692 0.014449
1.07125677744 2.19238 0.01406
1.0775440488 2.19765 0.0123162
1.08382482019 2.20758 0.0138665
1.09010802394 2.21139 0.0140205
1.09638966596 2.21853 0.0130917
1.10268113206 2.22361 0.0131821
1.10896304759 2.23038 0.0131048
1.11522542846 2.23827 0.0128889
1.12150212761 2.24443 0.0140153
1.12779257382 2.25045 0.01301
1.13408955267 2.25712 0.0128838
1.14036404965 2.26399 0.0132319
1.14663918032 2.27039 0.0138883
1.15294241299 2.27709 0.0132021
1.15922890675 2.28356 0.0115225
1.16550872189 2.28929 0.0138614
1.17179307626 2.29728 0.0145512
1.17808743637 2.30551 0.0140503
1.18436765425 2.31082 0.0134637
1.1906346423 2.31715 0.0126089
1.19691220883 2.32399 0.0130907
1.20320157735 2.32944 0.0140254
1.20948684444 2.33782 0.0124896
1.21576390207 2.34551 0.0126899
1.22204975517 2.35002 0.0134634
1.22834061662 2.35785 0.0130227
1.23463298658 2.36419 0.0122113
1.24090224718 2.37195 0.0133292
1.24717483914 2.37918 0.0131489
1.25346545993 2.3866 0.0132763
1.25974995189 2.39195 0.0131799
1.26603214313 2.40073 0.0138985
1.27231628847 2.40665 0.013994
1.27860415506 2.41336 0.0138781
1.28488658893 2.42005 0.0139938
1.29117542007 2.42764 0.0124308
1.29746572637 2.43506 0.0136286
1.30374182701 2.44088 0.013677
1.31001732292 2.44844 0.0140541
1.31630144766 2.45537 0.0132707
1.32258676036 2.46334 0.0134969
1.32886549245 2.47074 0.0139047
1.33514480495 2.47716 0.0131167
1.34144051627 2.48472 0.0134809
1.34773086842 2.49197 0.0136932
1.35400158999 2.4995 0.012704
1.3602826093 2.50666 0.0136163
1.36656568646 2.51267 0.0133254
1.37285149848 2.52003 0.0134647
1.37913537293 2.5277 0.0136114
1.38540956715 2.534 0.0140812
1.39169864122 2.5419 0.0131315
1.39798445144 2.54866 0.0132369
1.40426788341 2.55601 0.0125878
1.41055477948 2.56338 0.0137688
1.41683783355 2.57157 0.0139739
1.42311817719 2.57749 0.0139052
1.42939780116 2.58502 0.0135689
1.43568692182 2.5925 0.0131615
1.44197712177 2.59965 0.0139153
1.44825366785 2.60637 0.0146929
1.45453234897 2.61364 0.0145075
1.46081931915 2.62059 0.013746
1.4671103644 2.62683 0.0130944
1.47339290895 2.63472 0.0135887
1.47966996524 2.64201 0.0138542
1.4859561446 2.64798 0.0135778
1.49223361076 2.65535 0.01384
1.49850247038 2.66196 0.0132863
1.50478575205 2.66803 0.0133445
1.51107599189 2.67543 0.0132574
1.51736163499 2.68246 0.0131141
1.52364857097 2.68848 0.0135367
1.52993803572 2.69589 0.014245
1.53623017691 2.70272 0.0133409
1.54251071878 2.70896 0.0127722
1.54878396308 2.71535 0.0138824
1.55507306978 2.72111 0.0127267
1.56135732493 2.72733 0.0132674
1.56762912105 2.73407 0.014302
1.5739136974 2.74058 0.0138195
1.58020354523 2.74647 0.0140457
1.58648539343 2.75039 0.0141143
1.59276001426 2.75643 0.013035
1.59904643639 2.76372 0.0133895
1.60534213664 2.76878 0.0143677
1.61161976836 2.77633 0.0146787
1.61789716835 2.78467 0.0133756
1.62418270854 2.79436 0.0138069
1.63046407995 2.80391 0.0146275
1.63674824683 2.8121 0.0142375
1.64303013827 2.82177 0.0139823
1.64930808063 2.83179 0.0137883
1.65559224863 2.83938 0.0136922
1.66187827598 2.84575 0.0151043
1.66816823994 2.85637 0.0148463
1.6744495611 2.865 0.0141397
1.68072138563 2.87314 0.0131534
1.68701215424 2.88177 0.0144994
1.6933074808 2.88915 0.013748
1.69958064303 2.89713 0.0159632
1.70586179344 2.90425 0.0140577
1.71215172419 2.91527 0.0144155
1.71843538617 2.92328 0.014177
1.72471844694 2.93119 0.0138612
1.73099491844 2.93944 0.0144959
1.73728636032 2.94947 0.0150643
1.74356630258 2.95595 0.014106
1.74983600778 2.96357 0.0140216
1.75612327869 2.9726 0.0133754
1.76241061606 2.98093 0.0146283
1.76869357896 2.98863 0.0151632
1.77497674839 2.99757 0.0147527
1.78126362161 3.00437 0.0149856
1.78754574761 3.01405 0.0152762
1.7938272923 3.02208 0.0144763
1.80010772174 3.03042 0.0168575
1.80639091391 3.03836 0.0157548
1.81267451427 3.04421 0.0148483
1.81895363524 3.05134 0.0161123
1.82523850291 3.06008 0.01591
1.8315236862 3.06822 0.0169113
1.83781040898 3.07569 0.0141208
1.84409642612 3.08515 0.01678
1.8503769215 3.0932 0.0161155
1.85666074594 3.10123 0.0169316
1.86294359809 3.10863 0.0147425
1.86922204917 3.11732 0.0158596
1.87550781357 3.12511 0.0148532
1.88179499507 3.13231 0.0166015
1.88807781314 3.14018 0.0164109
1.89435244502 3.14779 0.0160794
1.90063796885 3.15669 0.0165405
1.90692833723 3.16484 0.016629
1.91320221586 3.17116 0.0166292
1.91948223445 3.17939 0.016751
1.92577010575 3.18885 0.015558
1.93206491035 3.19624 0.0164842
1.93834071151 3.20326 0.0165151
1.94460828613 3.21137 0.0159303
1.9508968614 3.21967 0.0177632
1.95718811973 3.22774 0.0185689
1.96347509207 3.23307 0.0175894
1.9697553281 3.24347 0.018398
1.9760413775 3.25039 0.0160535
1.98233260336 3.25828 0.0175223
1.98861171931 3.26551 0.0171002
1.99488792869 3.27221 0.0178655
2.00117304134 3.28044 0.0174215
2.00745262249 3.29057 0.0176999
2.01372721862 3.29826 0.0170764
2.02001108039 3.30251 0.0176219
2.02630405283 3.31214 0.017867
2.03258735828 3.31856 0.017581
2.03886100377 3.3279 0.0186437
2.04514489951 3.33312 0.0162337
2.05143683626 3.3406 0.0192443
2.05772382203 3.34794 0.017358
2.0640044634 3.35447 0.0206717
2.07029278421 3.36214 0.0182991
2.07658471853 3.37065 0.0183021
2.08285424307 3.37789 0.01668
2.08912259138 3.38591 0.0191113
2.09541730178 3.39103 0.0200352
2.10170304464 3.40091 0.0184038
2.10797273337 3.40627 0.0221717
2.11425579676 3.4147 0.0192378
2.12053788985 3.4206 0.0201202
2.12682075079 3.42747 0.0195375
2.13310670204 3.43338 0.0190406
2.13940011923 3.43946 0.0200334
2.14568939859 3.44985 0.0217773
2.15195789682 3.45522 0.0213552
2.15824033347 3.46008 0.0220498
2.16453048092 3.46795 0.0192654
2.17081716829 3.47478 0.0207762
2.17709912993 3.48036 0.0205116
2.18337674027 3.4885 0.0232809
2.18965452646 3.49358 0.0209575
2.19593814184 3.50042 0.0220233
2.20221722867 3.50883 0.0227965
2.20849850085 3.51429 0.0220427
2.21479372465 3.52237 0.0234866
2.22107581834 3.52896 0.0209384
2.22733812199 3.53486 0.0224194
2.23362792264 3.54184 0.0223795
2.2399287897 3.54887 0.0258064
2.24620084223 3.55816 0.0224342
2.2524810722 3.56493 0.0238053
2.25875993301 3.57605 0.0240966
2.26503776668 3.58226 0.0255004
2.27130391144 3.59034 0.0254243
2.27758972822 3.60525 0.0270443
2.28389830542 3.61098 0.0252762
2.29017001225 3.62211 0.0271733
2.29645357402 3.63427 0.0267948
2.30275372852 3.63795 0.0238323
2.30903325986 3.64597 0.0270733
2.31530674049 3.6527 0.0268478
2.32158490306 3.66446 0.0299986
2.3278758488 3.6711 0.0288907
2.33415543799 3.67669 0.0296143
2.34041936871 3.68722 0.0267771
2.34670710068 3.69379 0.0277718
2.3530032916 3.69935 0.0296522
2.35928989445 3.71058 0.0305483
2.36555387699 3.7157 0.0300887
2.37182578571 3.72563 0.0321046
2.3781409032 3.73349 0.0302744
2.38442809259 3.73939 0.0311655
2.39069258243 3.74525 0.031347
2.39698813839 3.75585 0.0302549
2.40330354843 3.76127 0.0314515
2.40957307365 3.7688 0.0311892
2.41583080138 3.7762 0.034926
2.42214385676 3.78128 0.0321782
2.42843005755 3.79465 0.0361633
2.43467776878 3.79653 0.0312941
2.44097021258 3.8082 0.0362014
2.44729898127 3.81259 0.0404493
2.45356911846 3.81906 0.0362002
2.45980003814 3.82261 0.0361329
2.4661092349 3.83245 0.0367303
2.47241430729 3.83494 0.0386586
2.47866355169 3.84502 0.0397209
2.48493431628 3.84787 0.039369
2.49124283111 3.85564 0.0390692
2.49755537626 3.86711 0.0383979
2.50380379021 3.87379 0.042598
2.51005045336 3.88273 0.0449653
2.51638815336 3.88491 0.0479603
2.52269694929 3.89565 0.0466604
2.52891211798 3.89503 0.0517954
2.53519495098 3.89375 0.0422145
2.54155301509 3.91148 0.0457475
2.54783359884 3.91159 0.0468648
2.55402772623 3.91687 0.0555027
2.56033571996 3.92406 0.052963
2.56672381747 3.93362 0.0498119
2.57294751341 3.93006 0.0532273
2.57911252531 3.93727 0.058007
2.58547549612 3.94462 0.0571025
2.59185019505 3.9575 0.0578234
2.59805932148 3.95631 0.0632961
2.60429715989 3.96572 0.0640444
2.61067449751 3.96984 0.0666845
2.61693283418 3.97233 0.0709579
2.62300854502 3.97046 0.0757141
2.62939753095 3.97271 0.0742505
2.63591057571 3.99121 0.0797429
2.64202978624 3.9979 0.0727864
2.64803951219 3.99103 0.0914484
2.65454096229 3.99971 0.0879692
2.66118028258 3.99756 0.0943665
2.66719514746 3.99475 0.112761
2.67309090101 4.01356 0.0964951
2.67973176445 4.01834 0.11809
2.68646693102 4.01028 0.101569
2.69219835647 4.00777 0.121372
2.69796467721 3.99816 0.117065
2.70489193937 3.99813 0.124155
2.71182026315 4.02205 0.131924
2.71709790339 4.02943 0.193103
2.7227864466 4.03769 0.170685
2.72994784687 4.03032 0.1744
2.73706528781 4.04369 0.207862
2.74248820391 3.9489 0.32663
2.74787331837 4.0434 0.237391
2.75504313834 4.05401 0.314148
2.76219934437 3.98024 0.415856
2.76789278819 3.93754 0.785587
2.77283198247 4.01359 0.875095
2.77965581172 3.94318 1.91642
2.78599582346 -8.58826 115.834
