0.0088996412247 -2.40047 0.301726
0.0150791221651 -2.34066 0.183045
0.0214479018646 -2.14188 0.109067
0.0278366077649 -1.9659 0.097726
0.034350997858 -1.72615 0.0883932
0.0404788676143 -1.47293 0.0786297
0.0467671668358 -1.20413 0.0632259
0.0530822510177 -0.913262 0.0723483
0.0594536244094 -0.620325 0.059809
0.0657622481459 -0.335187 0.0508432
0.071966329067 -0.0651146 0.0474287
0.0782786091569 0.187579 0.0431609
0.0847039894583 0.419091 0.0412839
0.0909685462053 0.617185 0.0411498
0.0972078977683 0.780371 0.0379288
0.103476303896 0.9432 0.0327443
0.109757644425 1.08107 0.0331637
0.116054308478 1.19962 0.0307593
0.122366966654 1.30401 0.0300629
0.128681726309 1.37988 0.0299023
0.134950080166 1.43656 0.0282187
0.141194955884 1.46782 0.0278241
0.147513357575 1.48735 0.0244085
0.153786507425 1.50112 0.0214699
0.160065754405 1.51146 0.0280619
0.166399116869 1.5173 0.0249801
0.172719564578 1.53054 0.0222306
0.178976521338 1.53965 0.0232559
0.185235369065 1.55 0.0229406
0.191480678734 1.55258 0.0222156
0.197788986865 1.55709 0.0211444
0.204093773545 1.55186 0.0222367
0.210393930261 1.55927 0.0196431
0.216690970982 1.55199 0.0198349
0.222970028122 1.55448 0.0188046
0.229262002709 1.56302 0.0236089
0.235514150837 1.56302 0.0196778
0.241791058382 1.57075 0.0191527
0.248085653944 1.5737 0.019697
0.254349225687 1.58322 0.0194122
0.260633425188 1.58733 0.016696
0.26692573709 1.59076 0.018675
0.273242334314 1.59482 0.0169407
0.279552968008 1.59851 0.0184846
0.285836629231 1.60299 0.0182841
0.292087627139 1.60692 0.0168758
0.298344984444 1.61279 0.0182428
0.304638263941 1.6148 0.0181999
0.3109279127 1.6199 0.0153931
0.317216817162 1.62863 0.0160619
0.323518756794 1.63112 0.0158592
0.329816821755 1.63725 0.0167655
0.336117642946 1.6436 0.0160511
0.342370037571 1.64669 0.0193918
0.348647819267 1.65298 0.0155464
0.354941161441 1.6557 0.0165516
0.361191693542 1.65869 0.0161966
0.367476708956 1.66586 0.0156882
0.373764779528 1.67286 0.0154616
0.380065403148 1.67448 0.0161947
0.386353986126 1.67824 0.015538
0.392614018136 1.68667 0.0155567
0.398926450032 1.68859 0.0164287
0.405207324458 1.69314 0.0156337
0.411491647757 1.69419 0.0157388
0.417781427212 1.70094 0.0179698
0.424040064873 1.70611 0.0165766
0.430342569027 1.711 0.0153179
0.436635856026 1.71537 0.0159942
0.442899618322 1.71777 0.015514
0.449163441853 1.72325 0.0178251
0.455441414625 1.72832 0.0153846
0.46176344703 1.7307 0.0154395
0.468064424202 1.73561 0.015082
0.474348524276 1.73953 0.0169119
0.480635613682 1.74525 0.0134796
0.486901925839 1.75007 0.0149806
0.49316970996 1.75174 0.0165235
0.499450674714 1.75869 0.0142403
0.505715905134 1.75978 0.0148822
0.511992399627 1.76367 0.0168008
0.518312609777 1.7692 0.0145332
0.524608963803 1.77299 0.0139433
0.530875730848 1.77829 0.0143732
0.537157352795 1.78429 0.0141866
0.543457956378 1.78596 0.0151821
0.549743065239 1.78991 0.0152849
0.55599374275 1.79412 0.015548
0.562285467661 1.80149 0.0150706
0.568601153723 1.80653 0.014615
0.574880458942 1.80736 0.0154548
0.581155021034 1.81123 0.0175593
0.587439449666 1.81751 0.016013
0.59371762203 1.81966 0.0147034
0.599997195479 1.82513 0.0164312
0.606267911512 1.82876 0.0148344
0.612546957644 1.83294 0.0154729
0.618847773304 1.83884 0.0150925
0.625131056744 1.8427 0.013708
0.631402745038 1.84666 0.0134804
0.637700356273 1.85187 0.0144715
0.643985778331 1.85532 0.0136606
0.650268541717 1.85921 0.0136122
0.65655861177 1.86479 0.0146409
0.662836928236 1.86968 0.0149235
0.669118544496 1.87242 0.014369
0.675407019858 1.87869 0.0156204
0.681683551459 1.88147 0.0138027
0.687959253386 1.8878 0.015901
0.694234431704 1.89022 0.0139751
0.700517540243 1.89555 0.0137096
0.706812495661 1.89906 0.0140887
0.713101900967 1.90405 0.0152804
0.719391825117 1.90997 0.0136532
0.72568338076 1.91398 0.0147141
0.731965268271 1.91858 0.0143025
0.738250799048 1.92228 0.0135605
0.744526584212 1.92705 0.0145165
0.750787110194 1.93303 0.0151998
0.757075846532 1.93569 0.0145204
0.76336412336 1.94204 0.0147139
0.769646295986 1.9466 0.0151946
0.775939486518 1.95072 0.0141031
0.782232914199 1.95672 0.0148308
0.788531493652 1.96107 0.0138946
0.794789656698 1.96729 0.0141866
0.801049109659 1.96925 0.0140307
0.807336406173 1.97495 0.0137969
0.813622948837 1.97941 0.0123917
0.819915299896 1.98464 0.0146107
0.826195263639 1.98978 0.0145994
0.832489707008 1.99354 0.016837
0.838795930921 2.00036 0.0134448
0.84506346397 2.00425 0.013972
0.851328286756 2.00954 0.0133403
0.85761982639 2.01424 0.0155925
0.863905847706 2.01864 0.0139451
0.870183874549 2.02451 0.0141472
0.876464109608 2.02977 0.0144447
0.88275038734 2.0349 0.0144843
0.889033276839 2.03951 0.0151401
0.895308424711 2.04506 0.0136877
0.901595652167 2.05104 0.0129292
0.907883332809 2.05449 0.0150456
0.914174410632 2.05857 0.0141529
0.920463081772 2.0654 0.0130633
0.926743441526 2.07099 0.0130724
0.933032419735 2.07735 0.0133482
0.939326578557 2.08185 0.0141148
0.94559748104 2.08717 0.0141797
0.951866001855 2.09208 0.0146613
0.958141325553 2.09755 0.0130262
0.964435094511 2.10251 0.0141864
0.970735563357 2.10941 0.0134043
0.977008076845 2.11542 0.0139468
0.983282332536 2.11979 0.0139996
0.989556969197 2.12385 0.0134355
0.995845630192 2.13064 0.0137502
1.00213621074 2.13676 0.0139552
1.00840482534 2.1424 0.014862
1.01469414984 2.14766 0.0145705
1.02099255544 2.15468 0.0132034
1.02727398044 2.15857 0.0145874
1.0335591819 2.16474 0.0136787
1.03984755739 2.17057 0.0146357
1.04612697494 2.17634 0.0135645
1.05240343681 2.18186 0.0145513
1.05868070465 2.18896 0.0122196
1.06496433307 2.19516 0.0145853
1.07125677744 2.20066 0.0136934
1.0775440488 2.20539 0.0130412
1.08382482019 2.21415 0.0136034
1.09010802394 2.21797 0.014231
1.09638966596 2.22475 0.0136223
1.10268113206 2.22933 0.0139915
1.10896304759 2.23534 0.0143341
1.11522542846 2.24345 0.0124926
1.12150212761 2.24957 0.0140926
1.12779257382 2.25461 0.0128773
1.13408955267 2.26097 0.0134116
1.14036404965 2.26693 0.0140685
1.14663918032 2.27424 0.0129987
1.15294241299 2.28045 0.0140469
1.15922890675 2.28598 0.0129718
1.16550872189 2.29245 0.012928
1.17179307626 2.30045 0.01405
1.17808743637 2.30677 0.014162
1.18436765425 2.31296 0.0135005
1.1906346423 2.31881 0.0129339
1.19691220883 2.325 0.0128039
1.20320157735 2.33037 0.0146164
1.20948684444 2.33901 0.0119939
1.21576390207 2.34595 0.013162
1.22204975517 2.35028 0.0131267
1.22834061662 2.35802 0.0134101
1.23463298658 2.36367 0.0134581
1.24090224718 2.37059 0.0122581
1.24717483914 2.37785 0.0133376
1.25346545993 2.3855 0.0131552
1.25974995189 2.39075 0.0134243
1.26603214313 2.39826 0.0130745
1.27231628847 2.40481 0.0136849
1.27860415506 2.41166 0.0143863
1.28488658893 2.41771 0.0141776
1.29117542007 2.42474 0.0136178
1.29746572637 2.43187 0.0130196
1.30374182701 2.43904 0.0129924
1.31001732292 2.44543 0.0139398
1.31630144766 2.45189 0.0132167
1.32258676036 2.45936 0.013555
1.32886549245 2.46742 0.0139181
1.33514480495 2.47456 0.0137731
1.34144051627 2.48063 0.0121837
1.34773086842 2.48829 0.0139388
1.35400158999 2.49535 0.0129489
1.3602826093 2.5023 0.0133146
1.36656568646 2.5079 0.0125699
1.37285149848 2.51543 0.0132943
1.37913537293 2.52274 0.0140272
1.38540956715 2.52924 0.0128532
1.39169864122 2.53656 0.0131423
1.39798445144 2.54376 0.0136369
1.40426788341 2.55067 0.0136546
1.41055477948 2.55826 0.014281
1.41683783355 2.56525 0.0138452
1.42311817719 2.57223 0.0129313
1.42939780116 2.57949 0.0135917
1.43568692182 2.58674 0.013666
1.44197712177 2.59404 0.0134427
1.44825366785 2.59994 0.0136364
1.45453234897 2.60806 0.0147335
1.46081931915 2.61443 0.014258
1.4671103644 2.62003 0.0133578
1.47339290895 2.62846 0.0141227
1.47966996524 2.63478 0.0141544
1.4859561446 2.64065 0.0127057
1.49223361076 2.64848 0.0133339
1.49850247038 2.6548 0.0125432
1.50478575205 2.66132 0.0128362
1.51107599189 2.66795 0.0137653
1.51736163499 2.67451 0.0136044
1.52364857097 2.68032 0.0137533
1.52993803572 2.68884 0.0128765
1.53623017691 2.69451 0.0137888
1.54251071878 2.70115 0.0130405
1.54878396308 2.70743 0.0128245
1.55507306978 2.71396 0.0127354
1.56135732493 2.71969 0.0134472
1.56762912105 2.7257 0.0142615
1.5739136974 2.73159 0.0133754
1.58020354523 2.73906 0.0131761
1.58648539343 2.74212 0.0136979
1.59276001426 2.74817 0.012244
1.59904643639 2.75495 0.0136725
1.60534213664 2.76065 0.0136864
1.61161976836 2.76821 0.0143879
1.61789716835 2.77655 0.0121823
1.62418270854 2.78619 0.0131916
1.63046407995 2.79509 0.0142476
1.63674824683 2.80248 0.0134679
1.64303013827 2.81286 0.0138385
1.64930808063 2.82268 0.0133757
1.65559224863 2.8303 0.0140571
1.66187827598 2.83697 0.0145786
1.66816823994 2.84735 0.0146228
1.6744495611 2.85538 0.0136366
1.68072138563 2.86375 0.01431
1.68701215424 2.87214 0.0140813
1.6933074808 2.87964 0.0145743
1.69958064303 2.88839 0.01436
1.70586179344 2.89501 0.0139636
1.71215172419 2.90567 0.0146622
1.71843538617 2.91413 0.014839
1.72471844694 2.92143 0.0132781
1.73099491844 2.93006 0.0139744
1.73728636032 2.93868 0.0138979
1.74356630258 2.94546 0.0150455
1.74983600778 2.95345 0.0148689
1.75612327869 2.96247 0.0133606
1.76241061606 2.97037 0.0135909
1.76869357896 2.97886 0.0147417
1.77497674839 2.98795 0.0137416
1.78126362161 2.99432 0.0158588
1.78754574761 3.00424 0.0146315
1.7938272923 3.0112 0.0142978
1.80010772174 3.01912 0.0160725
1.80639091391 3.02845 0.0150307
1.81267451427 3.03434 0.0150752
1.81895363524 3.04114 0.0151417
1.82523850291 3.0497 0.0158505
1.8315236862 3.05835 0.0161081
1.83781040898 3.06462 0.0139156
1.84409642612 3.074 0.0164864
1.8503769215 3.08285 0.0155591
1.85666074594 3.0914 0.0157687
1.86294359809 3.09803 0.0148597
1.86922204917 3.1073 0.0160096
1.87550781357 3.11375 0.0153762
1.88179499507 3.12082 0.0152112
1.88807781314 3.12896 0.0146083
1.89435244502 3.13673 0.016257
1.90063796885 3.14599 0.0165795
1.90692833723 3.15444 0.0162922
1.91320221586 3.1608 0.0156908
1.91948223445 3.16766 0.0160193
1.92577010575 3.17825 0.0150642
1.93206491035 3.18486 0.0172606
1.93834071151 3.1917 0.0159518
1.94460828613 3.19979 0.0152687
1.9508968614 3.20839 0.017841
1.95718811973 3.21679 0.0180295
1.96347509207 3.2221 0.0175257
1.9697553281 3.23218 0.0182912
1.9760413775 3.24061 0.0163684
1.98233260336 3.24756 0.0181164
1.98861171931 3.25428 0.0168063
1.99488792869 3.26138 0.0166943
2.00117304134 3.26884 0.017407
2.00745262249 3.27855 0.0163391
2.01372721862 3.28707 0.0166717
2.02001108039 3.29143 0.0169879
2.02630405283 3.30067 0.0169882
2.03258735828 3.30706 0.0186707
2.03886100377 3.31563 0.0186079
2.04514489951 3.32174 0.016776
2.05143683626 3.32945 0.0184494
2.05772382203 3.33665 0.0173223
2.0640044634 3.34274 0.0199439
2.07029278421 3.3511 0.0182905
2.07658471853 3.35959 0.0167915
2.08285424307 3.36755 0.0174246
2.08912259138 3.37519 0.0192384
2.09541730178 3.37983 0.0195644
2.10170304464 3.38958 0.0187267
2.10797273337 3.39494 0.0207828
2.11425579676 3.40297 0.0191747
2.12053788985 3.40976 0.0206131
2.12682075079 3.4146 0.018729
2.13310670204 3.42159 0.0183202
2.13940011923 3.42887 0.0189463
2.14568939859 3.43732 0.0210825
2.15195789682 3.44347 0.022273
2.15824033347 3.44827 0.0214436
2.16453048092 3.45744 0.0193055
2.17081716829 3.46282 0.021347
2.17709912993 3.4699 0.019547
2.18337674027 3.47631 0.0225816
2.18965452646 3.48126 0.0210201
2.19593814184 3.48954 0.0209632
2.20221722867 3.49439 0.0216734
2.20849850085 3.50195 0.0211233
2.21479372465 3.51075 0.0219834
2.22107581834 3.51632 0.0230135
2.22733812199 3.52473 0.021806
2.23362792264 3.5286 0.0209108
2.2399287897 3.53814 0.021982
2.24620084223 3.54674 0.0209768
2.2524810722 3.55308 0.0246135
2.25875993301 3.56339 0.0227014
2.26503776668 3.57021 0.0242609
2.27130391144 3.57856 0.0266115
2.27758972822 3.59174 0.0263086
2.28389830542 3.59986 0.0243026
2.29017001225 3.61095 0.0235008
2.29645357402 3.62007 0.0258351
2.30275372852 3.62689 0.0226426
2.30903325986 3.6367 0.0267499
2.31530674049 3.64272 0.0253561
2.32158490306 3.65027 0.0299361
2.3278758488 3.66001 0.0284512
2.33415543799 3.66407 0.0273607
2.34041936871 3.67357 0.0285484
2.34670710068 3.68014 0.0266691
2.3530032916 3.68887 0.0278365
2.35928989445 3.69601 0.0293314
2.36555387699 3.70045 0.0309281
2.37182578571 3.71456 0.0336923
2.3781409032 3.72316 0.0314178
2.38442809259 3.72883 0.0295103
2.39069258243 3.73115 0.0310417
2.39698813839 3.74252 0.0295312
2.40330354843 3.7493 0.0296664
2.40957307365 3.7556 0.0298665
2.41583080138 3.76269 0.0334595
2.42214385676 3.77004 0.0335129
2.42843005755 3.78121 0.0340494
2.43467776878 3.78322 0.0309758
2.44097021258 3.79233 0.0363441
2.44729898127 3.80034 0.0382066
2.45356911846 3.80735 0.0362404
2.45980003814 3.80807 0.0349217
2.4661092349 3.81964 0.0362881
2.47241430729 3.82404 0.0364884
2.47866355169 3.83278 0.0380121
2.48493431628 3.83822 0.0398979
2.49124283111 3.84283 0.0372638
2.49755537626 3.84992 0.0366072
2.50380379021 3.85713 0.040354
2.51005045336 3.86534 0.0434959
2.51638815336 3.87094 0.0495348
2.52269694929 3.87602 0.0429816
2.52891211798 3.87973 0.0462429
2.53519495098 3.88236 0.0475079
2.54155301509 3.89527 0.0452937
2.54783359884 3.8989 0.0456907
2.55402772623 3.90872 0.0549965
2.56033571996 3.9088 0.0579796
2.56672381747 3.92454 0.0563843
2.57294751341 3.91629 0.0489027
2.57911252531 3.91958 0.0524082
2.58547549612 3.93436 0.0587077
2.59185019505 3.94442 0.0593699
2.59805932148 3.9381 0.0644007
2.60429715989 3.95144 0.06642
2.61067449751 3.9537 0.0627098
2.61693283418 3.95113 0.0769726
2.62300854502 3.94572 0.0758515
2.62939753095 3.94806 0.0714047
2.63591057571 3.97664 0.068024
2.64202978624 3.97328 0.0810978
2.64803951219 3.98527 0.089102
2.65454096229 3.98527 0.0809554
2.66118028258 3.98142 0.0944908
2.66719514746 3.98351 0.118229
2.67309090101 3.98421 0.10792
2.67973176445 3.99815 0.113574
2.68646693102 4.00558 0.10334
2.69219835647 3.996 0.132155
2.69796467721 3.99367 0.115356
2.70489193937 3.9836 0.101892
2.71182026315 3.99746 0.151808
2.71709790339 3.99849 0.167799
2.7227864466 4.02764 0.170313
2.72994784687 4.03284 0.16898
2.73706528781 4.03534 0.203842
2.74248820391 3.94076 0.331745
2.74787331837 4.06469 0.261911
2.75504313834 4.0446 0.34866
2.76219934437 3.9554 0.402026
2.76789278819 3.89624 0.791051
2.77283198247 4.04051 0.889368
2.77965581172 3.87423 1.89339
2.78599582346 -0.124333 73.8384
