0.0088996412247 1.00086 0.137807
0.0150791221651 1.00918 0.0737101
0.0214479018646 1.00975 0.0444757
0.0278366077649 1.01404 0.0453205
0.034350997858 1.02508 0.0347092
0.0404788676143 1.02427 0.032215
0.0467671668358 1.02532 0.0308912
0.0530822510177 1.03559 0.0303541
0.0594536244094 1.03782 0.0264971
0.0657622481459 1.03731 0.0231221
0.071966329067 1.04496 0.0238764
0.0782786091569 1.04751 0.0192921
0.0847039894583 1.0439 0.0218189
0.0909685462053 1.04671 0.0224279
0.0972078977683 1.04816 0.0188568
0.103476303896 1.04776 0.0214084
0.109757644425 1.05077 0.0203887
0.116054308478 1.04926 0.0210592
0.122366966654 1.05695 0.0184046
0.128681726309 1.06014 0.0190728
0.134950080166 1.06225 0.0171202
0.141194955884 1.05799 0.017145
0.147513357575 1.05851 0.0177423
0.153786507425 1.05315 0.0166105
0.160065754405 1.05556 0.0168673
0.166399116869 1.05667 0.0152651
0.172719564578 1.06202 0.0167041
0.178976521338 1.06171 0.0154467
0.185235369065 1.06898 0.0156104
0.191480678734 1.07419 0.0162873
0.197788986865 1.07623 0.0160283
0.204093773545 1.07723 0.015079
0.210393930261 1.07885 0.0143037
0.216690970982 1.07997 0.0150896
0.222970028122 1.0813 0.017432
0.229262002709 1.08483 0.0166804
0.235514150837 1.08335 0.017314
0.241791058382 1.09121 0.0144536
0.248085653944 1.0985 0.0180154
0.254349225687 1.10271 0.0139777
0.260633425188 1.1068 0.0125668
0.26692573709 1.10935 0.014064
0.273242334314 1.11653 0.0129352
0.279552968008 1.11914 0.0157887
0.285836629231 1.12258 0.0160333
0.292087627139 1.12799 0.0129209
0.298344984444 1.13456 0.0143868
0.304638263941 1.13809 0.0139128
0.3109279127 1.1429 0.0126035
0.317216817162 1.15101 0.0136656
0.323518756794 1.15527 0.014642
0.329816821755 1.1645 0.0141524
0.336117642946 1.17301 0.0145866
0.342370037571 1.17627 0.0154232
0.348647819267 1.18379 0.0117716
0.354941161441 1.18922 0.0140149
0.361191693542 1.19649 0.0131832
0.367476708956 1.20609 0.0125576
0.373764779528 1.21272 0.0137736
0.380065403148 1.21947 0.0135177
0.386353986126 1.22639 0.0134413
0.392614018136 1.23706 0.0131841
0.398926450032 1.2428 0.0125113
0.405207324458 1.2497 0.0130984
0.411491647757 1.25643 0.0134355
0.417781427212 1.26505 0.0138582
0.424040064873 1.27539 0.0148034
0.430342569027 1.28327 0.0123603
0.436635856026 1.29155 0.013862
0.442899618322 1.29956 0.0129833
0.449163441853 1.30758 0.0121405
0.455441414625 1.31618 0.012824
0.46176344703 1.32476 0.0141559
0.468064424202 1.33365 0.0133369
0.474348524276 1.34171 0.0151281
0.480635613682 1.35293 0.0113674
0.486901925839 1.36216 0.013146
0.49316970996 1.36835 0.0135448
0.499450674714 1.38094 0.0138275
0.505715905134 1.38605 0.0134718
0.511992399627 1.39652 0.0132353
0.518312609777 1.40482 0.0120805
0.524608963803 1.41336 0.0133891
0.530875730848 1.42369 0.0136239
0.537157352795 1.4341 0.0136458
0.543457956378 1.44146 0.0132144
0.549743065239 1.44999 0.0129393
0.55599374275 1.45917 0.0112431
0.562285467661 1.47057 0.0121878
0.568601153723 1.48184 0.0120071
0.574880458942 1.48958 0.0125646
0.581155021034 1.4991 0.0134859
0.587439449666 1.50727 0.0139192
0.59371762203 1.51621 0.0130653
0.599997195479 1.52571 0.0147787
0.606267911512 1.53528 0.0126084
0.612546957644 1.54376 0.0140602
0.618847773304 1.5539 0.0125658
0.625131056744 1.56388 0.0125233
0.631402745038 1.57117 0.0134932
0.637700356273 1.58061 0.0131095
0.643985778331 1.59013 0.0121714
0.650268541717 1.59854 0.0131637
0.65655861177 1.60871 0.013224
0.662836928236 1.61921 0.0141646
0.669118544496 1.62599 0.0137477
0.675407019858 1.63624 0.0140945
0.681683551459 1.6438 0.0138572
0.687959253386 1.65454 0.0151256
0.694234431704 1.6629 0.013161
0.700517540243 1.67228 0.012526
0.706812495661 1.6802 0.013178
0.713101900967 1.68955 0.0129294
0.719391825117 1.69892 0.0122578
0.72568338076 1.70617 0.0147871
0.731965268271 1.71709 0.0134858
0.738250799048 1.72432 0.0133804
0.744526584212 1.73255 0.0128221
0.750787110194 1.74187 0.0138578
0.757075846532 1.74914 0.0128986
0.76336412336 1.75987 0.0123223
0.769646295986 1.76757 0.0128389
0.775939486518 1.77359 0.0126164
0.782232914199 1.78398 0.0130255
0.788531493652 1.79378 0.0132434
0.794789656698 1.80194 0.0136374
0.801049109659 1.80772 0.0126743
0.807336406173 1.81704 0.0132796
0.813622948837 1.82539 0.0135614
0.819915299896 1.83261 0.014163
0.826195263639 1.84243 0.014882
0.832489707008 1.84869 0.0136211
0.838795930921 1.85668 0.0118138
0.84506346397 1.86486 0.0128743
0.851328286756 1.87252 0.0114832
0.85761982639 1.88021 0.0135886
0.863905847706 1.88776 0.0134875
0.870183874549 1.89574 0.0127641
0.876464109608 1.90369 0.013488
0.88275038734 1.91151 0.0134443
0.889033276839 1.91761 0.0129167
0.895308424711 1.92665 0.0127093
0.901595652167 1.93338 0.0124819
0.907883332809 1.9405 0.0137189
0.914174410632 1.94617 0.0131022
0.920463081772 1.95306 0.0131193
0.926743441526 1.96382 0.0116809
0.933032419735 1.96959 0.0129822
0.939326578557 1.97656 0.0135638
0.94559748104 1.98464 0.0119125
0.951866001855 1.99164 0.015111
0.958141325553 1.99774 0.0130342
0.964435094511 2.00572 0.0137531
0.970735563357 2.01468 0.0121974
0.977008076845 2.02062 0.0133809
0.983282332536 2.02646 0.0136928
0.989556969197 2.03381 0.0125711
0.995845630192 2.042 0.0133687
1.00213621074 2.04931 0.0133082
1.00840482534 2.0558 0.014658
1.01469414984 2.0615 0.0131871
1.02099255544 2.06904 0.0119734
1.02727398044 2.07485 0.01474
1.0335591819 2.08241 0.0143961
1.03984755739 2.08867 0.0135538
1.04612697494 2.09628 0.0126681
1.05240343681 2.10222 0.0141044
1.05868070465 2.10983 0.0128207
1.06496433307 2.1156 0.014609
1.07125677744 2.12174 0.0130624
1.0775440488 2.12765 0.0140274
1.08382482019 2.13676 0.0146935
1.09010802394 2.14347 0.0134599
1.09638966596 2.14923 0.0132964
1.10268113206 2.15442 0.013383
1.10896304759 2.1615 0.0141955
1.11522542846 2.16749 0.0124705
1.12150212761 2.1759 0.0133845
1.12779257382 2.18103 0.0135865
1.13408955267 2.18877 0.0121123
1.14036404965 2.19434 0.0131002
1.14663918032 2.20089 0.0138992
1.15294241299 2.20683 0.0136687
1.15922890675 2.21453 0.0126867
1.16550872189 2.22044 0.0139615
1.17179307626 2.22639 0.01383
1.17808743637 2.23391 0.0141827
1.18436765425 2.24078 0.0139743
1.1906346423 2.24689 0.01301
1.19691220883 2.25333 0.0131226
1.20320157735 2.25927 0.0141468
1.20948684444 2.26634 0.0137019
1.21576390207 2.27279 0.01367
1.22204975517 2.27677 0.0132311
1.22834061662 2.28505 0.0133919
1.23463298658 2.2902 0.0129504
1.24090224718 2.29793 0.0127988
1.24717483914 2.30435 0.0128176
1.25346545993 2.31133 0.0125333
1.25974995189 2.31549 0.01284
1.26603214313 2.32384 0.0135373
1.27231628847 2.32872 0.0128388
1.27860415506 2.33532 0.0126688
1.28488658893 2.34146 0.0131046
1.29117542007 2.34873 0.0123697
1.29746572637 2.35552 0.0126618
1.30374182701 2.3611 0.0128234
1.31001732292 2.36638 0.0141203
1.31630144766 2.37368 0.0138787
1.32258676036 2.38089 0.0137732
1.32886549245 2.38676 0.0135154
1.33514480495 2.39482 0.0133654
1.34144051627 2.39927 0.0123978
1.34773086842 2.40668 0.0123599
1.35400158999 2.41349 0.0125512
1.3602826093 2.41934 0.0131922
1.36656568646 2.4251 0.0131415
1.37285149848 2.43114 0.0131847
1.37913537293 2.43828 0.0135363
1.38540956715 2.44546 0.0127251
1.39169864122 2.45027 0.013331
1.39798445144 2.45741 0.0124343
1.40426788341 2.46245 0.0123704
1.41055477948 2.47002 0.0133271
1.41683783355 2.4759 0.0135527
1.42311817719 2.4819 0.0125232
1.42939780116 2.48843 0.0126352
1.43568692182 2.49463 0.0136727
1.44197712177 2.50113 0.0136226
1.44825366785 2.5074 0.013779
1.45453234897 2.51313 0.0141231
1.46081931915 2.52036 0.0132082
1.4671103644 2.52518 0.0130145
1.47339290895 2.53134 0.0128305
1.47966996524 2.53732 0.0124138
1.4859561446 2.54343 0.0143311
1.49223361076 2.54963 0.0137655
1.49850247038 2.55513 0.0136205
1.50478575205 2.5612 0.0132112
1.51107599189 2.56674 0.0129731
1.51736163499 2.57241 0.0128674
1.52364857097 2.57755 0.0128872
1.52993803572 2.58427 0.0138059
1.53623017691 2.58935 0.0139581
1.54251071878 2.5949 0.0129315
1.54878396308 2.60095 0.0133534
1.55507306978 2.60636 0.0124912
1.56135732493 2.61072 0.0124789
1.56762912105 2.61618 0.014212
1.5739136974 2.62232 0.0130829
1.58020354523 2.62749 0.0133609
1.58648539343 2.6308 0.0129351
1.59276001426 2.63606 0.0128021
1.59904643639 2.64187 0.012711
1.60534213664 2.64622 0.0144588
1.61161976836 2.65508 0.0161399
1.61789716835 2.66065 0.0130342
1.62418270854 2.66797 0.0119615
1.63046407995 2.67699 0.0152184
1.63674824683 2.68339 0.0139934
1.64303013827 2.69097 0.0143199
1.64930808063 2.70087 0.014399
1.65559224863 2.70724 0.0136441
1.66187827598 2.71443 0.0147442
1.66816823994 2.72186 0.0134138
1.6744495611 2.72884 0.0136064
1.68072138563 2.73656 0.0139634
1.68701215424 2.74402 0.014857
1.6933074808 2.75204 0.0133686
1.69958064303 2.75776 0.0151378
1.70586179344 2.76516 0.0136342
1.71215172419 2.77289 0.0155658
1.71843538617 2.77992 0.0143072
1.72471844694 2.78629 0.014198
1.73099491844 2.79391 0.0144818
1.73728636032 2.80145 0.0149933
1.74356630258 2.80717 0.0144051
1.74983600778 2.81362 0.0144121
1.75612327869 2.82136 0.012973
1.76241061606 2.82849 0.0149042
1.76869357896 2.83471 0.0146811
1.77497674839 2.84312 0.0156189
1.78126362161 2.84793 0.0150708
1.78754574761 2.85537 0.0155434
1.7938272923 2.86179 0.0148882
1.80010772174 2.86964 0.0163208
1.80639091391 2.87582 0.0167247
1.81267451427 2.88144 0.014612
1.81895363524 2.88639 0.0150991
1.82523850291 2.89489 0.0162071
1.8315236862 2.90181 0.0167664
1.83781040898 2.90727 0.014845
1.84409642612 2.91477 0.0159121
1.8503769215 2.92118 0.0158136
1.85666074594 2.92728 0.0174752
1.86294359809 2.93333 0.0163721
1.86922204917 2.94086 0.0162294
1.87550781357 2.94706 0.015442
1.88179499507 2.95352 0.0164456
1.88807781314 2.95856 0.0152045
1.89435244502 2.96636 0.0151396
1.90063796885 2.97298 0.0155634
1.90692833723 2.97996 0.0157226
1.91320221586 2.98443 0.0164403
1.91948223445 2.99082 0.0164003
1.92577010575 2.99859 0.0163821
1.93206491035 3.00502 0.0162698
1.93834071151 3.00963 0.0161025
1.94460828613 3.01605 0.0175003
1.9508968614 3.0228 0.0179938
1.95718811973 3.02906 0.0180885
1.96347509207 3.03367 0.0168822
1.9697553281 3.04201 0.0169399
1.9760413775 3.04698 0.0176641
1.98233260336 3.05298 0.0175821
1.98861171931 3.05867 0.0158617
1.99488792869 3.06454 0.0165466
2.00117304134 3.07104 0.0184864
2.00745262249 3.07651 0.0178765
2.01372721862 3.08412 0.0176401
2.02001108039 3.08802 0.0186872
2.02630405283 3.09433 0.0185643
2.03258735828 3.09912 0.0183674
2.03886100377 3.10591 0.0188948
2.04514489951 3.11172 0.0170485
2.05143683626 3.11727 0.0189745
2.05772382203 3.12332 0.017521
2.0640044634 3.12746 0.0198947
2.07029278421 3.1321 0.0172924
2.07658471853 3.13947 0.0179812
2.08285424307 3.14343 0.0186095
2.08912259138 3.1492 0.0204707
2.09541730178 3.1546 0.0193976
2.10170304464 3.16104 0.0175681
2.10797273337 3.16502 0.0201201
2.11425579676 3.17358 0.0185157
2.12053788985 3.17691 0.0198117
2.12682075079 3.18192 0.0200689
2.13310670204 3.18601 0.0193179
2.13940011923 3.19003 0.020258
2.14568939859 3.19887 0.0223932
2.15195789682 3.20284 0.0226526
2.15824033347 3.2052 0.022752
2.16453048092 3.21075 0.0217895
2.17081716829 3.21775 0.0213938
2.17709912993 3.2231 0.0197045
2.18337674027 3.22863 0.0245232
2.18965452646 3.23271 0.0213312
2.19593814184 3.237 0.021255
2.20221722867 3.24168 0.021531
2.20849850085 3.24755 0.023085
2.21479372465 3.2513 0.020658
2.22107581834 3.25787 0.0213852
2.22733812199 3.26072 0.0227859
2.23362792264 3.26509 0.0214328
2.2399287897 3.2732 0.0235487
2.24620084223 3.27817 0.0211702
2.2524810722 3.28499 0.0256546
2.25875993301 3.29268 0.0237325
2.26503776668 3.29744 0.0233959
2.27130391144 3.30212 0.0253057
2.27758972822 3.31498 0.0257376
2.28389830542 3.31956 0.0249183
2.29017001225 3.32791 0.0269316
2.29645357402 3.33374 0.0247972
2.30275372852 3.33844 0.0252053
2.30903325986 3.34559 0.0236593
2.31530674049 3.35054 0.0253233
2.32158490306 3.35848 0.0275498
2.3278758488 3.36028 0.0280968
2.33415543799 3.36693 0.0244433
2.34041936871 3.37608 0.0261991
2.34670710068 3.37695 0.0255085
2.3530032916 3.38215 0.0259367
2.35928989445 3.3869 0.0293197
2.36555387699 3.39271 0.0288993
2.37182578571 3.40191 0.0302504
2.3781409032 3.40532 0.0275587
2.38442809259 3.41433 0.0325895
2.39069258243 3.4142 0.031406
2.39698813839 3.41824 0.0313082
2.40330354843 3.42145 0.0289104
2.40957307365 3.42912 0.0289392
2.41583080138 3.43091 0.0312627
2.42214385676 3.43919 0.0367856
2.42843005755 3.44788 0.0315896
2.43467776878 3.44643 0.0368229
2.44097021258 3.45086 0.0331962
2.44729898127 3.45313 0.0321635
2.45356911846 3.46256 0.036845
2.45980003814 3.46831 0.0351715
2.4661092349 3.47055 0.0339591
2.47241430729 3.47395 0.037857
2.47866355169 3.48321 0.0390405
2.48493431628 3.47609 0.040412
2.49124283111 3.48535 0.0418804
2.49755537626 3.49279 0.0367753
2.50380379021 3.49923 0.040277
2.51005045336 3.50737 0.0438139
2.51638815336 3.50526 0.0419244
2.52269694929 3.50819 0.0440759
2.52891211798 3.50957 0.0446926
2.53519495098 3.51301 0.0426993
2.54155301509 3.52052 0.0444065
2.54783359884 3.5209 0.0462779
2.55402772623 3.52895 0.0510757
2.56033571996 3.5203 0.0538821
2.56672381747 3.53493 0.0501871
2.57294751341 3.52773 0.0567006
2.57911252531 3.53661 0.0545805
2.58547549612 3.54473 0.0538413
2.59185019505 3.54748 0.054733
2.59805932148 3.54486 0.0568367
2.60429715989 3.55658 0.059097
2.61067449751 3.55742 0.0623212
2.61693283418 3.55589 0.0658029
2.62300854502 3.56488 0.0718442
2.62939753095 3.56036 0.0666249
2.63591057571 3.57248 0.079358
2.64202978624 3.57092 0.0731917
2.64803951219 3.57014 0.0835668
2.65454096229 3.57612 0.0842404
2.66118028258 3.57191 0.0729671
2.66719514746 3.57783 0.0991576
2.67309090101 3.58634 0.0912106
2.67973176445 3.57902 0.0987566
2.68646693102 3.58433 0.0913985
2.69219835647 3.58252 0.120836
2.69796467721 3.57845 0.112202
2.70489193937 3.55403 0.130158
2.71182026315 3.56724 0.137933
2.71709790339 3.59671 0.165872
2.7227864466 3.60441 0.170303
2.72994784687 3.61068 0.167515
2.73706528781 3.60077 0.192799
2.74248820391 3.55664 0.350712
2.74787331837 3.59998 0.250995
2.75504313834 3.61499 0.309088
2.76219934437 3.49971 0.400561
2.76789278819 3.62979 0.746958
2.77283198247 3.60751 0.809989
2.77965581172 3.52554 1.61563
2.78599582346 -90.4025 2702.59
