0.0088996412247 0.456718 0.154193
0.0150791221651 0.463758 0.0928311
0.0214479018646 0.478328 0.0514522
0.0278366077649 0.477439 0.0576186
0.034350997858 0.495794 0.0430964
0.0404788676143 0.493232 0.0359819
0.0467671668358 0.504274 0.0408473
0.0530822510177 0.518906 0.0353616
0.0594536244094 0.522432 0.0323209
0.0657622481459 0.530469 0.0302567
0.071966329067 0.545558 0.0270548
0.0782786091569 0.554786 0.0237467
0.0847039894583 0.560957 0.0241239
0.0909685462053 0.568602 0.0235116
0.0972078977683 0.572302 0.0236863
0.103476303896 0.583716 0.0257291
0.109757644425 0.596335 0.0232076
0.116054308478 0.610489 0.0223671
0.122366966654 0.629298 0.0223351
0.128681726309 0.642308 0.0210561
0.134950080166 0.658602 0.0217237
0.141194955884 0.663858 0.0206197
0.147513357575 0.677733 0.0183828
0.153786507425 0.682218 0.0165585
0.160065754405 0.698691 0.0206674
0.166399116869 0.710798 0.0169554
0.172719564578 0.72894 0.0177071
0.178976521338 0.746808 0.018012
0.185235369065 0.768082 0.0185494
0.191480678734 0.788784 0.0166527
0.197788986865 0.807966 0.0162832
0.204093773545 0.823472 0.017132
0.210393930261 0.840784 0.015929
0.216690970982 0.856534 0.0154736
0.222970028122 0.872797 0.0172393
0.229262002709 0.891347 0.0173645
0.235514150837 0.908224 0.0162425
0.241791058382 0.931336 0.0145152
0.248085653944 0.953105 0.0174319
0.254349225687 0.975824 0.015654
0.260633425188 0.994729 0.0152249
0.26692573709 1.01285 0.0165791
0.273242334314 1.0346 0.0132899
0.279552968008 1.05287 0.0160459
0.285836629231 1.07093 0.0142509
0.292087627139 1.08966 0.014537
0.298344984444 1.11105 0.0163017
0.304638263941 1.12914 0.0140471
0.3109279127 1.14805 0.0126025
0.317216817162 1.17039 0.013839
0.323518756794 1.18689 0.0146103
0.329816821755 1.20686 0.014704
0.336117642946 1.22715 0.0137029
0.342370037571 1.24403 0.0158729
0.348647819267 1.26236 0.0123189
0.354941161441 1.28029 0.0138012
0.361191693542 1.29541 0.0134643
0.367476708956 1.31588 0.012507
0.373764779528 1.33144 0.0148081
0.380065403148 1.34712 0.0139846
0.386353986126 1.36344 0.0136208
0.392614018136 1.38164 0.0136426
0.398926450032 1.39509 0.0143161
0.405207324458 1.40793 0.0121416
0.411491647757 1.4223 0.0129237
0.417781427212 1.43692 0.0158826
0.424040064873 1.45175 0.0153042
0.430342569027 1.46509 0.0136824
0.436635856026 1.47877 0.0140463
0.442899618322 1.49076 0.0146541
0.449163441853 1.50248 0.0141933
0.455441414625 1.51527 0.0137076
0.46176344703 1.52504 0.0151439
0.468064424202 1.53822 0.0142318
0.474348524276 1.54779 0.0145282
0.480635613682 1.55996 0.0131521
0.486901925839 1.57084 0.0131105
0.49316970996 1.57711 0.0149445
0.499450674714 1.59112 0.0151019
0.505715905134 1.5955 0.0140977
0.511992399627 1.60594 0.0156682
0.518312609777 1.61427 0.0132772
0.524608963803 1.62366 0.0134847
0.530875730848 1.6318 0.0141405
0.537157352795 1.64124 0.0143761
0.543457956378 1.64816 0.0157075
0.549743065239 1.65493 0.0132015
0.55599374275 1.66163 0.013197
0.562285467661 1.67161 0.0132036
0.568601153723 1.68041 0.0139591
0.574880458942 1.68493 0.0132973
0.581155021034 1.69132 0.0157341
0.587439449666 1.69775 0.0142842
0.59371762203 1.70456 0.0137948
0.599997195479 1.71169 0.0152157
0.606267911512 1.71696 0.0121655
0.612546957644 1.72256 0.0144929
0.618847773304 1.73009 0.0131216
0.625131056744 1.73421 0.013133
0.631402745038 1.74179 0.0125191
0.637700356273 1.74738 0.0139976
0.643985778331 1.75329 0.013312
0.650268541717 1.75805 0.0133031
0.65655861177 1.76359 0.0146034
0.662836928236 1.77083 0.0147861
0.669118544496 1.77533 0.0150809
0.675407019858 1.78217 0.0151495
0.681683551459 1.7869 0.0140851
0.687959253386 1.79267 0.0156884
0.694234431704 1.79915 0.0132224
0.700517540243 1.80492 0.0138265
0.706812495661 1.80905 0.0138088
0.713101900967 1.81549 0.014264
0.719391825117 1.82167 0.012632
0.72568338076 1.82624 0.0153335
0.731965268271 1.83225 0.0137099
0.738250799048 1.83817 0.0149363
0.744526584212 1.84352 0.0138226
0.750787110194 1.84954 0.0144071
0.757075846532 1.856 0.0141296
0.76336412336 1.86135 0.0142013
0.769646295986 1.86822 0.0138474
0.775939486518 1.8723 0.0135851
0.782232914199 1.87926 0.0139558
0.788531493652 1.88632 0.0142967
0.794789656698 1.89189 0.0140506
0.801049109659 1.89519 0.014604
0.807336406173 1.90389 0.0139331
0.813622948837 1.90839 0.0128733
0.819915299896 1.91643 0.014201
0.826195263639 1.92184 0.0146517
0.832489707008 1.92667 0.0152229
0.838795930921 1.93297 0.012201
0.84506346397 1.94005 0.0128527
0.851328286756 1.94632 0.0120894
0.85761982639 1.95184 0.0144542
0.863905847706 1.9576 0.013488
0.870183874549 1.96419 0.0121652
0.876464109608 1.97117 0.0139995
0.88275038734 1.97732 0.0133138
0.889033276839 1.98343 0.0138448
0.895308424711 1.98971 0.0135929
0.901595652167 1.99521 0.0134104
0.907883332809 2.00174 0.014484
0.914174410632 2.0069 0.0126383
0.920463081772 2.01326 0.0137825
0.926743441526 2.02073 0.0135564
0.933032419735 2.02817 0.0137844
0.939326578557 2.03302 0.0145116
0.94559748104 2.0401 0.0131287
0.951866001855 2.04587 0.0155256
0.958141325553 2.05231 0.0140946
0.964435094511 2.05913 0.0138084
0.970735563357 2.06756 0.0132002
0.977008076845 2.07323 0.0144941
0.983282332536 2.07903 0.0135936
0.989556969197 2.08509 0.0129743
0.995845630192 2.09373 0.0133284
1.00213621074 2.09965 0.0136276
1.00840482534 2.10569 0.0142448
1.01469414984 2.11131 0.0144336
1.02099255544 2.11971 0.0120349
1.02727398044 2.12482 0.0143903
1.0335591819 2.13179 0.0144801
1.03984755739 2.13864 0.014644
1.04612697494 2.14567 0.0134248
1.05240343681 2.15187 0.013527
1.05868070465 2.15884 0.0127208
1.06496433307 2.16538 0.0147131
1.07125677744 2.17165 0.0130674
1.0775440488 2.17839 0.0129772
1.08382482019 2.18744 0.0140624
1.09010802394 2.19294 0.0136907
1.09638966596 2.19951 0.0131517
1.10268113206 2.20501 0.0137373
1.10896304759 2.2119 0.0131962
1.11522542846 2.21986 0.012595
1.12150212761 2.22708 0.0135774
1.12779257382 2.23332 0.013456
1.13408955267 2.24033 0.0129
1.14036404965 2.24728 0.0133873
1.14663918032 2.25366 0.0139359
1.15294241299 2.26141 0.014187
1.15922890675 2.26808 0.0122925
1.16550872189 2.27434 0.0147885
1.17179307626 2.28157 0.0139869
1.17808743637 2.28932 0.014228
1.18436765425 2.29652 0.0144298
1.1906346423 2.3029 0.01321
1.19691220883 2.31002 0.0130553
1.20320157735 2.3154 0.0147562
1.20948684444 2.32384 0.012564
1.21576390207 2.332 0.0142531
1.22204975517 2.33638 0.0138985
1.22834061662 2.34511 0.0131216
1.23463298658 2.35127 0.0131047
1.24090224718 2.35893 0.013544
1.24717483914 2.36709 0.0131899
1.25346545993 2.37453 0.013699
1.25974995189 2.37985 0.013824
1.26603214313 2.38881 0.0138791
1.27231628847 2.39438 0.0142876
1.27860415506 2.40105 0.0132578
1.28488658893 2.40846 0.0132595
1.29117542007 2.4173 0.0126495
1.29746572637 2.42359 0.0130945
1.30374182701 2.4306 0.0126322
1.31001732292 2.43761 0.0144209
1.31630144766 2.4453 0.0128104
1.32258676036 2.45235 0.0137422
1.32886549245 2.46104 0.0148434
1.33514480495 2.46786 0.0138813
1.34144051627 2.4749 0.0124935
1.34773086842 2.48257 0.0133402
1.35400158999 2.48998 0.0128285
1.3602826093 2.49741 0.0134779
1.36656568646 2.50407 0.0135743
1.37285149848 2.51081 0.0137032
1.37913537293 2.51921 0.0134117
1.38540956715 2.52614 0.0130361
1.39169864122 2.5325 0.0130401
1.39798445144 2.53983 0.0126661
1.40426788341 2.54766 0.0123518
1.41055477948 2.55469 0.0139713
1.41683783355 2.56299 0.0135071
1.42311817719 2.56925 0.0140802
1.42939780116 2.57689 0.013089
1.43568692182 2.58401 0.013973
1.44197712177 2.59133 0.0134076
1.44825366785 2.59901 0.0141619
1.45453234897 2.60541 0.0147358
1.46081931915 2.61296 0.0141396
1.4671103644 2.61927 0.0137314
1.47339290895 2.62694 0.0136843
1.47966996524 2.6339 0.013663
1.4859561446 2.64051 0.0143073
1.49223361076 2.6485 0.0137333
1.49850247038 2.65426 0.0139613
1.50478575205 2.6612 0.0133515
1.51107599189 2.6677 0.0125522
1.51736163499 2.67506 0.0126664
1.52364857097 2.68015 0.0134538
1.52993803572 2.68876 0.0136023
1.53623017691 2.69488 0.0142604
1.54251071878 2.70143 0.0131294
1.54878396308 2.70769 0.0136661
1.55507306978 2.71399 0.0137207
1.56135732493 2.71989 0.0133341
1.56762912105 2.72587 0.0136524
1.5739136974 2.73243 0.0134017
1.58020354523 2.73932 0.0141631
1.58648539343 2.74275 0.0137827
1.59276001426 2.74946 0.0129718
1.59904643639 2.75513 0.0128481
1.60534213664 2.76086 0.0148183
1.61161976836 2.76894 0.0146135
1.61789716835 2.77739 0.0139149
1.62418270854 2.78644 0.0132561
1.63046407995 2.79672 0.0146172
1.63674824683 2.80344 0.0137969
1.64303013827 2.81388 0.0140301
1.64930808063 2.82382 0.0144211
1.65559224863 2.83172 0.0131814
1.66187827598 2.83849 0.0146479
1.66816823994 2.84808 0.0143419
1.6744495611 2.85607 0.0142819
1.68072138563 2.86487 0.0135898
1.68701215424 2.87419 0.0145289
1.6933074808 2.88195 0.0133656
1.69958064303 2.88983 0.0153615
1.70586179344 2.89709 0.0146006
1.71215172419 2.90667 0.0152655
1.71843538617 2.9148 0.014308
1.72471844694 2.92331 0.0141299
1.73099491844 2.93139 0.0138533
1.73728636032 2.94084 0.0153214
1.74356630258 2.94797 0.0145801
1.74983600778 2.95434 0.0146101
1.75612327869 2.96412 0.0137551
1.76241061606 2.97252 0.0137327
1.76869357896 2.97959 0.0152736
1.77497674839 2.98879 0.0153038
1.78126362161 2.99499 0.0156897
1.78754574761 3.00411 0.0140072
1.7938272923 3.01312 0.0145252
1.80010772174 3.02106 0.0166454
1.80639091391 3.02809 0.0159498
1.81267451427 3.03433 0.0143661
1.81895363524 3.04158 0.0154122
1.82523850291 3.05032 0.0156744
1.8315236862 3.05921 0.0171878
1.83781040898 3.06592 0.0140785
1.84409642612 3.07484 0.0153784
1.8503769215 3.08305 0.0150352
1.85666074594 3.09064 0.0167043
1.86294359809 3.09831 0.0155676
1.86922204917 3.10669 0.0160658
1.87550781357 3.11397 0.014272
1.88179499507 3.12279 0.0160756
1.88807781314 3.12833 0.0152808
1.89435244502 3.13686 0.0152635
1.90063796885 3.14591 0.0152004
1.90692833723 3.15355 0.0162659
1.91320221586 3.15947 0.017107
1.91948223445 3.1679 0.0166489
1.92577010575 3.17741 0.0158212
1.93206491035 3.18481 0.0167594
1.93834071151 3.19104 0.0156903
1.94460828613 3.19939 0.0161542
1.9508968614 3.20708 0.0175002
1.95718811973 3.21479 0.0175968
1.96347509207 3.22114 0.0167984
1.9697553281 3.23056 0.0184435
1.9760413775 3.23751 0.0164403
1.98233260336 3.24539 0.0174841
1.98861171931 3.25272 0.016982
1.99488792869 3.25967 0.016997
2.00117304134 3.26821 0.0185377
2.00745262249 3.27574 0.0172932
2.01372721862 3.28467 0.0171483
2.02001108039 3.28987 0.0167487
2.02630405283 3.29716 0.0184689
2.03258735828 3.30393 0.0192506
2.03886100377 3.31311 0.0184937
2.04514489951 3.31984 0.0161629
2.05143683626 3.32545 0.0178286
2.05772382203 3.33322 0.015736
2.0640044634 3.33974 0.020173
2.07029278421 3.34676 0.0178178
2.07658471853 3.35429 0.0176072
2.08285424307 3.36096 0.0172343
2.08912259138 3.36966 0.0191656
2.09541730178 3.37414 0.019819
2.10170304464 3.38411 0.0193476
2.10797273337 3.39009 0.0212488
2.11425579676 3.39808 0.0174947
2.12053788985 3.40354 0.0191702
2.12682075079 3.4089 0.0198796
2.13310670204 3.41563 0.0185718
2.13940011923 3.42179 0.0202057
2.14568939859 3.43138 0.0207916
2.15195789682 3.43734 0.0207512
2.15824033347 3.44099 0.0213139
2.16453048092 3.44866 0.0205489
2.17081716829 3.45625 0.021111
2.17709912993 3.46062 0.0194453
2.18337674027 3.46961 0.0222937
2.18965452646 3.4745 0.0197682
2.19593814184 3.4803 0.0215149
2.20221722867 3.48823 0.0212115
2.20849850085 3.49529 0.0219309
2.21479372465 3.50172 0.0223458
2.22107581834 3.50847 0.0201062
2.22733812199 3.51412 0.0202116
2.23362792264 3.51918 0.0213078
2.2399287897 3.52984 0.02295
2.24620084223 3.53678 0.020813
2.2524810722 3.54526 0.0239134
2.25875993301 3.55341 0.0227202
2.26503776668 3.56035 0.0247146
2.27130391144 3.56742 0.0235747
2.27758972822 3.58033 0.0241916
2.28389830542 3.58885 0.0247767
2.29017001225 3.59774 0.0238513
2.29645357402 3.60983 0.0254616
2.30275372852 3.61507 0.0228575
2.30903325986 3.62211 0.0251205
2.31530674049 3.62769 0.0236515
2.32158490306 3.64154 0.0287128
2.3278758488 3.64576 0.0272065
2.33415543799 3.6503 0.025561
2.34041936871 3.66075 0.025827
2.34670710068 3.66874 0.0269258
2.3530032916 3.67463 0.0270237
2.35928989445 3.68342 0.0311851
2.36555387699 3.68958 0.0285671
2.37182578571 3.69904 0.0302336
2.3781409032 3.7066 0.0265709
2.38442809259 3.71414 0.030417
2.39069258243 3.71663 0.0271465
2.39698813839 3.72725 0.0294685
2.40330354843 3.7338 0.0273244
2.40957307365 3.73902 0.0295549
2.41583080138 3.7463 0.0340759
2.42214385676 3.75417 0.0315679
2.42843005755 3.7659 0.0332752
2.43467776878 3.76403 0.0330097
2.44097021258 3.77579 0.0330775
2.44729898127 3.78146 0.0361997
2.45356911846 3.78771 0.0373395
2.45980003814 3.79321 0.0361406
2.4661092349 3.80102 0.0327784
2.47241430729 3.80295 0.0384149
2.47866355169 3.81571 0.0392517
2.48493431628 3.8119 0.0404528
2.49124283111 3.82108 0.0397006
2.49755537626 3.8335 0.0374281
2.50380379021 3.84214 0.0380065
2.51005045336 3.85234 0.0425593
2.51638815336 3.85355 0.048898
2.52269694929 3.85777 0.046685
2.52891211798 3.85966 0.0485464
2.53519495098 3.85662 0.0455716
2.54155301509 3.87799 0.0464888
2.54783359884 3.87709 0.0488073
2.55402772623 3.88319 0.0543519
2.56033571996 3.88733 0.055042
2.56672381747 3.90357 0.050319
2.57294751341 3.88677 0.0599927
2.57911252531 3.89765 0.0544104
2.58547549612 3.91418 0.0615829
2.59185019505 3.91911 0.063196
2.59805932148 3.91659 0.0594265
2.60429715989 3.93581 0.0655716
2.61067449751 3.93328 0.0644164
2.61693283418 3.93515 0.0716158
2.62300854502 3.9349 0.0740606
2.62939753095 3.93804 0.0737859
2.63591057571 3.9516 0.0782914
2.64202978624 3.95432 0.0745223
2.64803951219 3.96135 0.0894188
2.65454096229 3.95945 0.0831807
2.66118028258 3.95838 0.0916836
2.66719514746 3.96825 0.0936618
2.67309090101 3.96943 0.0988443
2.67973176445 3.97902 0.0993526
2.68646693102 3.976 0.110783
2.69219835647 3.96668 0.103563
2.69796467721 3.96156 0.118338
2.70489193937 3.97233 0.112039
2.71182026315 3.96804 0.143212
2.71709790339 3.99009 0.179803
2.7227864466 4.01171 0.171515
2.72994784687 3.98384 0.179469
2.73706528781 3.98425 0.202018
2.74248820391 3.93458 0.332422
2.74787331837 4.00703 0.243845
2.75504313834 3.99697 0.299654
2.76219934437 3.95036 0.391857
2.76789278819 3.9177 0.74771
2.77283198247 3.97405 0.852648
2.77965581172 3.83696 1.80612
2.78599582346 -11.5351 155.201
