0.0088996412247 1.69272 0.0706083
0.0150791221651 1.69923 0.0381566
0.0214479018646 1.70426 0.0252981
0.0278366077649 1.70999 0.0251048
0.034350997858 1.71078 0.0180978
0.0404788676143 1.70992 0.0215042
0.0467671668358 1.71224 0.0185874
0.0530822510177 1.71385 0.0181523
0.0594536244094 1.71336 0.013492
0.0657622481459 1.71294 0.0140784
0.071966329067 1.71677 0.0132015
0.0782786091569 1.71905 0.0132798
0.0847039894583 1.71521 0.0133552
0.0909685462053 1.71541 0.0152553
0.0972078977683 1.71373 0.0129324
0.103476303896 1.71134 0.0145327
0.109757644425 1.71116 0.0138137
0.116054308478 1.71077 0.0130391
0.122366966654 1.71081 0.0131125
0.128681726309 1.70925 0.0123648
0.134950080166 1.70783 0.0127727
0.141194955884 1.70386 0.0114441
0.147513357575 1.70204 0.0102083
0.153786507425 1.69791 0.0130779
0.160065754405 1.69355 0.0126237
0.166399116869 1.68959 0.0118707
0.172719564578 1.68659 0.0116935
0.178976521338 1.6833 0.0122911
0.185235369065 1.68128 0.0126073
0.191480678734 1.67838 0.0125757
0.197788986865 1.67726 0.01203
0.204093773545 1.66994 0.0127013
0.210393930261 1.66785 0.0113966
0.216690970982 1.66064 0.0122141
0.222970028122 1.65409 0.0130832
0.229262002709 1.65057 0.0129741
0.235514150837 1.64371 0.013048
0.241791058382 1.64141 0.0124704
0.248085653944 1.63485 0.0123627
0.254349225687 1.63069 0.0124925
0.260633425188 1.62425 0.0113933
0.26692573709 1.61941 0.0123802
0.273242334314 1.61499 0.0105284
0.279552968008 1.60718 0.0116486
0.285836629231 1.60145 0.0146395
0.292087627139 1.59515 0.0129111
0.298344984444 1.59081 0.0109358
0.304638263941 1.57886 0.0113682
0.3109279127 1.57504 0.0117724
0.317216817162 1.56898 0.0120805
0.323518756794 1.56108 0.0133775
0.329816821755 1.55613 0.0115067
0.336117642946 1.55013 0.0114991
0.342370037571 1.5436 0.0141049
0.348647819267 1.53589 0.0121574
0.354941161441 1.5274 0.0117919
0.361191693542 1.51992 0.0114322
0.367476708956 1.5139 0.0121471
0.373764779528 1.50723 0.0109442
0.380065403148 1.49744 0.0125364
0.386353986126 1.49215 0.0120783
0.392614018136 1.4844 0.0123356
0.398926450032 1.47672 0.0101009
0.405207324458 1.46894 0.0110162
0.411491647757 1.46175 0.0111726
0.417781427212 1.45381 0.0137462
0.424040064873 1.44704 0.0119768
0.430342569027 1.43868 0.0121982
0.436635856026 1.43201 0.0123395
0.442899618322 1.42374 0.0125737
0.449163441853 1.41604 0.0126527
0.455441414625 1.40715 0.0137414
0.46176344703 1.40102 0.0127534
0.468064424202 1.39117 0.0136155
0.474348524276 1.38512 0.0124889
0.480635613682 1.3779 0.0130037
0.486901925839 1.36918 0.0113347
0.49316970996 1.3589 0.0137332
0.499450674714 1.35432 0.0139536
0.505715905134 1.34181 0.0126722
0.511992399627 1.3369 0.0136913
0.518312609777 1.32729 0.0127313
0.524608963803 1.31773 0.0113333
0.530875730848 1.31144 0.0127952
0.537157352795 1.30352 0.011817
0.543457956378 1.29376 0.0123036
0.549743065239 1.28443 0.0122533
0.55599374275 1.27794 0.0132184
0.562285467661 1.27159 0.0127498
0.568601153723 1.26308 0.0129095
0.574880458942 1.25324 0.014872
0.581155021034 1.24586 0.0132959
0.587439449666 1.23716 0.0149129
0.59371762203 1.22591 0.0128943
0.599997195479 1.22068 0.0145971
0.606267911512 1.21045 0.0130959
0.612546957644 1.20169 0.0125602
0.618847773304 1.19602 0.0140468
0.625131056744 1.18861 0.0135632
0.631402745038 1.17876 0.0135105
0.637700356273 1.17347 0.0150649
0.643985778331 1.16255 0.012998
0.650268541717 1.15535 0.0137633
0.65655861177 1.14581 0.0161051
0.662836928236 1.1393 0.0139574
0.669118544496 1.13047 0.0129668
0.675407019858 1.12547 0.0144132
0.681683551459 1.11342 0.0146548
0.687959253386 1.10394 0.016262
0.694234431704 1.0983 0.012716
0.700517540243 1.09409 0.0144102
0.706812495661 1.08183 0.0146731
0.713101900967 1.07487 0.0149187
0.719391825117 1.06778 0.0156373
0.72568338076 1.05827 0.013955
0.731965268271 1.05051 0.0165935
0.738250799048 1.04419 0.0135389
0.744526584212 1.03664 0.014385
0.750787110194 1.02775 0.0143668
0.757075846532 1.01932 0.0150325
0.76336412336 1.01377 0.0142455
0.769646295986 1.00738 0.0170976
0.775939486518 0.9993 0.0154073
0.782232914199 0.994135 0.0157383
0.788531493652 0.985919 0.0150874
0.794789656698 0.976134 0.016604
0.801049109659 0.970224 0.0147911
0.807336406173 0.963185 0.0161256
0.813622948837 0.955613 0.0154426
0.819915299896 0.948164 0.0171969
0.826195263639 0.944354 0.0181272
0.832489707008 0.936681 0.0175315
0.838795930921 0.92828 0.0156783
0.84506346397 0.922222 0.0148833
0.851328286756 0.914733 0.0165337
0.85761982639 0.910421 0.0150408
0.863905847706 0.903664 0.0191864
0.870183874549 0.895987 0.0161575
0.876464109608 0.889853 0.0180919
0.88275038734 0.885725 0.0167725
0.889033276839 0.878925 0.0169191
0.895308424711 0.87206 0.018324
0.901595652167 0.868738 0.0189217
0.907883332809 0.862969 0.0182353
0.914174410632 0.856553 0.0178828
0.920463081772 0.854747 0.0178794
0.926743441526 0.851059 0.0181778
0.933032419735 0.841807 0.0192057
0.939326578557 0.837134 0.0162468
0.94559748104 0.837783 0.0190407
0.951866001855 0.829658 0.017667
0.958141325553 0.823617 0.0176478
0.964435094511 0.825698 0.0192597
0.970735563357 0.821044 0.0192814
0.977008076845 0.818795 0.0177493
0.983282332536 0.812247 0.0205119
0.989556969197 0.81191 0.01788
0.995845630192 0.810953 0.0192494
1.00213621074 0.810714 0.0172424
1.00840482534 0.809205 0.0188735
1.01469414984 0.804403 0.0194437
1.02099255544 0.807259 0.0155384
1.02727398044 0.805503 0.0191039
1.0335591819 0.801334 0.017294
1.03984755739 0.802359 0.0221354
1.04612697494 0.80554 0.0176094
1.05240343681 0.804439 0.0171048
1.05868070465 0.80592 0.0194522
1.06496433307 0.807466 0.0169226
1.07125677744 0.805302 0.0178268
1.0775440488 0.810933 0.0182068
1.08382482019 0.810581 0.0167337
1.09010802394 0.814171 0.0181607
1.09638966596 0.817624 0.0210535
1.10268113206 0.816383 0.0157746
1.10896304759 0.820965 0.0178488
1.11522542846 0.827618 0.0169668
1.12150212761 0.83436 0.0201544
1.12779257382 0.837723 0.0180332
1.13408955267 0.84495 0.0180674
1.14036404965 0.848046 0.0187882
1.14663918032 0.857518 0.0188922
1.15294241299 0.861561 0.0171776
1.15922890675 0.867908 0.0180464
1.16550872189 0.877577 0.0168748
1.17179307626 0.886962 0.0179734
1.17808743637 0.893391 0.0184889
1.18436765425 0.900844 0.0183444
1.1906346423 0.912056 0.0178234
1.19691220883 0.920217 0.0164056
1.20320157735 0.927305 0.0162893
1.20948684444 0.941532 0.0175533
1.21576390207 0.952006 0.0167948
1.22204975517 0.959652 0.0172921
1.22834061662 0.971714 0.0148645
1.23463298658 0.982725 0.0157804
1.24090224718 0.996318 0.0156862
1.24717483914 1.00621 0.0159065
1.25346545993 1.02451 0.0134203
1.25974995189 1.03274 0.0164093
1.26603214313 1.04862 0.0145347
1.27231628847 1.06345 0.0158318
1.27860415506 1.07493 0.0153028
1.28488658893 1.0918 0.0128714
1.29117542007 1.10634 0.0139664
1.29746572637 1.12388 0.0152777
1.30374182701 1.13634 0.0142365
1.31001732292 1.15473 0.0141187
1.31630144766 1.16965 0.0114656
1.32258676036 1.18754 0.0148117
1.32886549245 1.20672 0.0159591
1.33514480495 1.22306 0.0134399
1.34144051627 1.24089 0.0133668
1.34773086842 1.26132 0.0142808
1.35400158999 1.28038 0.0122074
1.3602826093 1.29895 0.01402
1.36656568646 1.31723 0.0124741
1.37285149848 1.33569 0.0119366
1.37913537293 1.35911 0.0119998
1.38540956715 1.37772 0.0120127
1.39169864122 1.39927 0.0113348
1.39798445144 1.42073 0.0116158
1.40426788341 1.44082 0.012442
1.41055477948 1.46258 0.0115096
1.41683783355 1.48445 0.0111001
1.42311817719 1.50767 0.0102975
1.42939780116 1.52847 0.0108405
1.43568692182 1.55357 0.0114165
1.44197712177 1.57463 0.00983544
1.44825366785 1.59904 0.0117519
1.45453234897 1.62253 0.0123314
1.46081931915 1.64756 0.0108647
1.4671103644 1.67082 0.0101556
1.47339290895 1.69484 0.0104051
1.47966996524 1.72056 0.00973345
1.4859561446 1.7431 0.00976417
1.49223361076 1.76935 0.010467
1.49850247038 1.79455 0.0110462
1.50478575205 1.81807 0.00859479
1.51107599189 1.84477 0.00919715
1.51736163499 1.87174 0.00932301
1.52364857097 1.89613 0.00989988
1.52993803572 1.92404 0.0110167
1.53623017691 1.95071 0.0101113
1.54251071878 1.97663 0.00856254
1.54878396308 2.00401 0.00863073
1.55507306978 2.03055 0.00861218
1.56135732493 2.05806 0.00878322
1.56762912105 2.08437 0.0100924
1.5739136974 2.11274 0.00902952
1.58020354523 2.1388 0.00970875
1.58648539343 2.16733 0.00822012
1.59276001426 2.19422 0.0093362
1.59904643639 2.22259 0.0089092
1.60534213664 2.25195 0.0102484
1.61161976836 2.26993 0.00964721
1.61789716835 2.28264 0.00899748
1.62418270854 2.29443 0.00867705
1.63046407995 2.30965 0.00961757
1.63674824683 2.32256 0.00940577
1.64303013827 2.33586 0.00887177
1.64930808063 2.35046 0.0102024
1.65559224863 2.36173 0.00978504
1.66187827598 2.37522 0.0092253
1.66816823994 2.38876 0.0100691
1.6744495611 2.40352 0.00949821
1.68072138563 2.41819 0.0102165
1.68701215424 2.43192 0.0100854
1.6933074808 2.44584 0.00983252
1.69958064303 2.45924 0.0103347
1.70586179344 2.4744 0.010409
1.71215172419 2.49178 0.00940732
1.71843538617 2.50645 0.00997077
1.72471844694 2.51972 0.00922602
1.73099491844 2.53703 0.00983744
1.73728636032 2.55195 0.0104529
1.74356630258 2.56662 0.00980352
1.74983600778 2.58226 0.00986914
1.75612327869 2.59976 0.00878473
1.76241061606 2.61545 0.0106528
1.76869357896 2.63197 0.0106297
1.77497674839 2.64941 0.0106845
1.78126362161 2.66413 0.0102814
1.78754574761 2.68213 0.00990941
1.7938272923 2.69999 0.0101862
1.80010772174 2.71756 0.0120883
1.80639091391 2.73359 0.010006
1.81267451427 2.75089 0.00944325
1.81895363524 2.76877 0.0102569
1.82523850291 2.78785 0.0101594
1.8315236862 2.80379 0.0106667
1.83781040898 2.82255 0.010284
1.84409642612 2.84172 0.0124604
1.8503769215 2.86089 0.0107485
1.85666074594 2.87805 0.0115986
1.86294359809 2.89765 0.0109894
1.86922204917 2.9182 0.0116455
1.87550781357 2.93617 0.0112046
1.88179499507 2.95674 0.010406
1.88807781314 2.97533 0.0107072
1.89435244502 2.99489 0.0107705
1.90063796885 3.01594 0.0117857
1.90692833723 3.03665 0.0100069
1.91320221586 3.05613 0.0109291
1.91948223445 3.07707 0.0107037
1.92577010575 3.09802 0.0121406
1.93206491035 3.12116 0.01153
1.93834071151 3.13793 0.0109729
1.94460828613 3.16207 0.0119983
1.9508968614 3.18311 0.0106349
1.95718811973 3.20412 0.0114504
1.96347509207 3.22612 0.0115617
1.9697553281 3.24844 0.0122382
1.9760413775 3.27034 0.0127566
1.98233260336 3.29127 0.0117065
1.98861171931 3.31479 0.0119106
1.99488792869 3.33465 0.0128506
2.00117304134 3.35908 0.011808
2.00745262249 3.38199 0.0117249
2.01372721862 3.40282 0.0132222
2.02001108039 3.42772 0.0122652
2.02630405283 3.44806 0.0120741
2.03258735828 3.47176 0.0124885
2.03886100377 3.49668 0.0130962
2.04514489951 3.51688 0.0113389
2.05143683626 3.54221 0.0135438
2.05772382203 3.56507 0.0129849
2.0640044634 3.58729 0.0139377
2.07029278421 3.61067 0.0125098
2.07658471853 3.63504 0.0124587
2.08285424307 3.6587 0.0132236
2.08912259138 3.67941 0.0132054
2.09541730178 3.70305 0.014082
2.10170304464 3.72966 0.014156
2.10797273337 3.75036 0.0147407
2.11425579676 3.7742 0.0130539
2.12053788985 3.79557 0.0138905
2.12682075079 3.82281 0.0137759
2.13310670204 3.84319 0.0135298
2.13940011923 3.86687 0.0137024
2.14568939859 3.89023 0.015096
2.15195789682 3.91167 0.0147716
2.15824033347 3.93371 0.0141031
2.16453048092 3.9534 0.0135801
2.17081716829 3.97849 0.0152814
2.17709912993 4.00158 0.0143612
2.18337674027 4.02074 0.015147
2.18965452646 4.04281 0.0129886
2.19593814184 4.05948 0.014971
2.20221722867 4.08823 0.013643
2.20849850085 4.10145 0.0155387
2.21479372465 4.12486 0.0170322
2.22107581834 4.14448 0.0158628
2.22733812199 4.1622 0.0152282
2.23362792264 4.18141 0.0146824
2.2399287897 4.1982 0.0159066
2.24620084223 4.21911 0.0148603
2.2524810722 4.23055 0.0165782
2.25875993301 4.24829 0.0160029
2.26503776668 4.26222 0.0164049
2.27130391144 4.27685 0.0176539
2.27758972822 4.29046 0.017663
2.28389830542 4.30575 0.0158018
2.29017001225 4.32157 0.0195413
2.29645357402 4.34245 0.0178574
2.30275372852 4.35745 0.0195019
2.30903325986 4.37532 0.0190373
2.31530674049 4.39401 0.0179036
2.32158490306 4.41126 0.0185845
2.3278758488 4.42971 0.0200277
2.33415543799 4.44841 0.0180847
2.34041936871 4.47094 0.0191415
2.34670710068 4.48668 0.0179735
2.3530032916 4.5073 0.0201145
2.35928989445 4.53004 0.0234836
2.36555387699 4.55091 0.0211038
2.37182578571 4.57062 0.0219547
2.3781409032 4.59033 0.0192948
2.38442809259 4.61493 0.0227223
2.39069258243 4.63356 0.0199835
2.39698813839 4.65447 0.0223813
2.40330354843 4.67622 0.0229452
2.40957307365 4.69541 0.0221722
2.41583080138 4.71847 0.0242081
2.42214385676 4.73946 0.0235537
2.42843005755 4.76206 0.0233177
2.43467776878 4.78481 0.0271655
2.44097021258 4.80538 0.0257356
2.44729898127 4.82772 0.0260368
2.45356911846 4.8507 0.0280614
2.45980003814 4.87276 0.0261519
2.4661092349 4.89604 0.0256053
2.47241430729 4.91458 0.0274482
2.47866355169 4.93919 0.0298463
2.48493431628 4.96205 0.0262604
2.49124283111 4.98203 0.0261597
2.49755537626 5.00976 0.0284742
2.50380379021 5.03093 0.0293389
2.51005045336 5.05582 0.0322013
2.51638815336 5.07594 0.0351708
2.52269694929 5.09931 0.0295671
2.52891211798 5.12205 0.0356722
2.53519495098 5.13875 0.0310849
2.54155301509 5.16319 0.0368003
2.54783359884 5.18602 0.0337758
2.55402772623 5.21258 0.0377516
2.56033571996 5.22806 0.033902
2.56672381747 5.26006 0.0366076
2.57294751341 5.27467 0.0367799
2.57911252531 5.29734 0.0406383
2.58547549612 5.31885 0.0393569
2.59185019505 5.34056 0.03923
2.59805932148 5.35947 0.0408767
2.60429715989 5.38119 0.0462562
2.61067449751 5.40317 0.0429367
2.61693283418 5.42913 0.0497451
2.62300854502 5.44676 0.0516258
2.62939753095 5.4585 0.0492627
2.63591057571 5.48406 0.0507659
2.64202978624 5.50122 0.0447062
2.64803951219 5.52894 0.0601542
2.65454096229 5.53993 0.0531988
2.66118028258 5.56528 0.0606647
2.66719514746 5.57706 0.0604344
2.67309090101 5.59758 0.0729987
2.67973176445 5.62096 0.0634374
2.68646693102 5.65324 0.0575763
2.69219835647 5.65069 0.0784195
2.69796467721 5.66746 0.0857507
2.70489193937 5.67544 0.0844204
2.71182026315 5.7085 0.0934872
2.71709790339 5.7022 0.1356
2.7227864466 5.74049 0.0842635
2.72994784687 5.74687 0.112176
2.73706528781 5.77821 0.119401
2.74248820391 5.76554 0.180977
2.74787331837 5.82248 0.161425
2.75504313834 5.82639 0.2045
2.76219934437 5.81781 0.258101
2.76789278819 5.90103 0.473856
2.77283198247 5.77918 0.472616
2.77965581172 5.76593 1.0467
2.78599582346 nan nan
