0.0088996412247 5.09291 0.269679
0.0150791221651 5.0349 0.161323
0.0214479018646 4.86985 0.0991169
0.0278366077649 4.72176 0.0805298
0.034350997858 4.50738 0.0806314
0.0404788676143 4.27996 0.0691819
0.0467671668358 4.0437 0.0586378
0.0530822510177 3.78668 0.0591597
0.0594536244094 3.5205 0.0503272
0.0657622481459 3.2651 0.0419817
0.071966329067 3.0309 0.0408455
0.0782786091569 2.80708 0.0382136
0.0847039894583 2.59077 0.0320362
0.0909685462053 2.41931 0.0353292
0.0972078977683 2.27024 0.0347765
0.103476303896 2.12495 0.026679
0.109757644425 2.00601 0.0277316
0.116054308478 1.90347 0.0242729
0.122366966654 1.81592 0.027706
0.128681726309 1.74741 0.025261
0.134950080166 1.69856 0.0241779
0.141194955884 1.66664 0.0222207
0.147513357575 1.65083 0.0196398
0.153786507425 1.6357 0.0194056
0.160065754405 1.62468 0.022247
0.166399116869 1.62026 0.0188753
0.172719564578 1.61198 0.016474
0.178976521338 1.60569 0.014992
0.185235369065 1.60023 0.0183666
0.191480678734 1.59759 0.0175559
0.197788986865 1.59594 0.0174287
0.204093773545 1.59671 0.0160298
0.210393930261 1.59136 0.015975
0.216690970982 1.59367 0.0155103
0.222970028122 1.59075 0.0168627
0.229262002709 1.58445 0.0166303
0.235514150837 1.57929 0.0146286
0.241791058382 1.57647 0.0158655
0.248085653944 1.57473 0.0164823
0.254349225687 1.56473 0.0162417
0.260633425188 1.56106 0.0137472
0.26692573709 1.55522 0.0135527
0.273242334314 1.55046 0.0149564
0.279552968008 1.54808 0.0144642
0.285836629231 1.54198 0.0154945
0.292087627139 1.53697 0.0145892
0.298344984444 1.53217 0.01615
0.304638263941 1.52522 0.0145772
0.3109279127 1.52218 0.0139058
0.317216817162 1.51388 0.0146147
0.323518756794 1.51007 0.0158772
0.329816821755 1.50797 0.013072
0.336117642946 1.50233 0.01395
0.342370037571 1.49811 0.0133774
0.348647819267 1.49093 0.0133347
0.354941161441 1.48817 0.0152457
0.361191693542 1.48348 0.0119391
0.367476708956 1.47956 0.0137949
0.373764779528 1.47544 0.0132009
0.380065403148 1.47014 0.0134218
0.386353986126 1.46768 0.0132668
0.392614018136 1.46254 0.0117946
0.398926450032 1.46159 0.0128451
0.405207324458 1.45589 0.0117198
0.411491647757 1.45486 0.0126536
0.417781427212 1.4489 0.0127528
0.424040064873 1.44631 0.0141806
0.430342569027 1.44282 0.0135518
0.436635856026 1.43917 0.0136233
0.442899618322 1.43557 0.0123648
0.449163441853 1.43321 0.0125058
0.455441414625 1.42914 0.0130179
0.46176344703 1.42784 0.0123058
0.468064424202 1.42515 0.0135719
0.474348524276 1.42137 0.0127514
0.480635613682 1.41876 0.0122882
0.486901925839 1.41691 0.0125128
0.49316970996 1.41417 0.0136409
0.499450674714 1.41244 0.0128272
0.505715905134 1.40883 0.0135608
0.511992399627 1.40916 0.0123619
0.518312609777 1.40624 0.0126193
0.524608963803 1.40334 0.0111765
0.530875730848 1.4035 0.0124293
0.537157352795 1.40058 0.0135577
0.543457956378 1.4004 0.0125182
0.549743065239 1.39702 0.0113181
0.55599374275 1.39627 0.0117231
0.562285467661 1.39514 0.0112654
0.568601153723 1.39282 0.0104076
0.574880458942 1.39173 0.0126438
0.581155021034 1.39105 0.0113339
0.587439449666 1.38996 0.0120347
0.59371762203 1.3882 0.0121707
0.599997195479 1.38891 0.0116835
0.606267911512 1.38727 0.0118549
0.612546957644 1.38661 0.0107575
0.618847773304 1.38569 0.0122704
0.625131056744 1.38492 0.0115861
0.631402745038 1.38482 0.0122642
0.637700356273 1.38482 0.0115962
0.643985778331 1.38476 0.0120116
0.650268541717 1.38344 0.0119241
0.65655861177 1.38394 0.0122359
0.662836928236 1.38341 0.0111872
0.669118544496 1.38302 0.0120648
0.675407019858 1.38318 0.0114552
0.681683551459 1.38335 0.0114853
0.687959253386 1.38404 0.0112414
0.694234431704 1.3852 0.011697
0.700517540243 1.38435 0.0113499
0.706812495661 1.38509 0.0116429
0.713101900967 1.38627 0.011923
0.719391825117 1.3862 0.0120613
0.72568338076 1.38714 0.0119371
0.731965268271 1.38736 0.012223
0.738250799048 1.38882 0.0120313
0.744526584212 1.38815 0.0102383
0.750787110194 1.39049 0.01136
0.757075846532 1.39118 0.0111022
0.76336412336 1.39343 0.0103003
0.769646295986 1.39472 0.0109967
0.775939486518 1.39593 0.0118705
0.782232914199 1.397 0.0118826
0.788531493652 1.39805 0.0118699
0.794789656698 1.39806 0.0113983
0.801049109659 1.40099 0.0102153
0.807336406173 1.40317 0.0111805
0.813622948837 1.40459 0.0111217
0.819915299896 1.40629 0.0103559
0.826195263639 1.40826 0.0118175
0.832489707008 1.41111 0.0113696
0.838795930921 1.41256 0.0110076
0.84506346397 1.41415 0.0116131
0.851328286756 1.41504 0.0108595
0.85761982639 1.41835 0.0108072
0.863905847706 1.4198 0.0107764
0.870183874549 1.42152 0.011257
0.876464109608 1.42462 0.0114758
0.88275038734 1.42807 0.0106551
0.889033276839 1.42955 0.011789
0.895308424711 1.43158 0.0103656
0.901595652167 1.43384 0.0110296
0.907883332809 1.43777 0.0107684
0.914174410632 1.43945 0.0100872
0.920463081772 1.44202 0.010469
0.926743441526 1.4452 0.0110038
0.933032419735 1.44711 0.00996756
0.939326578557 1.45102 0.0100341
0.94559748104 1.45308 0.0112266
0.951866001855 1.45638 0.0109737
0.958141325553 1.45785 0.0112049
0.964435094511 1.46325 0.0109682
0.970735563357 1.46536 0.011242
0.977008076845 1.46947 0.0114396
0.983282332536 1.47202 0.0109119
0.989556969197 1.47524 0.0113876
0.995845630192 1.47954 0.0113781
1.00213621074 1.48173 0.0103551
1.00840482534 1.48607 0.0109747
1.01469414984 1.48888 0.0112179
1.02099255544 1.49258 0.0114425
1.02727398044 1.49687 0.0109285
1.0335591819 1.49966 0.0102929
1.03984755739 1.50409 0.0117093
1.04612697494 1.5079 0.0113489
1.05240343681 1.51074 0.0101434
1.05868070465 1.51437 0.0103833
1.06496433307 1.51893 0.0105576
1.07125677744 1.52235 0.0105809
1.0775440488 1.5259 0.0107901
1.08382482019 1.53034 0.0106367
1.09010802394 1.53538 0.0104725
1.09638966596 1.5389 0.00978271
1.10268113206 1.5428 0.0101679
1.10896304759 1.54744 0.010142
1.11522542846 1.55051 0.00950478
1.12150212761 1.55607 0.0108765
1.12779257382 1.5602 0.0104011
1.13408955267 1.56524 0.0110409
1.14036404965 1.56953 0.00974702
1.14663918032 1.5728 0.0101676
1.15294241299 1.57765 0.0103033
1.15922890675 1.58245 0.010226
1.16550872189 1.58658 0.00963
1.17179307626 1.59114 0.0108088
1.17808743637 1.59657 0.00966676
1.18436765425 1.60042 0.0101136
1.1906346423 1.60537 0.0102355
1.19691220883 1.61071 0.00939126
1.20320157735 1.61537 0.0107051
1.20948684444 1.62007 0.00984379
1.21576390207 1.62577 0.00989924
1.22204975517 1.63012 0.0107158
1.22834061662 1.63433 0.0104435
1.23463298658 1.63997 0.0102675
1.24090224718 1.64559 0.0101831
1.24717483914 1.65005 0.00959824
1.25346545993 1.65558 0.0106747
1.25974995189 1.66121 0.010854
1.26603214313 1.66477 0.00996891
1.27231628847 1.67073 0.0100181
1.27860415506 1.67641 0.0102703
1.28488658893 1.6813 0.0098228
1.29117542007 1.68673 0.0108841
1.29746572637 1.69176 0.00973916
1.30374182701 1.6967 0.0106671
1.31001732292 1.70223 0.00979889
1.31630144766 1.70832 0.0103675
1.32258676036 1.71314 0.00953859
1.32886549245 1.71869 0.00949607
1.33514480495 1.72459 0.0103119
1.34144051627 1.72955 0.0108041
1.34773086842 1.73603 0.010797
1.35400158999 1.74081 0.00933321
1.3602826093 1.74731 0.00980288
1.36656568646 1.75215 0.0104142
1.37285149848 1.75806 0.0107222
1.37913537293 1.76412 0.0105402
1.38540956715 1.76934 0.0102804
1.39169864122 1.77491 0.00994351
1.39798445144 1.78125 0.00983151
1.40426788341 1.78622 0.00949277
1.41055477948 1.79236 0.00957012
1.41683783355 1.79691 0.00965086
1.42311817719 1.80299 0.010882
1.42939780116 1.80879 0.00951724
1.43568692182 1.81581 0.0103594
1.44197712177 1.82045 0.00968087
1.44825366785 1.82611 0.0101237
1.45453234897 1.83176 0.0106286
1.46081931915 1.83701 0.00909308
1.4671103644 1.84318 0.010037
1.47339290895 1.84918 0.0104947
1.47966996524 1.85492 0.00999623
1.4859561446 1.86121 0.00997067
1.49223361076 1.86643 0.0101478
1.49850247038 1.87282 0.0100459
1.50478575205 1.87709 0.0102044
1.51107599189 1.8831 0.00966346
1.51736163499 1.88782 0.00952262
1.52364857097 1.89417 0.0098071
1.52993803572 1.89928 0.0115763
1.53623017691 1.90483 0.00970045
1.54251071878 1.91101 0.0100886
1.54878396308 1.91555 0.0104617
1.55507306978 1.92074 0.0105274
1.56135732493 1.92611 0.010002
1.56762912105 1.93139 0.00957658
1.5739136974 1.93603 0.0106129
1.58020354523 1.94106 0.0115485
1.58648539343 1.94619 0.00998887
1.59276001426 1.95149 0.0110792
1.59904643639 1.95638 0.0105472
1.60534213664 1.96107 0.0112859
1.61161976836 1.96634 0.0101566
1.61789716835 1.97144 0.0102311
1.62418270854 1.97888 0.0102
1.63046407995 1.98523 0.00985458
1.63674824683 1.99065 0.0109737
1.64303013827 1.99666 0.0107486
1.64930808063 2.00374 0.0102707
1.65559224863 2.01144 0.0113979
1.66187827598 2.01684 0.0111116
1.66816823994 2.02171 0.0106922
1.6744495611 2.02936 0.0102069
1.68072138563 2.03467 0.0103656
1.68701215424 2.04273 0.0111607
1.6933074808 2.04661 0.0105602
1.69958064303 2.05402 0.0103654
1.70586179344 2.06053 0.0111785
1.71215172419 2.06645 0.0110286
1.71843538617 2.07301 0.0114516
1.72471844694 2.07889 0.0109713
1.73099491844 2.08495 0.00972793
1.73728636032 2.0915 0.0107847
1.74356630258 2.09744 0.0108956
1.74983600778 2.10407 0.0109412
1.75612327869 2.11044 0.0103208
1.76241061606 2.11741 0.0105825
1.76869357896 2.12305 0.0109821
1.77497674839 2.12863 0.0105918
1.78126362161 2.13553 0.0110519
1.78754574761 2.14084 0.0114968
1.7938272923 2.14824 0.0115903
1.80010772174 2.15456 0.0115325
1.80639091391 2.16107 0.0112135
1.81267451427 2.16737 0.0105019
1.81895363524 2.17408 0.0119781
1.82523850291 2.18083 0.0112439
1.8315236862 2.18656 0.0117762
1.83781040898 2.19321 0.0101474
1.84409642612 2.199 0.0117593
1.8503769215 2.20618 0.0126462
1.85666074594 2.21165 0.0109509
1.86294359809 2.21799 0.0110022
1.86922204917 2.22408 0.0114726
1.87550781357 2.23132 0.0114507
1.88179499507 2.23723 0.0122406
1.88807781314 2.24353 0.0116433
1.89435244502 2.24998 0.0113205
1.90063796885 2.25655 0.0115468
1.90692833723 2.26194 0.0122683
1.91320221586 2.26915 0.0123648
1.91948223445 2.27509 0.0124897
1.92577010575 2.28335 0.0126749
1.93206491035 2.28827 0.0127617
1.93834071151 2.2957 0.0120955
1.94460828613 2.30045 0.0129553
1.9508968614 2.30713 0.012947
1.95718811973 2.31426 0.0124105
1.96347509207 2.31964 0.012523
1.9697553281 2.32691 0.0127604
1.9760413775 2.33371 0.0134972
1.98233260336 2.33935 0.0123072
1.98861171931 2.34452 0.0134588
1.99488792869 2.35298 0.0139349
2.00117304134 2.3577 0.0131096
2.00745262249 2.36282 0.0141606
2.01372721862 2.37119 0.0137469
2.02001108039 2.37823 0.0140493
2.02630405283 2.38335 0.0134653
2.03258735828 2.38984 0.0134776
2.03886100377 2.39504 0.0132355
2.04514489951 2.40188 0.0146733
2.05143683626 2.40813 0.0152082
2.05772382203 2.41426 0.0136424
2.0640044634 2.41911 0.0148231
2.07029278421 2.42461 0.0154682
2.07658471853 2.43042 0.0152182
2.08285424307 2.43747 0.0157468
2.08912259138 2.44212 0.0158494
2.09541730178 2.44903 0.0150161
2.10170304464 2.45416 0.0160516
2.10797273337 2.46208 0.0147181
2.11425579676 2.46633 0.0154339
2.12053788985 2.47217 0.0159733
2.12682075079 2.47676 0.015608
2.13310670204 2.48427 0.0168108
2.13940011923 2.48975 0.0151151
2.14568939859 2.49502 0.0158022
2.15195789682 2.50011 0.0156772
2.15824033347 2.50518 0.0155811
2.16453048092 2.51149 0.0169708
2.17081716829 2.51507 0.016292
2.17709912993 2.52235 0.0164236
2.18337674027 2.52723 0.0164763
2.18965452646 2.53208 0.0167541
2.19593814184 2.53712 0.0172479
2.20221722867 2.54364 0.0179
2.20849850085 2.55038 0.0195372
2.21479372465 2.55523 0.0177207
2.22107581834 2.56043 0.0181969
2.22733812199 2.56391 0.0180744
2.23362792264 2.57051 0.0161823
2.2399287897 2.57585 0.0197625
2.24620084223 2.58096 0.0179887
2.2524810722 2.58873 0.0192209
2.25875993301 2.59323 0.0191255
2.26503776668 2.60057 0.0197014
2.27130391144 2.60876 0.0184452
2.27758972822 2.6148 0.0196378
2.28389830542 2.62069 0.0191417
2.29017001225 2.62789 0.0204205
2.29645357402 2.63541 0.0214834
2.30275372852 2.64125 0.0215278
2.30903325986 2.65116 0.0209076
2.31530674049 2.65617 0.0215964
2.32158490306 2.66235 0.0230589
2.3278758488 2.66822 0.0215901
2.33415543799 2.67206 0.0224562
2.34041936871 2.67834 0.0217335
2.34670710068 2.68605 0.0218573
2.3530032916 2.69225 0.0239208
2.35928989445 2.6999 0.0202
2.36555387699 2.70394 0.0252858
2.37182578571 2.71131 0.0259562
2.3781409032 2.71514 0.0255098
2.38442809259 2.72191 0.0221222
2.39069258243 2.72667 0.0280637
2.39698813839 2.73371 0.0255328
2.40330354843 2.74094 0.0245891
2.40957307365 2.74416 0.025791
2.41583080138 2.7518 0.0279962
2.42214385676 2.75808 0.0281767
2.42843005755 2.76164 0.0266539
2.43467776878 2.76493 0.0295022
2.44097021258 2.77849 0.0268851
2.44729898127 2.78112 0.0268143
2.45356911846 2.78737 0.0308494
2.45980003814 2.79211 0.0307689
2.4661092349 2.79648 0.0294756
2.47241430729 2.79988 0.0274135
2.47866355169 2.80975 0.0308899
2.48493431628 2.81394 0.0304331
2.49124283111 2.82533 0.0348116
2.49755537626 2.8234 0.0346201
2.50380379021 2.82584 0.0331816
2.51005045336 2.83397 0.0360886
2.51638815336 2.83519 0.0382376
2.52269694929 2.84675 0.0383819
2.52891211798 2.84644 0.034746
2.53519495098 2.85676 0.0386012
2.54155301509 2.86152 0.0383312
2.54783359884 2.86507 0.0417366
2.55402772623 2.8692 0.0496104
2.56033571996 2.87591 0.0448309
2.56672381747 2.88538 0.0427528
2.57294751341 2.87919 0.0460603
2.57911252531 2.89568 0.0438292
2.58547549612 2.89348 0.0435515
2.59185019505 2.89826 0.0444138
2.59805932148 2.89881 0.0516435
2.60429715989 2.89931 0.0508291
2.61067449751 2.91283 0.049725
2.61693283418 2.91383 0.0632701
2.62300854502 2.91394 0.0589761
2.62939753095 2.91353 0.0556679
2.63591057571 2.92012 0.0644865
2.64202978624 2.92565 0.0684391
2.64803951219 2.91884 0.0697932
2.65454096229 2.93352 0.0668826
2.66118028258 2.93746 0.0659415
2.66719514746 2.94229 0.0829686
2.67309090101 2.94412 0.0687138
2.67973176445 2.94214 0.0854925
2.68646693102 2.94464 0.0977459
2.69219835647 2.94002 0.0995324
2.69796467721 2.93746 0.106731
2.70489193937 2.93506 0.112025
2.71182026315 2.96327 0.0951445
2.71709790339 2.94906 0.160078
2.7227864466 2.96965 0.109624
2.72994784687 2.95967 0.143999
2.73706528781 2.95514 0.171362
2.74248820391 2.98032 0.311232
2.74787331837 2.90528 0.178011
2.75504313834 2.95475 0.293627
2.76219934437 2.93575 0.323405
2.76789278819 3.01928 0.599424
2.77283198247 2.88967 0.659732
2.77965581172 2.88276 1.37325
2.78599582346 -0.918314 54.3563
