0.0088996412247 -0.559012 0.193626
0.0150791221651 -0.536485 0.114241
0.0214479018646 -0.502141 0.0646633
0.0278366077649 -0.488492 0.0611419
0.034350997858 -0.451964 0.0488866
0.0404788676143 -0.417326 0.0465731
0.0467671668358 -0.380826 0.0415353
0.0530822510177 -0.335304 0.0420089
0.0594536244094 -0.288367 0.033679
0.0657622481459 -0.239892 0.0313384
0.071966329067 -0.185434 0.0303632
0.0782786091569 -0.130369 0.0239564
0.0847039894583 -0.0743967 0.0246815
0.0909685462053 -0.0251115 0.0272614
0.0972078977683 0.0234891 0.0276517
0.103476303896 0.0766029 0.0257049
0.109757644425 0.141225 0.0247037
0.116054308478 0.205059 0.0207478
0.122366966654 0.267524 0.0233824
0.128681726309 0.328238 0.0210324
0.134950080166 0.389401 0.0213434
0.141194955884 0.435627 0.0194807
0.147513357575 0.484691 0.0198995
0.153786507425 0.528188 0.0156813
0.160065754405 0.579484 0.0199722
0.166399116869 0.622844 0.018259
0.172719564578 0.669737 0.0159761
0.178976521338 0.714603 0.0165773
0.185235369065 0.761084 0.0151004
0.191480678734 0.800413 0.0162155
0.197788986865 0.835684 0.0166599
0.204093773545 0.867952 0.0171585
0.210393930261 0.896424 0.0140716
0.216690970982 0.920866 0.0144426
0.222970028122 0.942882 0.0149095
0.229262002709 0.965306 0.015487
0.235514150837 0.984453 0.0161007
0.241791058382 1.002 0.014398
0.248085653944 1.02115 0.0149764
0.254349225687 1.03701 0.0150421
0.260633425188 1.05066 0.0137151
0.26692573709 1.05868 0.0138289
0.273242334314 1.07034 0.0118632
0.279552968008 1.07605 0.0148362
0.285836629231 1.08351 0.012888
0.292087627139 1.08614 0.0147066
0.298344984444 1.09219 0.0134305
0.304638263941 1.09591 0.0134921
0.3109279127 1.09942 0.0130867
0.317216817162 1.10462 0.0132322
0.323518756794 1.10533 0.0121215
0.329816821755 1.10836 0.0132731
0.336117642946 1.11042 0.0128707
0.342370037571 1.11113 0.0144534
0.348647819267 1.11351 0.012199
0.354941161441 1.11522 0.0117328
0.361191693542 1.11466 0.013054
0.367476708956 1.1173 0.0119067
0.373764779528 1.12174 0.0128965
0.380065403148 1.1207 0.0119663
0.386353986126 1.12296 0.0123097
0.392614018136 1.12522 0.0125756
0.398926450032 1.12681 0.0121783
0.405207324458 1.127 0.0117698
0.411491647757 1.12901 0.0123669
0.417781427212 1.13357 0.0123255
0.424040064873 1.13457 0.0124092
0.430342569027 1.13718 0.0127114
0.436635856026 1.14111 0.0127711
0.442899618322 1.14355 0.0109403
0.449163441853 1.14489 0.0123517
0.455441414625 1.14797 0.0120635
0.46176344703 1.15024 0.0117817
0.468064424202 1.15336 0.0112966
0.474348524276 1.15666 0.0114364
0.480635613682 1.16154 0.0106983
0.486901925839 1.16439 0.0114764
0.49316970996 1.16564 0.0116555
0.499450674714 1.17022 0.0113522
0.505715905134 1.17284 0.0110563
0.511992399627 1.17366 0.0129647
0.518312609777 1.17845 0.0100339
0.524608963803 1.18084 0.0102197
0.530875730848 1.18505 0.0124475
0.537157352795 1.18917 0.0108191
0.543457956378 1.1908 0.0118739
0.549743065239 1.19371 0.0114503
0.55599374275 1.19674 0.0116769
0.562285467661 1.20149 0.0110101
0.568601153723 1.20667 0.0120116
0.574880458942 1.20788 0.0105301
0.581155021034 1.21168 0.0121019
0.587439449666 1.21456 0.0122924
0.59371762203 1.21677 0.0105307
0.599997195479 1.22186 0.0117426
0.606267911512 1.2229 0.0116164
0.612546957644 1.22646 0.00992704
0.618847773304 1.23087 0.0119872
0.625131056744 1.2338 0.0108742
0.631402745038 1.23781 0.0100795
0.637700356273 1.24112 0.0115458
0.643985778331 1.24531 0.010549
0.650268541717 1.24741 0.0111869
0.65655861177 1.25153 0.0115045
0.662836928236 1.25423 0.0112743
0.669118544496 1.25674 0.0111359
0.675407019858 1.26218 0.0115737
0.681683551459 1.26473 0.0113255
0.687959253386 1.2691 0.011293
0.694234431704 1.27126 0.0101932
0.700517540243 1.27533 0.0104303
0.706812495661 1.2771 0.00986783
0.713101900967 1.2829 0.0104948
0.719391825117 1.28723 0.0106637
0.72568338076 1.28931 0.0111564
0.731965268271 1.29316 0.0111915
0.738250799048 1.29666 0.0110874
0.744526584212 1.29953 0.0106589
0.750787110194 1.30406 0.0106708
0.757075846532 1.30671 0.0110912
0.76336412336 1.31209 0.0113516
0.769646295986 1.31572 0.0111964
0.775939486518 1.31901 0.00992411
0.782232914199 1.32228 0.0110505
0.788531493652 1.32657 0.0107534
0.794789656698 1.33057 0.0111762
0.801049109659 1.33347 0.0105919
0.807336406173 1.33882 0.0112626
0.813622948837 1.34159 0.00902453
0.819915299896 1.34645 0.011429
0.826195263639 1.34976 0.010421
0.832489707008 1.35357 0.0117461
0.838795930921 1.35609 0.0104012
0.84506346397 1.36214 0.0107994
0.851328286756 1.36553 0.00963901
0.85761982639 1.36851 0.0104622
0.863905847706 1.37335 0.0103727
0.870183874549 1.37711 0.00995921
0.876464109608 1.38203 0.00911065
0.88275038734 1.3857 0.00949541
0.889033276839 1.39 0.00953815
0.895308424711 1.39377 0.0104047
0.901595652167 1.39859 0.0102105
0.907883332809 1.40212 0.0112068
0.914174410632 1.40533 0.0101793
0.920463081772 1.41088 0.0103475
0.926743441526 1.41506 0.0119559
0.933032419735 1.42004 0.0110195
0.939326578557 1.42346 0.0106078
0.94559748104 1.42737 0.00980673
0.951866001855 1.43212 0.0112037
0.958141325553 1.43532 0.00947495
0.964435094511 1.4399 0.0103091
0.970735563357 1.44588 0.0100344
0.977008076845 1.45128 0.0105407
0.983282332536 1.45389 0.010257
0.989556969197 1.45953 0.0100655
0.995845630192 1.46326 0.00953878
1.00213621074 1.46766 0.010058
1.00840482534 1.47373 0.010744
1.01469414984 1.47735 0.0100071
1.02099255544 1.48314 0.0100068
1.02727398044 1.48668 0.0109074
1.0335591819 1.49248 0.0100579
1.03984755739 1.49603 0.0105779
1.04612697494 1.50058 0.0107841
1.05240343681 1.50536 0.00951943
1.05868070465 1.51057 0.00990218
1.06496433307 1.51561 0.0107156
1.07125677744 1.52083 0.00988033
1.0775440488 1.52339 0.0104205
1.08382482019 1.53074 0.0109239
1.09010802394 1.53485 0.00960474
1.09638966596 1.54012 0.0092937
1.10268113206 1.5451 0.0103278
1.10896304759 1.5502 0.0102075
1.11522542846 1.5553 0.010327
1.12150212761 1.56062 0.0118098
1.12779257382 1.5644 0.00938409
1.13408955267 1.57085 0.0102468
1.14036404965 1.5758 0.0107611
1.14663918032 1.5806 0.0104759
1.15294241299 1.58629 0.00926636
1.15922890675 1.59114 0.00990473
1.16550872189 1.59573 0.0108973
1.17179307626 1.60078 0.00984848
1.17808743637 1.60767 0.0100226
1.18436765425 1.6121 0.00976265
1.1906346423 1.61747 0.00990591
1.19691220883 1.62291 0.0101043
1.20320157735 1.62811 0.0104692
1.20948684444 1.63415 0.0100317
1.21576390207 1.63957 0.0106288
1.22204975517 1.64487 0.0104669
1.22834061662 1.65069 0.0100934
1.23463298658 1.65635 0.0100242
1.24090224718 1.66178 0.0109677
1.24717483914 1.66818 0.0101361
1.25346545993 1.67402 0.0102735
1.25974995189 1.67872 0.00943273
1.26603214313 1.68473 0.0093243
1.27231628847 1.69058 0.00954977
1.27860415506 1.69619 0.0103275
1.28488658893 1.70219 0.0107143
1.29117542007 1.7072 0.00905815
1.29746572637 1.71397 0.00953423
1.30374182701 1.71936 0.010437
1.31001732292 1.72526 0.0108593
1.31630144766 1.73094 0.010967
1.32258676036 1.73718 0.00999545
1.32886549245 1.74281 0.00941064
1.33514480495 1.74853 0.00983198
1.34144051627 1.75407 0.0104238
1.34773086842 1.76119 0.0103975
1.35400158999 1.76629 0.0103524
1.3602826093 1.77265 0.00985304
1.36656568646 1.77878 0.010848
1.37285149848 1.78342 0.0106306
1.37913537293 1.79076 0.0103981
1.38540956715 1.79679 0.00955655
1.39169864122 1.80194 0.0100755
1.39798445144 1.8088 0.00926277
1.40426788341 1.8146 0.0094846
1.41055477948 1.82142 0.00935654
1.41683783355 1.82696 0.0104055
1.42311817719 1.83253 0.0102505
1.42939780116 1.8389 0.00961481
1.43568692182 1.84476 0.010972
1.44197712177 1.85194 0.00979807
1.44825366785 1.85697 0.00969978
1.45453234897 1.86318 0.00977328
1.46081931915 1.86889 0.0107258
1.4671103644 1.87538 0.0109191
1.47339290895 1.88102 0.0104236
1.47966996524 1.88725 0.0099384
1.4859561446 1.89303 0.0102713
1.49223361076 1.89877 0.00945978
1.49850247038 1.9058 0.0095822
1.50478575205 1.91042 0.00980686
1.51107599189 1.91653 0.0105525
1.51736163499 1.92173 0.00971181
1.52364857097 1.9278 0.00957892
1.52993803572 1.93371 0.0108602
1.53623017691 1.93905 0.00997058
1.54251071878 1.94416 0.0105738
1.54878396308 1.95096 0.00951982
1.55507306978 1.95547 0.00998024
1.56135732493 1.96045 0.0112985
1.56762912105 1.96612 0.0108967
1.5739136974 1.97152 0.0102061
1.58020354523 1.97789 0.0109755
1.58648539343 1.98191 0.0104063
1.59276001426 1.9875 0.0099929
1.59904643639 1.99227 0.00967089
1.60534213664 1.99752 0.0100045
1.61161976836 2.00296 0.0111796
1.61789716835 2.00896 0.0103033
1.62418270854 2.01563 0.0111175
1.63046407995 2.0221 0.0101105
1.63674824683 2.02833 0.010852
1.64303013827 2.03436 0.0109382
1.64930808063 2.04105 0.0101729
1.65559224863 2.04761 0.0106872
1.66187827598 2.05322 0.0115763
1.66816823994 2.06043 0.0103589
1.6744495611 2.0663 0.0109843
1.68072138563 2.07226 0.0119349
1.68701215424 2.07928 0.0110258
1.6933074808 2.08644 0.0115376
1.69958064303 2.09283 0.0111357
1.70586179344 2.09704 0.0117559
1.71215172419 2.10534 0.0112458
1.71843538617 2.11056 0.0115258
1.72471844694 2.11738 0.0114878
1.73099491844 2.12339 0.0114964
1.73728636032 2.13052 0.0112944
1.74356630258 2.13644 0.0114892
1.74983600778 2.14338 0.0107954
1.75612327869 2.15025 0.0106288
1.76241061606 2.1563 0.0115057
1.76869357896 2.16221 0.0113048
1.77497674839 2.17011 0.0114266
1.78126362161 2.17424 0.0112869
1.78754574761 2.1809 0.0111411
1.7938272923 2.18879 0.0121108
1.80010772174 2.19379 0.0121408
1.80639091391 2.20164 0.0130184
1.81267451427 2.20797 0.0119362
1.81895363524 2.21374 0.0118158
1.82523850291 2.22002 0.0122806
1.8315236862 2.2278 0.0124335
1.83781040898 2.23468 0.011384
1.84409642612 2.24129 0.0112144
1.8503769215 2.24654 0.01272
1.85666074594 2.25453 0.0122506
1.86294359809 2.26041 0.0122324
1.86922204917 2.26689 0.0119085
1.87550781357 2.27274 0.0131542
1.88179499507 2.28047 0.0132413
1.88807781314 2.28668 0.0127903
1.89435244502 2.29251 0.0116553
1.90063796885 2.3003 0.0135872
1.90692833723 2.30609 0.011485
1.91320221586 2.31293 0.0123715
1.91948223445 2.31903 0.0133001
1.92577010575 2.32717 0.0125117
1.93206491035 2.33271 0.0137023
1.93834071151 2.33843 0.0126975
1.94460828613 2.34477 0.0129305
1.9508968614 2.35276 0.014036
1.95718811973 2.3591 0.0126848
1.96347509207 2.36464 0.0128287
1.9697553281 2.37166 0.013362
1.9760413775 2.37895 0.0133647
1.98233260336 2.38422 0.013375
1.98861171931 2.39126 0.0139898
1.99488792869 2.39665 0.0130683
2.00117304134 2.40274 0.0140367
2.00745262249 2.41111 0.0126559
2.01372721862 2.41713 0.0141413
2.02001108039 2.424 0.0133725
2.02630405283 2.42929 0.0139286
2.03258735828 2.43611 0.0142178
2.03886100377 2.44149 0.0139071
2.04514489951 2.44786 0.0145257
2.05143683626 2.45392 0.0151382
2.05772382203 2.4611 0.0129872
2.0640044634 2.468 0.0138821
2.07029278421 2.47332 0.0138965
2.07658471853 2.48054 0.0150174
2.08285424307 2.48666 0.0144462
2.08912259138 2.49069 0.0143238
2.09541730178 2.49897 0.0153428
2.10170304464 2.50328 0.0160275
2.10797273337 2.50918 0.0136354
2.11425579676 2.51666 0.0156869
2.12053788985 2.52282 0.0165247
2.12682075079 2.52791 0.0157488
2.13310670204 2.53303 0.0175407
2.13940011923 2.53871 0.0158687
2.14568939859 2.54683 0.0160121
2.15195789682 2.54958 0.0161171
2.15824033347 2.55703 0.0155692
2.16453048092 2.56101 0.0146966
2.17081716829 2.56736 0.0167509
2.17709912993 2.57295 0.0170833
2.18337674027 2.5798 0.0162571
2.18965452646 2.58329 0.0160968
2.19593814184 2.58896 0.0153619
2.20221722867 2.59313 0.0165731
2.20849850085 2.60087 0.0169891
2.21479372465 2.60511 0.0160386
2.22107581834 2.61227 0.0177981
2.22733812199 2.6201 0.0156054
2.23362792264 2.62447 0.0178245
2.2399287897 2.62988 0.0179293
2.24620084223 2.63595 0.0170753
2.2524810722 2.64273 0.0190461
2.25875993301 2.6506 0.0188763
2.26503776668 2.65758 0.0189657
2.27130391144 2.66059 0.0186726
2.27758972822 2.66884 0.0174478
2.28389830542 2.67812 0.0198781
2.29017001225 2.68702 0.0196109
2.29645357402 2.69171 0.0185506
2.30275372852 2.69992 0.0211542
2.30903325986 2.70436 0.020433
2.31530674049 2.71131 0.0206535
2.32158490306 2.71801 0.0216765
2.3278758488 2.72197 0.0206857
2.33415543799 2.73272 0.0213232
2.34041936871 2.73853 0.0211166
2.34670710068 2.74415 0.0200676
2.3530032916 2.75305 0.0248928
2.35928989445 2.75798 0.0208979
2.36555387699 2.7648 0.0214246
2.37182578571 2.76755 0.0234936
2.3781409032 2.77555 0.0244279
2.38442809259 2.78277 0.0233658
2.39069258243 2.79041 0.0233463
2.39698813839 2.79625 0.0255151
2.40330354843 2.8006 0.0267075
2.40957307365 2.8099 0.0263505
2.41583080138 2.816 0.0270515
2.42214385676 2.82136 0.0266439
2.42843005755 2.82565 0.0266585
2.43467776878 2.83488 0.0257027
2.44097021258 2.83855 0.0225635
2.44729898127 2.84904 0.0271398
2.45356911846 2.85161 0.0260793
2.45980003814 2.85532 0.0307407
2.4661092349 2.86176 0.0321598
2.47241430729 2.8683 0.0326416
2.47866355169 2.87684 0.0295835
2.48493431628 2.8806 0.0296058
2.49124283111 2.88673 0.0349029
2.49755537626 2.8939 0.0316728
2.50380379021 2.89822 0.0319034
2.51005045336 2.90218 0.0369209
2.51638815336 2.90627 0.0349943
2.52269694929 2.91791 0.0379261
2.52891211798 2.92193 0.0351368
2.53519495098 2.92118 0.0319031
2.54155301509 2.92997 0.0360035
2.54783359884 2.92927 0.0384736
2.55402772623 2.94272 0.0373834
2.56033571996 2.94946 0.036128
2.56672381747 2.9467 0.0439554
2.57294751341 2.95506 0.0415827
2.57911252531 2.95766 0.043473
2.58547549612 2.96366 0.0442229
2.59185019505 2.97157 0.0453188
2.59805932148 2.96541 0.0504149
2.60429715989 2.9809 0.0479826
2.61067449751 2.99282 0.0534761
2.61693283418 2.98542 0.0505541
2.62300854502 2.9905 0.0584372
2.62939753095 2.99419 0.0625251
2.63591057571 2.99579 0.0609794
2.64202978624 3.00363 0.0578558
2.64803951219 3.0083 0.0655604
2.65454096229 3.00149 0.0596604
2.66118028258 3.01741 0.0716858
2.66719514746 3.01782 0.0716396
2.67309090101 3.01232 0.0790856
2.67973176445 3.02924 0.0748638
2.68646693102 3.03646 0.0841201
2.69219835647 3.00866 0.0944766
2.69796467721 3.01547 0.085828
2.70489193937 3.02697 0.110032
2.71182026315 3.01418 0.11171
2.71709790339 3.0423 0.166303
2.7227864466 3.03019 0.106724
2.72994784687 3.01872 0.133183
2.73706528781 3.06933 0.157353
2.74248820391 3.05302 0.258675
2.74787331837 3.03892 0.236284
2.75504313834 3.07984 0.234337
2.76219934437 3.06367 0.289628
2.76789278819 3.00276 0.621052
2.77283198247 3.00482 0.563566
2.77965581172 2.9533 1.25711
2.78599582346 -14.5939 120.468
