0.0088996412247 0.764644 0.121201
0.0150791221651 0.767102 0.0660204
0.0214479018646 0.77054 0.0438154
0.0278366077649 0.778033 0.039794
0.034350997858 0.782531 0.0327613
0.0404788676143 0.784264 0.0287026
0.0467671668358 0.78451 0.0269098
0.0530822510177 0.788682 0.0248248
0.0594536244094 0.789663 0.0254949
0.0657622481459 0.792147 0.0204689
0.071966329067 0.79314 0.0201751
0.0782786091569 0.795389 0.0179009
0.0847039894583 0.791635 0.0175702
0.0909685462053 0.792977 0.0178192
0.0972078977683 0.788468 0.0188602
0.103476303896 0.784184 0.0158494
0.109757644425 0.787768 0.0183231
0.116054308478 0.785499 0.0156522
0.122366966654 0.787762 0.0160253
0.128681726309 0.789374 0.0165388
0.134950080166 0.788738 0.0154061
0.141194955884 0.785347 0.0147364
0.147513357575 0.782219 0.0159455
0.153786507425 0.777989 0.0142531
0.160065754405 0.778272 0.0155795
0.166399116869 0.774274 0.0149905
0.172719564578 0.773555 0.0135126
0.178976521338 0.772336 0.0136736
0.185235369065 0.776611 0.014672
0.191480678734 0.777417 0.0128926
0.197788986865 0.778085 0.0132212
0.204093773545 0.776643 0.0125767
0.210393930261 0.776172 0.012038
0.216690970982 0.775086 0.0135265
0.222970028122 0.775438 0.0120862
0.229262002709 0.775051 0.0128797
0.235514150837 0.775144 0.0134775
0.241791058382 0.774487 0.0121377
0.248085653944 0.780364 0.0139542
0.254349225687 0.781994 0.0111389
0.260633425188 0.783492 0.0114832
0.26692573709 0.783096 0.0129251
0.273242334314 0.785554 0.0107841
0.279552968008 0.78833 0.0125808
0.285836629231 0.790562 0.0112643
0.292087627139 0.791832 0.0116815
0.298344984444 0.795177 0.0123626
0.304638263941 0.797822 0.0109863
0.3109279127 0.798851 0.0113542
0.317216817162 0.804352 0.0121756
0.323518756794 0.806986 0.0118401
0.329816821755 0.812658 0.011005
0.336117642946 0.816509 0.0108465
0.342370037571 0.819544 0.0101577
0.348647819267 0.823953 0.0101897
0.354941161441 0.826929 0.00991058
0.361191693542 0.830899 0.0107103
0.367476708956 0.835842 0.0105362
0.373764779528 0.841378 0.0110604
0.380065403148 0.844875 0.00963016
0.386353986126 0.850418 0.0103319
0.392614018136 0.855159 0.00923888
0.398926450032 0.860575 0.00982125
0.405207324458 0.864801 0.0094209
0.411491647757 0.869874 0.00965983
0.417781427212 0.875539 0.0112433
0.424040064873 0.879916 0.0112492
0.430342569027 0.886429 0.00923941
0.436635856026 0.89211 0.0109783
0.442899618322 0.897603 0.00918437
0.449163441853 0.901618 0.010702
0.455441414625 0.908533 0.0117185
0.46176344703 0.91387 0.0110307
0.468064424202 0.920585 0.0105465
0.474348524276 0.926009 0.0106875
0.480635613682 0.93345 0.00954446
0.486901925839 0.939595 0.0095102
0.49316970996 0.94447 0.00996815
0.499450674714 0.952092 0.0101988
0.505715905134 0.957075 0.0101895
0.511992399627 0.962415 0.00996003
0.518312609777 0.970151 0.00956937
0.524608963803 0.975202 0.00990962
0.530875730848 0.982108 0.00951746
0.537157352795 0.989228 0.00991428
0.543457956378 0.994023 0.010566
0.549743065239 1.00095 0.0104898
0.55599374275 1.00736 0.00976467
0.562285467661 1.01469 0.0100441
0.568601153723 1.02274 0.0098402
0.574880458942 1.02741 0.00981877
0.581155021034 1.03309 0.00971173
0.587439449666 1.04002 0.010296
0.59371762203 1.04545 0.00969609
0.599997195479 1.05283 0.0107082
0.606267911512 1.05747 0.00972967
0.612546957644 1.06519 0.00877774
0.618847773304 1.07179 0.0108226
0.625131056744 1.07873 0.00943161
0.631402745038 1.0844 0.00986782
0.637700356273 1.09128 0.0102728
0.643985778331 1.09749 0.00990058
0.650268541717 1.10421 0.0105371
0.65655861177 1.11032 0.00995135
0.662836928236 1.11612 0.0104691
0.669118544496 1.12251 0.00936129
0.675407019858 1.1292 0.0107668
0.681683551459 1.13615 0.0104067
0.687959253386 1.14325 0.0110393
0.694234431704 1.14943 0.00967082
0.700517540243 1.15548 0.00922505
0.706812495661 1.16049 0.00990443
0.713101900967 1.16719 0.00883817
0.719391825117 1.17478 0.0102441
0.72568338076 1.18001 0.0102456
0.731965268271 1.18597 0.0102475
0.738250799048 1.19199 0.00987961
0.744526584212 1.19738 0.0090449
0.750787110194 1.20413 0.0096994
0.757075846532 1.20936 0.01091
0.76336412336 1.2175 0.0103924
0.769646295986 1.22205 0.00998453
0.775939486518 1.22801 0.00886498
0.782232914199 1.23399 0.0104508
0.788531493652 1.24078 0.00923232
0.794789656698 1.24601 0.00974952
0.801049109659 1.24989 0.0101067
0.807336406173 1.25764 0.0109282
0.813622948837 1.26337 0.00964899
0.819915299896 1.26836 0.0105376
0.826195263639 1.27449 0.0102056
0.832489707008 1.28128 0.00972719
0.838795930921 1.28527 0.0104576
0.84506346397 1.292 0.0105327
0.851328286756 1.29639 0.00907192
0.85761982639 1.30205 0.0102928
0.863905847706 1.30763 0.00958758
0.870183874549 1.31241 0.00993498
0.876464109608 1.3186 0.00941791
0.88275038734 1.32535 0.00955832
0.889033276839 1.32959 0.00971197
0.895308424711 1.33423 0.00985549
0.901595652167 1.34022 0.0102082
0.907883332809 1.34536 0.0107912
0.914174410632 1.34894 0.00959672
0.920463081772 1.35551 0.00996034
0.926743441526 1.36151 0.0104917
0.933032419735 1.36762 0.00991478
0.939326578557 1.37225 0.00931079
0.94559748104 1.37639 0.0100628
0.951866001855 1.38216 0.0110354
0.958141325553 1.38626 0.00966645
0.964435094511 1.39156 0.00969494
0.970735563357 1.39756 0.00982878
0.977008076845 1.40395 0.0108694
0.983282332536 1.40749 0.0105118
0.989556969197 1.41237 0.0100819
0.995845630192 1.41793 0.00933743
1.00213621074 1.42236 0.00961402
1.00840482534 1.42898 0.0107459
1.01469414984 1.43249 0.00985868
1.02099255544 1.43823 0.00979694
1.02727398044 1.4433 0.0101411
1.0335591819 1.44928 0.0104287
1.03984755739 1.45379 0.0103447
1.04612697494 1.45879 0.010792
1.05240343681 1.46239 0.00957465
1.05868070465 1.46759 0.00933218
1.06496433307 1.47334 0.0102962
1.07125677744 1.47782 0.0101402
1.0775440488 1.48183 0.0100462
1.08382482019 1.48846 0.0113187
1.09010802394 1.49395 0.00996289
1.09638966596 1.49765 0.00887303
1.10268113206 1.50297 0.00899669
1.10896304759 1.50787 0.0098294
1.11522542846 1.51344 0.00955349
1.12150212761 1.51842 0.0107221
1.12779257382 1.5217 0.00936954
1.13408955267 1.52871 0.0101632
1.14036404965 1.53329 0.010362
1.14663918032 1.53767 0.00978011
1.15294241299 1.5428 0.00955365
1.15922890675 1.54786 0.0101197
1.16550872189 1.55209 0.0107055
1.17179307626 1.55682 0.00947454
1.17808743637 1.56395 0.010169
1.18436765425 1.56739 0.010123
1.1906346423 1.57331 0.0102599
1.19691220883 1.57712 0.00949058
1.20320157735 1.58284 0.0101604
1.20948684444 1.58815 0.0100434
1.21576390207 1.59345 0.0107152
1.22204975517 1.5973 0.00950086
1.22834061662 1.60345 0.0097187
1.23463298658 1.60822 0.00972671
1.24090224718 1.61375 0.0102016
1.24717483914 1.61849 0.00961137
1.25346545993 1.62446 0.0103698
1.25974995189 1.62842 0.0096839
1.26603214313 1.63386 0.0102758
1.27231628847 1.63902 0.00970371
1.27860415506 1.64462 0.0094588
1.28488658893 1.64923 0.00998606
1.29117542007 1.65466 0.00950021
1.29746572637 1.65997 0.00922712
1.30374182701 1.6651 0.00978539
1.31001732292 1.66993 0.0102657
1.31630144766 1.67522 0.00953398
1.32258676036 1.68074 0.0094375
1.32886549245 1.68597 0.00936269
1.33514480495 1.69189 0.00984901
1.34144051627 1.69644 0.00983744
1.34773086842 1.70207 0.0101881
1.35400158999 1.70687 0.0100699
1.3602826093 1.71235 0.0102153
1.36656568646 1.71812 0.0102245
1.37285149848 1.72195 0.00974223
1.37913537293 1.72788 0.0103743
1.38540956715 1.73396 0.0101924
1.39169864122 1.73814 0.0104415
1.39798445144 1.74518 0.00820652
1.40426788341 1.74949 0.00984114
1.41055477948 1.75505 0.00996169
1.41683783355 1.76048 0.0101064
1.42311817719 1.76539 0.0104959
1.42939780116 1.77092 0.00971169
1.43568692182 1.7757 0.0113448
1.44197712177 1.78194 0.0102315
1.44825366785 1.78667 0.00946847
1.45453234897 1.79171 0.00943016
1.46081931915 1.79626 0.0102333
1.4671103644 1.80241 0.0105745
1.47339290895 1.80765 0.0101207
1.47966996524 1.81243 0.0101566
1.4859561446 1.81812 0.0098621
1.49223361076 1.82314 0.00989386
1.49850247038 1.82853 0.00959306
1.50478575205 1.83312 0.0097195
1.51107599189 1.83804 0.0100377
1.51736163499 1.84253 0.00963494
1.52364857097 1.84803 0.0103479
1.52993803572 1.85271 0.0105632
1.53623017691 1.85658 0.00984814
1.54251071878 1.86233 0.0108586
1.54878396308 1.86689 0.00964504
1.55507306978 1.87125 0.0100866
1.56135732493 1.87686 0.0103978
1.56762912105 1.88158 0.0104736
1.5739136974 1.88452 0.00991227
1.58020354523 1.89028 0.0102678
1.58648539343 1.89418 0.0099457
1.59276001426 1.89885 0.0102639
1.59904643639 1.90294 0.00997809
1.60534213664 1.90701 0.0101479
1.61161976836 1.91529 0.0105724
1.61789716835 1.91713 0.010211
1.62418270854 1.92281 0.0103037
1.63046407995 1.92883 0.0105023
1.63674824683 1.93378 0.0104597
1.64303013827 1.93937 0.0106052
1.64930808063 1.94538 0.0089211
1.65559224863 1.95115 0.0113564
1.66187827598 1.95583 0.0112229
1.66816823994 1.96127 0.00988076
1.6744495611 1.96745 0.010405
1.68072138563 1.97189 0.0111202
1.68701215424 1.97809 0.0104001
1.6933074808 1.98374 0.0104629
1.69958064303 1.98967 0.0103917
1.70586179344 1.9941 0.0114076
1.71215172419 2.00048 0.0109403
1.71843538617 2.00634 0.0109475
1.72471844694 2.01056 0.0106838
1.73099491844 2.01601 0.0104921
1.73728636032 2.02192 0.0112119
1.74356630258 2.02724 0.0108459
1.74983600778 2.03261 0.00997613
1.75612327869 2.03836 0.00927747
1.76241061606 2.04372 0.0112384
1.76869357896 2.04913 0.0108107
1.77497674839 2.05554 0.010883
1.78126362161 2.05998 0.0114069
1.78754574761 2.06426 0.0108611
1.7938272923 2.07103 0.0114024
1.80010772174 2.07637 0.0112218
1.80639091391 2.08192 0.0121739
1.81267451427 2.08752 0.0116839
1.81895363524 2.09209 0.0119636
1.82523850291 2.09842 0.011683
1.8315236862 2.10413 0.0113137
1.83781040898 2.10984 0.0103275
1.84409642612 2.11453 0.0120329
1.8503769215 2.12011 0.0125924
1.85666074594 2.126 0.0116903
1.86294359809 2.12967 0.0124361
1.86922204917 2.13581 0.011201
1.87550781357 2.14151 0.0123771
1.88179499507 2.14741 0.0120205
1.88807781314 2.15256 0.0114544
1.89435244502 2.15652 0.0108702
1.90063796885 2.16346 0.011989
1.90692833723 2.16829 0.0119854
1.91320221586 2.1732 0.012966
1.91948223445 2.17876 0.012858
1.92577010575 2.18471 0.0116248
1.93206491035 2.18912 0.012754
1.93834071151 2.19383 0.0121475
1.94460828613 2.19835 0.0124817
1.9508968614 2.20484 0.0126193
1.95718811973 2.2107 0.0127416
1.96347509207 2.21518 0.0127736
1.9697553281 2.21984 0.0131201
1.9760413775 2.22614 0.0130451
1.98233260336 2.23106 0.0123125
1.98861171931 2.23562 0.0125766
1.99488792869 2.24138 0.0138981
2.00117304134 2.24557 0.0133565
2.00745262249 2.25124 0.012333
2.01372721862 2.2568 0.012488
2.02001108039 2.26208 0.0129838
2.02630405283 2.26631 0.0125347
2.03258735828 2.27188 0.0149083
2.03886100377 2.27594 0.0144368
2.04514489951 2.28157 0.0156653
2.05143683626 2.28605 0.0143594
2.05772382203 2.29122 0.012795
2.0640044634 2.29584 0.0137673
2.07029278421 2.30073 0.0127921
2.07658471853 2.30574 0.0139336
2.08285424307 2.31185 0.0148566
2.08912259138 2.31293 0.0131726
2.09541730178 2.3202 0.0146536
2.10170304464 2.32372 0.0151504
2.10797273337 2.32842 0.0128086
2.11425579676 2.3328 0.0150938
2.12053788985 2.33912 0.0153133
2.12682075079 2.3414 0.0154275
2.13310670204 2.34663 0.015514
2.13940011923 2.34968 0.0145757
2.14568939859 2.35689 0.0144851
2.15195789682 2.35993 0.0153545
2.15824033347 2.3643 0.0154138
2.16453048092 2.36738 0.014798
2.17081716829 2.37093 0.0151667
2.17709912993 2.3767 0.0155271
2.18337674027 2.38179 0.0156233
2.18965452646 2.3855 0.0140448
2.19593814184 2.38953 0.0149384
2.20221722867 2.39283 0.0168725
2.20849850085 2.40031 0.0161798
2.21479372465 2.40233 0.0160145
2.22107581834 2.40719 0.0165792
2.22733812199 2.41031 0.0155644
2.23362792264 2.41624 0.0157084
2.2399287897 2.41948 0.0174049
2.24620084223 2.42474 0.0170843
2.2524810722 2.42748 0.0190386
2.25875993301 2.43563 0.0198598
2.26503776668 2.44134 0.0168707
2.27130391144 2.44435 0.0178003
2.27758972822 2.45161 0.0174902
2.28389830542 2.45653 0.0213403
2.29017001225 2.46264 0.0204545
2.29645357402 2.46574 0.0179497
2.30275372852 2.47086 0.0213927
2.30903325986 2.47531 0.0194109
2.31530674049 2.4812 0.0200979
2.32158490306 2.48496 0.0184172
2.3278758488 2.48926 0.0195389
2.33415543799 2.49502 0.01993
2.34041936871 2.49731 0.0195091
2.34670710068 2.50302 0.0200333
2.3530032916 2.51035 0.0232109
2.35928989445 2.51442 0.0205152
2.36555387699 2.5181 0.0237617
2.37182578571 2.52027 0.022502
2.3781409032 2.52766 0.0232199
2.38442809259 2.53271 0.0220447
2.39069258243 2.53544 0.0239818
2.39698813839 2.54134 0.0215575
2.40330354843 2.54515 0.0233672
2.40957307365 2.55022 0.0245549
2.41583080138 2.55299 0.0271103
2.42214385676 2.55965 0.0259649
2.42843005755 2.56128 0.0216261
2.43467776878 2.56771 0.026022
2.44097021258 2.57081 0.0240404
2.44729898127 2.57833 0.0289919
2.45356911846 2.57885 0.0282397
2.45980003814 2.58276 0.027514
2.4661092349 2.58838 0.0306475
2.47241430729 2.58709 0.0316927
2.47866355169 2.59776 0.034437
2.48493431628 2.60239 0.0261064
2.49124283111 2.60499 0.0325646
2.49755537626 2.60788 0.0270749
2.50380379021 2.61024 0.0302925
2.51005045336 2.61473 0.0366617
2.51638815336 2.61403 0.0344972
2.52269694929 2.62295 0.0336786
2.52891211798 2.62557 0.0329814
2.53519495098 2.6267 0.0318315
2.54155301509 2.6297 0.0353608
2.54783359884 2.63268 0.0367135
2.55402772623 2.64358 0.0362924
2.56033571996 2.64433 0.0379342
2.56672381747 2.64322 0.0455732
2.57294751341 2.64878 0.0402306
2.57911252531 2.65395 0.044149
2.58547549612 2.65724 0.0432035
2.59185019505 2.65489 0.043728
2.59805932148 2.65619 0.0481794
2.60429715989 2.6674 0.0443893
2.61067449751 2.6755 0.0471836
2.61693283418 2.66235 0.0520658
2.62300854502 2.67842 0.060692
2.62939753095 2.67501 0.0540003
2.63591057571 2.67728 0.0608424
2.64202978624 2.67865 0.065383
2.64803951219 2.68355 0.0618912
2.65454096229 2.68285 0.064963
2.66118028258 2.67846 0.0710898
2.66719514746 2.68347 0.069106
2.67309090101 2.68139 0.0719837
2.67973176445 2.68834 0.0714758
2.68646693102 2.71148 0.0879367
2.69219835647 2.67248 0.0820142
2.69796467721 2.68442 0.0779363
2.70489193937 2.69438 0.0989115
2.71182026315 2.69706 0.109066
2.71709790339 2.70523 0.147511
2.7227864466 2.69054 0.113659
2.72994784687 2.6859 0.142088
2.73706528781 2.73048 0.159486
2.74248820391 2.70916 0.258723
2.74787331837 2.68931 0.224273
2.75504313834 2.71413 0.233246
2.76219934437 2.73104 0.33287
2.76789278819 2.66969 0.502489
2.77283198247 2.65498 0.547607
2.77965581172 2.59023 1.27878
2.78599582346 61.9452 1647.85
