0.0088996412247 0.285711 0.141048
0.0150791221651 0.297905 0.0830839
0.0214479018646 0.300509 0.0492034
0.0278366077649 0.302984 0.0491155
0.034350997858 0.316814 0.0362584
0.0404788676143 0.315642 0.0350871
0.0467671668358 0.324279 0.0347898
0.0530822510177 0.333332 0.0307806
0.0594536244094 0.338491 0.0285097
0.0657622481459 0.34367 0.0248489
0.071966329067 0.355734 0.024776
0.0782786091569 0.362456 0.0220912
0.0847039894583 0.368457 0.0183888
0.0909685462053 0.373717 0.0216544
0.0972078977683 0.374134 0.0220162
0.103476303896 0.378925 0.0208773
0.109757644425 0.393252 0.0197287
0.116054308478 0.401071 0.0169363
0.122366966654 0.41456 0.0181661
0.128681726309 0.42659 0.0170127
0.134950080166 0.436438 0.0179307
0.141194955884 0.441644 0.0173893
0.147513357575 0.450998 0.016017
0.153786507425 0.456009 0.014304
0.160065754405 0.469215 0.0175383
0.166399116869 0.476366 0.0145557
0.172719564578 0.488231 0.0147259
0.178976521338 0.5017 0.0149525
0.185235369065 0.51751 0.015707
0.191480678734 0.53249 0.0134118
0.197788986865 0.547728 0.0136394
0.204093773545 0.559973 0.0143164
0.210393930261 0.57208 0.0126668
0.216690970982 0.585044 0.0129681
0.222970028122 0.598465 0.0137569
0.229262002709 0.609876 0.014344
0.235514150837 0.625828 0.0142296
0.241791058382 0.640219 0.0118983
0.248085653944 0.657485 0.0140387
0.254349225687 0.674704 0.0135358
0.260633425188 0.688889 0.0117271
0.26692573709 0.702215 0.0131952
0.273242334314 0.718949 0.0110742
0.279552968008 0.732577 0.012594
0.285836629231 0.748809 0.01062
0.292087627139 0.760857 0.0129437
0.298344984444 0.775866 0.0121779
0.304638263941 0.790851 0.0109592
0.3109279127 0.803162 0.0114948
0.317216817162 0.82075 0.0120423
0.323518756794 0.834168 0.0106548
0.329816821755 0.849115 0.0117867
0.336117642946 0.863102 0.0106808
0.342370037571 0.876079 0.0123485
0.348647819267 0.890374 0.0102076
0.354941161441 0.901882 0.010601
0.361191693542 0.912958 0.0112595
0.367476708956 0.927531 0.0102284
0.373764779528 0.939864 0.0111878
0.380065403148 0.950704 0.0109099
0.386353986126 0.963007 0.0111093
0.392614018136 0.974193 0.0108099
0.398926450032 0.985053 0.0110796
0.405207324458 0.993487 0.0098654
0.411491647757 1.00391 0.0111953
0.417781427212 1.01449 0.0115595
0.424040064873 1.02382 0.0121504
0.430342569027 1.03336 0.0108689
0.436635856026 1.04241 0.011023
0.442899618322 1.05053 0.0100452
0.449163441853 1.05725 0.0121708
0.455441414625 1.06599 0.0108981
0.46176344703 1.07263 0.0114845
0.468064424202 1.08184 0.0107362
0.474348524276 1.08775 0.00983329
0.480635613682 1.09608 0.0102716
0.486901925839 1.10283 0.0107607
0.49316970996 1.10801 0.011668
0.499450674714 1.11645 0.0114516
0.505715905134 1.1195 0.0109653
0.511992399627 1.12502 0.0124508
0.518312609777 1.1315 0.0103641
0.524608963803 1.13639 0.00978761
0.530875730848 1.14198 0.0111732
0.537157352795 1.14766 0.0108025
0.543457956378 1.15065 0.0114275
0.549743065239 1.156 0.0108203
0.55599374275 1.15995 0.0102858
0.562285467661 1.16518 0.0109601
0.568601153723 1.17159 0.0121224
0.574880458942 1.17312 0.0109862
0.581155021034 1.17712 0.0117913
0.587439449666 1.18029 0.0112127
0.59371762203 1.18426 0.00997765
0.599997195479 1.18877 0.0117595
0.606267911512 1.19036 0.0110795
0.612546957644 1.19575 0.0103213
0.618847773304 1.19959 0.0116072
0.625131056744 1.20221 0.0108059
0.631402745038 1.20688 0.0104696
0.637700356273 1.21024 0.010811
0.643985778331 1.21424 0.0106888
0.650268541717 1.21666 0.0110717
0.65655861177 1.22126 0.0114919
0.662836928236 1.22345 0.0108994
0.669118544496 1.22693 0.0107702
0.675407019858 1.23124 0.0111656
0.681683551459 1.23434 0.011343
0.687959253386 1.23757 0.0113064
0.694234431704 1.24167 0.00992444
0.700517540243 1.24472 0.0105369
0.706812495661 1.24731 0.0101464
0.713101900967 1.25237 0.0101223
0.719391825117 1.25678 0.0106133
0.72568338076 1.2598 0.0105517
0.731965268271 1.2626 0.0105745
0.738250799048 1.26692 0.0106504
0.744526584212 1.27039 0.0098342
0.750787110194 1.27435 0.0101062
0.757075846532 1.27802 0.0105831
0.76336412336 1.28301 0.0106706
0.769646295986 1.28665 0.0103338
0.775939486518 1.29034 0.00918096
0.782232914199 1.29382 0.0109629
0.788531493652 1.29919 0.00992297
0.794789656698 1.3029 0.0104755
0.801049109659 1.30534 0.0107382
0.807336406173 1.3128 0.0112683
0.813622948837 1.31505 0.00914203
0.819915299896 1.31996 0.0109922
0.826195263639 1.32363 0.010257
0.832489707008 1.32843 0.0109936
0.838795930921 1.33103 0.00995034
0.84506346397 1.3368 0.0103484
0.851328286756 1.34117 0.00937161
0.85761982639 1.34524 0.0101
0.863905847706 1.35007 0.00976475
0.870183874549 1.35344 0.00998224
0.876464109608 1.35905 0.00955412
0.88275038734 1.36367 0.00961278
0.889033276839 1.3679 0.00951747
0.895308424711 1.37193 0.00948092
0.901595652167 1.37709 0.0106534
0.907883332809 1.38129 0.010814
0.914174410632 1.38474 0.00962891
0.920463081772 1.39073 0.0103332
0.926743441526 1.39523 0.0113865
0.933032419735 1.40047 0.0103853
0.939326578557 1.40575 0.00964596
0.94559748104 1.40905 0.00954752
0.951866001855 1.41397 0.0116618
0.958141325553 1.41822 0.00972608
0.964435094511 1.42316 0.00990082
0.970735563357 1.42925 0.00974935
0.977008076845 1.43466 0.011217
0.983282332536 1.43829 0.0104402
0.989556969197 1.44232 0.00986088
0.995845630192 1.44844 0.00941387
1.00213621074 1.45302 0.00976071
1.00840482534 1.45916 0.010295
1.01469414984 1.46214 0.00939337
1.02099255544 1.46813 0.0100354
1.02727398044 1.47298 0.0102894
1.0335591819 1.47847 0.0109393
1.03984755739 1.48313 0.0107871
1.04612697494 1.48867 0.0104443
1.05240343681 1.49271 0.00915419
1.05868070465 1.49868 0.00979941
1.06496433307 1.50409 0.0103879
1.07125677744 1.50817 0.0107225
1.0775440488 1.512 0.0104489
1.08382482019 1.51901 0.01095
1.09010802394 1.52449 0.00975679
1.09638966596 1.52935 0.00895302
1.10268113206 1.53457 0.0101082
1.10896304759 1.53991 0.0099032
1.11522542846 1.54491 0.0100761
1.12150212761 1.55116 0.0109027
1.12779257382 1.55523 0.00959121
1.13408955267 1.56136 0.0104806
1.14036404965 1.56658 0.00992064
1.14663918032 1.57137 0.0100963
1.15294241299 1.57717 0.00997773
1.15922890675 1.58235 0.0095507
1.16550872189 1.58708 0.0102659
1.17179307626 1.59202 0.00991856
1.17808743637 1.59963 0.0103016
1.18436765425 1.60454 0.00989744
1.1906346423 1.60916 0.0101786
1.19691220883 1.61503 0.0097977
1.20320157735 1.62054 0.00999527
1.20948684444 1.62684 0.00980487
1.21576390207 1.63225 0.0102972
1.22204975517 1.63732 0.0102115
1.22834061662 1.64402 0.0102598
1.23463298658 1.64943 0.0101292
1.24090224718 1.65533 0.0109809
1.24717483914 1.66103 0.00938747
1.25346545993 1.66739 0.0104855
1.25974995189 1.6724 0.00924244
1.26603214313 1.67842 0.0100131
1.27231628847 1.68405 0.0100034
1.27860415506 1.6897 0.00920519
1.28488658893 1.69556 0.0104967
1.29117542007 1.70124 0.00943019
1.29746572637 1.70747 0.00931599
1.30374182701 1.71354 0.00997218
1.31001732292 1.71939 0.0109811
1.31630144766 1.72511 0.00982921
1.32258676036 1.73095 0.00944109
1.32886549245 1.73743 0.00939099
1.33514480495 1.74331 0.00994274
1.34144051627 1.74908 0.0100139
1.34773086842 1.75567 0.0109502
1.35400158999 1.76114 0.0106004
1.3602826093 1.76768 0.0095857
1.36656568646 1.77352 0.0106235
1.37285149848 1.77822 0.0100615
1.37913537293 1.78525 0.00996841
1.38540956715 1.79151 0.0093962
1.39169864122 1.79655 0.00969391
1.39798445144 1.80399 0.00941912
1.40426788341 1.80976 0.0098098
1.41055477948 1.81627 0.00967484
1.41683783355 1.82198 0.00990608
1.42311817719 1.8272 0.0104761
1.42939780116 1.83397 0.00975592
1.43568692182 1.83936 0.0110726
1.44197712177 1.84693 0.00962884
1.44825366785 1.85235 0.00986677
1.45453234897 1.85806 0.00944538
1.46081931915 1.86318 0.0104231
1.4671103644 1.86957 0.0105125
1.47339290895 1.87573 0.0102918
1.47966996524 1.88152 0.0104857
1.4859561446 1.88861 0.0104208
1.49223361076 1.89418 0.00978754
1.49850247038 1.9006 0.0100725
1.50478575205 1.90579 0.00974529
1.51107599189 1.91117 0.0105167
1.51736163499 1.91667 0.00938004
1.52364857097 1.92276 0.0101668
1.52993803572 1.92881 0.0112682
1.53623017691 1.93338 0.00964085
1.54251071878 1.93928 0.0103786
1.54878396308 1.9454 0.00989654
1.55507306978 1.95016 0.00967378
1.56135732493 1.95589 0.0111582
1.56762912105 1.96124 0.0108774
1.5739136974 1.96586 0.0103173
1.58020354523 1.97204 0.0101528
1.58648539343 1.97664 0.0101141
1.59276001426 1.98175 0.00996565
1.59904643639 1.98648 0.00941518
1.60534213664 1.99156 0.0106245
1.61161976836 1.99755 0.0105474
1.61789716835 2.00307 0.0101586
1.62418270854 2.01036 0.0103639
1.63046407995 2.01613 0.00980566
1.63674824683 2.02266 0.0105584
1.64303013827 2.02855 0.0101539
1.64930808063 2.03565 0.00941395
1.65559224863 2.04167 0.0106508
1.66187827598 2.04732 0.0109202
1.66816823994 2.05475 0.0101699
1.6744495611 2.06041 0.010473
1.68072138563 2.06562 0.0111993
1.68701215424 2.0729 0.0106295
1.6933074808 2.07975 0.0106673
1.69958064303 2.08642 0.010635
1.70586179344 2.09083 0.0110123
1.71215172419 2.09863 0.0116523
1.71843538617 2.1048 0.0112514
1.72471844694 2.11112 0.0109204
1.73099491844 2.11684 0.0104922
1.73728636032 2.1241 0.0104535
1.74356630258 2.13025 0.0111133
1.74983600778 2.13614 0.0103154
1.75612327869 2.14312 0.0100533
1.76241061606 2.14919 0.0112314
1.76869357896 2.15499 0.0109318
1.77497674839 2.1623 0.0110637
1.78126362161 2.16774 0.0116758
1.78754574761 2.17366 0.0107871
1.7938272923 2.18113 0.0117216
1.80010772174 2.18721 0.011704
1.80639091391 2.19414 0.0121586
1.81267451427 2.20023 0.0112864
1.81895363524 2.2064 0.0117301
1.82523850291 2.21284 0.0125717
1.8315236862 2.22007 0.0115935
1.83781040898 2.2268 0.0106221
1.84409642612 2.23303 0.0121145
1.8503769215 2.23858 0.0122067
1.85666074594 2.24578 0.0116236
1.86294359809 2.25182 0.0117251
1.86922204917 2.25842 0.0113031
1.87550781357 2.26463 0.0119207
1.88179499507 2.27201 0.0119197
1.88807781314 2.27751 0.0113157
1.89435244502 2.28297 0.0111086
1.90063796885 2.29131 0.0122774
1.90692833723 2.29664 0.0118079
1.91320221586 2.30321 0.0127388
1.91948223445 2.30871 0.0121442
1.92577010575 2.31688 0.0118828
1.93206491035 2.32256 0.0123314
1.93834071151 2.32863 0.0122819
1.94460828613 2.33424 0.0131659
1.9508968614 2.34205 0.0129615
1.95718811973 2.34863 0.0130062
1.96347509207 2.35408 0.0120546
1.9697553281 2.36024 0.0134039
1.9760413775 2.36701 0.0128949
1.98233260336 2.37339 0.012426
1.98861171931 2.38041 0.0123696
1.99488792869 2.38535 0.0128992
2.00117304134 2.39134 0.0129363
2.00745262249 2.39885 0.0119686
2.01372721862 2.40492 0.013027
2.02001108039 2.41251 0.0134196
2.02630405283 2.41761 0.0124632
2.03258735828 2.42307 0.0147747
2.03886100377 2.42911 0.0135616
2.04514489951 2.43575 0.0141067
2.05143683626 2.44114 0.0148096
2.05772382203 2.44863 0.0125182
2.0640044634 2.45412 0.0138866
2.07029278421 2.45955 0.0145423
2.07658471853 2.46635 0.0137849
2.08285424307 2.47274 0.0142913
2.08912259138 2.47615 0.0144499
2.09541730178 2.48475 0.0148921
2.10170304464 2.48975 0.0150254
2.10797273337 2.49547 0.0138134
2.11425579676 2.50191 0.0149235
2.12053788985 2.50841 0.015599
2.12682075079 2.51315 0.0149133
2.13310670204 2.51872 0.0168458
2.13940011923 2.52376 0.0152407
2.14568939859 2.5308 0.0148243
2.15195789682 2.53534 0.0145003
2.15824033347 2.54142 0.0152699
2.16453048092 2.54615 0.0156039
2.17081716829 2.55133 0.0148826
2.17709912993 2.5568 0.0160822
2.18337674027 2.56357 0.0154955
2.18965452646 2.56706 0.0158733
2.19593814184 2.57352 0.0156936
2.20221722867 2.57846 0.0153472
2.20849850085 2.58458 0.0157518
2.21479372465 2.58852 0.0160307
2.22107581834 2.59527 0.0175132
2.22733812199 2.6017 0.0143747
2.23362792264 2.60688 0.0179996
2.2399287897 2.6118 0.0169359
2.24620084223 2.61835 0.0160909
2.2524810722 2.62362 0.0197227
2.25875993301 2.63182 0.0176354
2.26503776668 2.63871 0.0183102
2.27130391144 2.64365 0.0193692
2.27758972822 2.65078 0.0170468
2.28389830542 2.65808 0.0197328
2.29017001225 2.66717 0.0192227
2.29645357402 2.67245 0.0187853
2.30275372852 2.67948 0.0194136
2.30903325986 2.68307 0.0203403
2.31530674049 2.69203 0.0185465
2.32158490306 2.69748 0.0184098
2.3278758488 2.70188 0.0189468
2.33415543799 2.71246 0.0199037
2.34041936871 2.71559 0.0199077
2.34670710068 2.72523 0.0188054
2.3530032916 2.73195 0.023903
2.35928989445 2.73792 0.0216567
2.36555387699 2.74511 0.0208637
2.37182578571 2.74633 0.0221486
2.3781409032 2.75251 0.0238068
2.38442809259 2.7584 0.021315
2.39069258243 2.76863 0.023283
2.39698813839 2.77344 0.0234827
2.40330354843 2.77671 0.0246196
2.40957307365 2.78563 0.026712
2.41583080138 2.79001 0.025158
2.42214385676 2.79812 0.0245049
2.42843005755 2.80089 0.0255105
2.43467776878 2.80835 0.0257269
2.44097021258 2.81559 0.0241603
2.44729898127 2.82367 0.0286534
2.45356911846 2.82835 0.0264297
2.45980003814 2.82952 0.0284174
2.4661092349 2.8371 0.0305639
2.47241430729 2.8398 0.0310233
2.47866355169 2.85037 0.0318871
2.48493431628 2.85615 0.0297078
2.49124283111 2.8605 0.0331244
2.49755537626 2.86849 0.0292344
2.50380379021 2.87085 0.0300702
2.51005045336 2.87258 0.0350573
2.51638815336 2.87803 0.0299829
2.52269694929 2.89107 0.0358867
2.52891211798 2.89343 0.0333405
2.53519495098 2.8938 0.033411
2.54155301509 2.90096 0.0361787
2.54783359884 2.90217 0.037783
2.55402772623 2.91547 0.0388545
2.56033571996 2.91774 0.0358591
2.56672381747 2.92395 0.043082
2.57294751341 2.92439 0.043556
2.57911252531 2.9334 0.0433237
2.58547549612 2.93165 0.0472014
2.59185019505 2.93859 0.0444369
2.59805932148 2.93221 0.0513727
2.60429715989 2.94911 0.0497126
2.61067449751 2.96055 0.0525774
2.61693283418 2.94954 0.0560628
2.62300854502 2.95474 0.0614675
2.62939753095 2.96492 0.0572185
2.63591057571 2.96781 0.0643272
2.64202978624 2.97284 0.0641636
2.64803951219 2.97806 0.0690998
2.65454096229 2.97237 0.0601423
2.66118028258 2.97418 0.0703304
2.66719514746 2.98008 0.0699127
2.67309090101 2.98193 0.0844097
2.67973176445 2.98882 0.0627864
2.68646693102 3.0036 0.0899966
2.69219835647 2.97367 0.100304
2.69796467721 2.98148 0.085218
2.70489193937 2.9837 0.100227
2.71182026315 2.98951 0.116553
2.71709790339 2.99387 0.163836
2.7227864466 2.98635 0.102516
2.72994784687 2.98894 0.140505
2.73706528781 3.02958 0.155466
2.74248820391 3.00997 0.257294
2.74787331837 2.96925 0.237234
2.75504313834 3.01985 0.233609
2.76219934437 2.99464 0.305706
2.76789278819 2.93752 0.649982
2.77283198247 2.89865 0.545566
2.77965581172 3.02521 1.33531
2.78599582346 -26.1407 169.027
