0.0088996412247 3.94125 0.185696
0.0150791221651 3.82524 0.109356
0.0214479018646 3.71024 0.0694457
0.0278366077649 3.65409 0.0639673
0.034350997858 3.58172 0.0537747
0.0404788676143 3.53155 0.0520607
0.0467671668358 3.49493 0.0492905
0.0530822510177 3.4489 0.0463955
0.0594536244094 3.40385 0.0356535
0.0657622481459 3.35989 0.0382454
0.071966329067 3.31146 0.0353469
0.0782786091569 3.26196 0.0316894
0.0847039894583 3.21056 0.0308204
0.0909685462053 3.17215 0.0319454
0.0972078977683 3.13444 0.0313148
0.103476303896 3.08921 0.0261313
0.109757644425 3.04087 0.0296908
0.116054308478 2.986 0.0234778
0.122366966654 2.92649 0.0249119
0.128681726309 2.87048 0.0219391
0.134950080166 2.81642 0.0229516
0.141194955884 2.76797 0.0213073
0.147513357575 2.72278 0.0219185
0.153786507425 2.68349 0.0247019
0.160065754405 2.63547 0.0239026
0.166399116869 2.59158 0.0225228
0.172719564578 2.54317 0.0190461
0.178976521338 2.50154 0.0199273
0.185235369065 2.45611 0.0206291
0.191480678734 2.41508 0.0209792
0.197788986865 2.37969 0.0181666
0.204093773545 2.33697 0.0192048
0.210393930261 2.30984 0.0190827
0.216690970982 2.27637 0.0183472
0.222970028122 2.24865 0.0176447
0.229262002709 2.21746 0.0191574
0.235514150837 2.18922 0.0205101
0.241791058382 2.16557 0.0172414
0.248085653944 2.14241 0.0192553
0.254349225687 2.11647 0.0190603
0.260633425188 2.09534 0.0165471
0.26692573709 2.07545 0.0180151
0.273242334314 2.05673 0.0174423
0.279552968008 2.03955 0.0162961
0.285836629231 2.02478 0.0163038
0.292087627139 2.0113 0.0164791
0.298344984444 1.99749 0.0174751
0.304638263941 1.97763 0.0180941
0.3109279127 1.96513 0.0173763
0.317216817162 1.9507 0.0170992
0.323518756794 1.9382 0.016205
0.329816821755 1.9318 0.0157374
0.336117642946 1.91762 0.016553
0.342370037571 1.90942 0.0168449
0.348647819267 1.89586 0.015117
0.354941161441 1.88128 0.0149385
0.361191693542 1.87358 0.017093
0.367476708956 1.86196 0.0137597
0.373764779528 1.85251 0.0153133
0.380065403148 1.84017 0.0176316
0.386353986126 1.8339 0.0170138
0.392614018136 1.82153 0.0164974
0.398926450032 1.81471 0.0162139
0.405207324458 1.86962 0.0164575
0.411491647757 1.79396 0.0147923
0.417781427212 1.77861 0.0172509
0.424040064873 1.77101 0.0158475
0.430342569027 1.76148 0.0179307
0.436635856026 1.7501 0.0165794
0.442899618322 1.73772 0.0156265
0.449163441853 1.73004 0.0172707
0.455441414625 1.71712 0.0172895
0.46176344703 1.70866 0.0153294
0.468064424202 1.69712 0.0166273
0.474348524276 1.68675 0.0162629
0.480635613682 1.67605 0.0162712
0.486901925839 1.66555 0.0160265
0.49316970996 1.65213 0.0179483
0.499450674714 1.64367 0.0175828
0.505715905134 1.63016 0.016757
0.511992399627 1.62352 0.0187816
0.518312609777 1.61183 0.0159968
0.524608963803 1.59833 0.0156194
0.530875730848 1.58898 0.015839
0.537157352795 1.57799 0.0154755
0.543457956378 1.56469 0.0159039
0.549743065239 1.55634 0.0152828
0.55599374275 1.54674 0.015959
0.562285467661 1.53405 0.0184848
0.568601153723 1.52441 0.0155018
0.574880458942 1.51235 0.0182997
0.581155021034 1.50326 0.0153002
0.587439449666 1.49363 0.0156959
0.59371762203 1.4792 0.0167806
0.599997195479 1.46945 0.0177352
0.606267911512 1.45779 0.0162665
0.612546957644 1.44808 0.0135425
0.618847773304 1.43894 0.0152292
0.625131056744 1.42674 0.0163183
0.631402745038 1.41586 0.016833
0.637700356273 1.40774 0.016156
0.643985778331 1.39601 0.0181207
0.650268541717 1.38744 0.0166283
0.65655861177 1.37669 0.0156429
0.662836928236 1.36607 0.0178406
0.669118544496 1.35911 0.014466
0.675407019858 1.34575 0.0162834
0.681683551459 1.33697 0.0171615
0.687959253386 1.32245 0.0171653
0.694234431704 1.31579 0.0157601
0.700517540243 1.31084 0.0179068
0.706812495661 1.29741 0.0158101
0.713101900967 1.28564 0.017082
0.719391825117 1.27511 0.0180335
0.72568338076 1.26604 0.018965
0.731965268271 1.25782 0.0176973
0.738250799048 1.24841 0.0175243
0.744526584212 1.23848 0.016705
0.750787110194 1.23038 0.0189629
0.757075846532 1.22057 0.0163498
0.76336412336 1.21295 0.0178975
0.769646295986 1.20317 0.0189994
0.775939486518 1.19174 0.0174404
0.782232914199 1.18699 0.0186309
0.788531493652 1.17422 0.01796
0.794789656698 1.16295 0.0185325
0.801049109659 1.15825 0.0181221
0.807336406173 1.15127 0.0170948
0.813622948837 1.14218 0.0185729
0.819915299896 1.13111 0.0186566
0.826195263639 1.12547 0.0212326
0.832489707008 1.11739 0.0197038
0.838795930921 1.10678 0.0184961
0.84506346397 1.0986 0.0204334
0.851328286756 1.08722 0.0210705
0.85761982639 1.08342 0.0190102
0.863905847706 1.07636 0.0188306
0.870183874549 1.06782 0.0189794
0.876464109608 1.0574 0.0185875
0.88275038734 1.0548 0.0177606
0.889033276839 1.04585 0.0190381
0.895308424711 1.03406 0.0204309
0.901595652167 1.03069 0.0194914
0.907883332809 1.02372 0.0204817
0.914174410632 1.01884 0.0210853
0.920463081772 1.01179 0.0225478
0.926743441526 1.00781 0.0178035
0.933032419735 0.998471 0.0204174
0.939326578557 0.996875 0.0206785
0.94559748104 0.989241 0.0195587
0.951866001855 0.982021 0.0216325
0.958141325553 0.976908 0.0210459
0.964435094511 0.974431 0.0218533
0.970735563357 0.966798 0.0243569
0.977008076845 0.965034 0.0223309
0.983282332536 0.960825 0.0219535
0.989556969197 0.956492 0.0224855
0.995845630192 0.951007 0.0221502
1.00213621074 0.950911 0.0216729
1.00840482534 0.951663 0.0226988
1.01469414984 0.944451 0.0216699
1.02099255544 0.945097 0.0221781
1.02727398044 0.943256 0.0206602
1.0335591819 0.939765 0.022655
1.03984755739 0.938978 0.0201398
1.04612697494 0.940006 0.0239549
1.05240343681 0.940176 0.0232998
1.05868070465 0.937686 0.0200256
1.06496433307 0.939922 0.0219496
1.07125677744 0.937424 0.0238752
1.0775440488 0.945532 0.0226889
1.08382482019 0.940424 0.0196222
1.09010802394 0.946021 0.0206215
1.09638966596 0.948681 0.0219361
1.10268113206 0.948246 0.0212521
1.10896304759 0.952804 0.0195726
1.11522542846 0.954815 0.0210778
1.12150212761 0.958925 0.0237415
1.12779257382 0.964749 0.0212328
1.13408955267 0.972421 0.0205809
1.14036404965 0.974161 0.0184824
1.14663918032 0.981427 0.0213098
1.15294241299 0.985593 0.0218852
1.15922890675 0.993594 0.0230031
1.16550872189 1.00288 0.0192471
1.17179307626 1.0119 0.02166
1.17808743637 1.01685 0.0212735
1.18436765425 1.02527 0.0207691
1.1906346423 1.0391 0.0228923
1.19691220883 1.04509 0.0198712
1.20320157735 1.05223 0.0205309
1.20948684444 1.06812 0.0198947
1.21576390207 1.0771 0.0204381
1.22204975517 1.08937 0.0203328
1.22834061662 1.1012 0.0202979
1.23463298658 1.11383 0.0190562
1.24090224718 1.12468 0.0183696
1.24717483914 1.13512 0.0183196
1.25346545993 1.15646 0.0193422
1.25974995189 1.16808 0.0212471
1.26603214313 1.18184 0.0204303
1.27231628847 1.19742 0.0186729
1.27860415506 1.21277 0.0185813
1.28488658893 1.2296 0.0193959
1.29117542007 1.24573 0.017084
1.29746572637 1.2641 0.0185878
1.30374182701 1.27956 0.0175865
1.31001732292 1.29764 0.0170594
1.31630144766 1.31664 0.0153838
1.32258676036 1.33539 0.0197034
1.32886549245 1.35666 0.0178538
1.33514480495 1.37581 0.0153774
1.34144051627 1.39349 0.0162691
1.34773086842 1.41785 0.0177085
1.35400158999 1.43848 0.0149255
1.3602826093 1.45891 0.0164998
1.36656568646 1.47893 0.0163566
1.37285149848 1.50063 0.0147283
1.37913537293 1.52412 0.0164957
1.38540956715 1.55038 0.0160154
1.39169864122 1.57115 0.0166233
1.39798445144 1.59707 0.0140199
1.40426788341 1.61886 0.0169438
1.41055477948 1.64145 0.016688
1.41683783355 1.66662 0.0149481
1.42311817719 1.69364 0.0143464
1.42939780116 1.71661 0.0161956
1.43568692182 1.74691 0.0148042
1.44197712177 1.77167 0.0132254
1.44825366785 1.79993 0.014493
1.45453234897 1.8251 0.0143173
1.46081931915 1.85306 0.0142555
1.4671103644 1.88064 0.0146495
1.47339290895 1.907 0.0143552
1.47966996524 1.93612 0.0134974
1.4859561446 1.96519 0.0148867
1.49223361076 1.99325 0.0142934
1.49850247038 2.02111 0.0150407
1.50478575205 2.04998 0.0134561
1.51107599189 2.08041 0.0127899
1.51736163499 2.11015 0.0129819
1.52364857097 2.13985 0.0135326
1.52993803572 2.17151 0.0128065
1.53623017691 2.20146 0.0133298
1.54251071878 2.2312 0.0119336
1.54878396308 2.26296 0.0133149
1.55507306978 2.29424 0.0138225
1.56135732493 2.32626 0.0124789
1.56762912105 2.35655 0.012789
1.5739136974 2.38986 0.0122351
1.58020354523 2.41969 0.0122794
1.58648539343 2.45285 0.014638
1.59276001426 2.48448 0.0137276
1.59904643639 2.51623 0.0117589
1.60534213664 2.55023 0.0128577
1.61161976836 2.57144 0.0134255
1.61789716835 2.58605 0.0121285
1.62418270854 2.59905 0.0126348
1.63046407995 2.61549 0.0128087
1.63674824683 2.62984 0.0133938
1.64303013827 2.64575 0.0129214
1.64930808063 2.66066 0.0126708
1.65559224863 2.67373 0.0122202
1.66187827598 2.69072 0.0123701
1.66816823994 2.7057 0.0126333
1.6744495611 2.72245 0.0140023
1.68072138563 2.73809 0.0135726
1.68701215424 2.75398 0.0138834
1.6933074808 2.77089 0.0152131
1.69958064303 2.78679 0.0139749
1.70586179344 2.80675 0.0146485
1.71215172419 2.824 0.0137587
1.71843538617 2.8413 0.0129313
1.72471844694 2.85607 0.014646
1.73099491844 2.87685 0.0137068
1.73728636032 2.89335 0.0134606
1.74356630258 2.91013 0.013499
1.74983600778 2.92845 0.0139654
1.75612327869 2.94865 0.0121871
1.76241061606 2.9675 0.0148702
1.76869357896 2.9872 0.0135237
1.77497674839 3.00616 0.0151971
1.78126362161 3.02415 0.0138995
1.78754574761 3.04616 0.0140852
1.7938272923 3.06475 0.0150594
1.80010772174 3.08612 0.014531
1.80639091391 3.10449 0.0138992
1.81267451427 3.12625 0.0149711
1.81895363524 3.14677 0.0143484
1.82523850291 3.16998 0.0148189
1.8315236862 3.18914 0.0152125
1.83781040898 3.21068 0.0147326
1.84409642612 3.23321 0.0149539
1.8503769215 3.25588 0.0158867
1.85666074594 3.2751 0.0156294
1.86294359809 3.29907 0.0163751
1.86922204917 3.32274 0.0158736
1.87550781357 3.34442 0.0149676
1.88179499507 3.36814 0.0167307
1.88807781314 3.39044 0.0146435
1.89435244502 3.41348 0.0171618
1.90063796885 3.43916 0.0169203
1.90692833723 3.46434 0.0140282
1.91320221586 3.48848 0.0156774
1.91948223445 3.51167 0.0162677
1.92577010575 3.5358 0.0166578
1.93206491035 3.56274 0.0155646
1.93834071151 3.58356 0.015585
1.94460828613 3.61185 0.0180841
1.9508968614 3.63646 0.0156247
1.95718811973 3.66113 0.0162403
1.96347509207 3.68752 0.0150906
1.9697553281 3.71325 0.0167179
1.9760413775 3.74054 0.0182371
1.98233260336 3.76511 0.0159879
1.98861171931 3.79361 0.0183551
1.99488792869 3.8171 0.0177872
2.00117304134 3.84552 0.0177104
2.00745262249 3.87379 0.0176967
2.01372721862 3.89677 0.0193631
2.02001108039 3.92611 0.0180416
2.02630405283 3.95044 0.0171795
2.03258735828 3.97955 0.0191551
2.03886100377 4.00793 0.0199931
2.04514489951 4.03399 0.0193373
2.05143683626 4.06276 0.0190241
2.05772382203 4.09151 0.0202245
2.0640044634 4.11885 0.0206255
2.07029278421 4.14561 0.0193868
2.07658471853 4.17344 0.0210192
2.08285424307 4.20175 0.0218468
2.08912259138 4.22715 0.021076
2.09541730178 4.25648 0.0194986
2.10170304464 4.28627 0.020093
2.10797273337 4.31182 0.020381
2.11425579676 4.34027 0.0219437
2.12053788985 4.36451 0.019486
2.12682075079 4.39786 0.0195593
2.13310670204 4.4221 0.021593
2.13940011923 4.44888 0.0217062
2.14568939859 4.47825 0.0209084
2.15195789682 4.50428 0.0214585
2.15824033347 4.53197 0.0198226
2.16453048092 4.55408 0.0231085
2.17081716829 4.58265 0.0216499
2.17709912993 4.61075 0.0226034
2.18337674027 4.63439 0.0209209
2.18965452646 4.66087 0.0224738
2.19593814184 4.6795 0.0231941
2.20221722867 4.71254 0.023101
2.20849850085 4.73171 0.0227906
2.21479372465 4.76004 0.0221339
2.22107581834 4.78161 0.0215306
2.22733812199 4.80224 0.0241119
2.23362792264 4.8281 0.0232588
2.2399287897 4.84766 0.0219986
2.24620084223 4.86936 0.0247192
2.2524810722 4.88646 0.0232073
2.25875993301 4.90594 0.0245128
2.26503776668 4.9236 0.0256615
2.27130391144 4.94291 0.0264228
2.27758972822 4.95405 0.0246444
2.28389830542 4.97442 0.0270532
2.29017001225 4.99404 0.0272991
2.29645357402 5.01402 0.0262605
2.30275372852 5.03736 0.0257794
2.30903325986 5.05902 0.0267323
2.31530674049 5.07817 0.0281172
2.32158490306 5.10164 0.0280452
2.3278758488 5.12132 0.0265616
2.33415543799 5.14843 0.0257145
2.34041936871 5.17372 0.0306416
2.34670710068 5.19325 0.0266353
2.3530032916 5.22089 0.0329142
2.35928989445 5.24384 0.0293322
2.36555387699 5.27192 0.02772
2.37182578571 5.29682 0.0313055
2.3781409032 5.31321 0.0277221
2.38442809259 5.34513 0.0358303
2.39069258243 5.37306 0.0297444
2.39698813839 5.39268 0.0315539
2.40330354843 5.42233 0.0366955
2.40957307365 5.44824 0.0292364
2.41583080138 5.47295 0.0300328
2.42214385676 5.50104 0.0349436
2.42843005755 5.52591 0.0360574
2.43467776878 5.55408 0.0345228
2.44097021258 5.57851 0.0335125
2.44729898127 5.60652 0.0364343
2.45356911846 5.63505 0.0432668
2.45980003814 5.65937 0.0413932
2.4661092349 5.68918 0.0401065
2.47241430729 5.72018 0.0406387
2.47866355169 5.7464 0.0432263
2.48493431628 5.76913 0.045829
2.49124283111 5.79643 0.0448236
2.49755537626 5.82687 0.0427542
2.50380379021 5.85501 0.0453618
2.51005045336 5.88214 0.0447299
2.51638815336 5.90976 0.0409841
2.52269694929 5.93513 0.0459258
2.52891211798 5.96432 0.0525504
2.53519495098 5.99053 0.0524516
2.54155301509 6.01424 0.0451243
2.54783359884 6.04083 0.0491873
2.55402772623 6.08111 0.0591578
2.56033571996 6.09807 0.0567792
2.56672381747 6.12747 0.0609969
2.57294751341 6.15396 0.0599814
2.57911252531 6.18363 0.0584619
2.58547549612 6.21646 0.0520069
2.59185019505 6.23167 0.0627498
2.59805932148 6.25038 0.0606323
2.60429715989 6.28261 0.0658202
2.61067449751 6.30961 0.0661302
2.61693283418 6.34355 0.0742682
2.62300854502 6.37102 0.0699925
2.62939753095 6.38248 0.0695697
2.63591057571 6.40475 0.0850575
2.64202978624 6.42222 0.0804631
2.64803951219 6.45333 0.0837571
2.65454096229 6.47363 0.0863447
2.66118028258 6.49416 0.0938652
2.66719514746 6.51985 0.097938
2.67309090101 6.53594 0.0977281
2.67973176445 6.5619 0.100431
2.68646693102 6.62105 0.110843
2.69219835647 6.61928 0.12333
2.69796467721 6.62301 0.127136
2.70489193937 6.65049 0.138566
2.71182026315 6.67929 0.14508
2.71709790339 6.68024 0.177402
2.7227864466 6.71697 0.162509
2.72994784687 6.74589 0.178869
2.73706528781 6.78208 0.205975
2.74248820391 6.80397 0.319626
2.74787331837 6.80822 0.268373
2.75504313834 6.85026 0.366122
2.76219934437 6.89632 0.430867
2.76789278819 6.83934 0.701279
2.77283198247 6.78157 0.824333
2.77965581172 6.87998 1.74935
2.78599582346 nan nan
