0.0088996412247 1.72051 0.100297
0.0150791221651 1.66223 0.0535245
0.0214479018646 1.63623 0.0342357
0.0278366077649 1.6163 0.033446
0.034350997858 1.59891 0.0250233
0.0404788676143 1.58381 0.0269415
0.0467671668358 1.5742 0.0233086
0.0530822510177 1.57077 0.0219125
0.0594536244094 1.57375 0.0195578
0.0657622481459 1.56778 0.0209006
0.071966329067 1.5637 0.0188003
0.0782786091569 1.56106 0.0187229
0.0847039894583 1.55116 0.0220307
0.0909685462053 1.54358 0.0190266
0.0972078977683 1.53537 0.0178719
0.103476303896 1.53671 0.0185439
0.109757644425 1.53472 0.0200795
0.116054308478 1.53835 0.0207606
0.122366966654 1.53605 0.01812
0.128681726309 1.53504 0.0160085
0.134950080166 1.53137 0.0178243
0.141194955884 1.52414 0.0190766
0.147513357575 1.51654 0.0148476
0.153786507425 1.51281 0.017278
0.160065754405 1.50237 0.0163926
0.166399116869 1.50039 0.0169193
0.172719564578 1.49514 0.0148185
0.178976521338 1.49553 0.0184781
0.185235369065 1.49191 0.0183715
0.191480678734 1.49043 0.0176299
0.197788986865 1.48945 0.0176321
0.204093773545 1.47872 0.0186951
0.210393930261 1.47632 0.016071
0.216690970982 1.46804 0.0167916
0.222970028122 1.46289 0.0155156
0.229262002709 1.45757 0.0153827
0.235514150837 1.44962 0.0175216
0.241791058382 1.44863 0.017457
0.248085653944 1.44198 0.0163164
0.254349225687 1.43722 0.0158589
0.260633425188 1.43085 0.0170114
0.26692573709 1.42783 0.0154524
0.273242334314 1.42428 0.0150618
0.279552968008 1.41467 0.0157828
0.285836629231 1.41211 0.0166583
0.292087627139 1.40714 0.0185262
0.298344984444 1.4038 0.0156235
0.304638263941 1.39163 0.0157657
0.3109279127 1.38771 0.0174148
0.317216817162 1.38386 0.0165576
0.323518756794 1.37598 0.0163042
0.329816821755 1.3714 0.0154029
0.336117642946 1.36475 0.017179
0.342370037571 1.36063 0.0201232
0.348647819267 1.35656 0.0176552
0.354941161441 1.34752 0.016608
0.361191693542 1.34058 0.015542
0.367476708956 1.33796 0.0177168
0.373764779528 1.33125 0.0183208
0.380065403148 1.32514 0.0160355
0.386353986126 1.32204 0.0165296
0.392614018136 1.31536 0.0167686
0.398926450032 1.30762 0.0158254
0.405207324458 1.30192 0.0163495
0.411491647757 1.29676 0.0174742
0.417781427212 1.2927 0.0185795
0.424040064873 1.28516 0.0166866
0.430342569027 1.28047 0.0193536
0.436635856026 1.27633 0.0180047
0.442899618322 1.27169 0.0180787
0.449163441853 1.26295 0.0168603
0.455441414625 1.26211 0.0179921
0.46176344703 1.25631 0.0189865
0.468064424202 1.25143 0.0191569
0.474348524276 1.24376 0.0171964
0.480635613682 1.2389 0.0170898
0.486901925839 1.23534 0.017646
0.49316970996 1.22663 0.0174169
0.499450674714 1.22551 0.018951
0.505715905134 1.21611 0.0190753
0.511992399627 1.214 0.0186585
0.518312609777 1.20501 0.0153494
0.524608963803 1.20279 0.0178493
0.530875730848 1.1974 0.0186231
0.537157352795 1.18999 0.0170197
0.543457956378 1.1853 0.0173853
0.549743065239 1.1818 0.0184375
0.55599374275 1.1792 0.016815
0.562285467661 1.1758 0.0176236
0.568601153723 1.17051 0.0190483
0.574880458942 1.16656 0.0174881
0.581155021034 1.16071 0.0187928
0.587439449666 1.15871 0.0192594
0.59371762203 1.14864 0.0184266
0.599997195479 1.14812 0.0173976
0.606267911512 1.14382 0.0183652
0.612546957644 1.13555 0.0173903
0.618847773304 1.13634 0.0172863
0.625131056744 1.13323 0.0178708
0.631402745038 1.12844 0.0187245
0.637700356273 1.12672 0.0168692
0.643985778331 1.12193 0.0185231
0.650268541717 1.11711 0.0187395
0.65655861177 1.11476 0.0158169
0.662836928236 1.1124 0.0191732
0.669118544496 1.11077 0.0180865
0.675407019858 1.10563 0.0177624
0.681683551459 1.10015 0.0191941
0.687959253386 1.09724 0.0203669
0.694234431704 1.09853 0.0179209
0.700517540243 1.09661 0.0190295
0.706812495661 1.09185 0.0197163
0.713101900967 1.08724 0.0180116
0.719391825117 1.08812 0.0193004
0.72568338076 1.08553 0.01514
0.731965268271 1.08519 0.0178865
0.738250799048 1.08023 0.0202621
0.744526584212 1.08189 0.0186177
0.750787110194 1.07608 0.0170315
0.757075846532 1.0727 0.0190466
0.76336412336 1.07306 0.02156
0.769646295986 1.07475 0.0196288
0.775939486518 1.07045 0.0186369
0.782232914199 1.07493 0.0162888
0.788531493652 1.07313 0.0200869
0.794789656698 1.06943 0.0195106
0.801049109659 1.0719 0.0176515
0.807336406173 1.07002 0.0188302
0.813622948837 1.07032 0.0179895
0.819915299896 1.06911 0.0206442
0.826195263639 1.072 0.019522
0.832489707008 1.06947 0.0187161
0.838795930921 1.07039 0.0173909
0.84506346397 1.07207 0.0177811
0.851328286756 1.07409 0.0192753
0.85761982639 1.07558 0.0174973
0.863905847706 1.0775 0.0206866
0.870183874549 1.07518 0.0195468
0.876464109608 1.07787 0.0182011
0.88275038734 1.08005 0.0188198
0.889033276839 1.08401 0.0182404
0.895308424711 1.08238 0.0184432
0.901595652167 1.08644 0.020688
0.907883332809 1.08931 0.0172687
0.914174410632 1.09263 0.0171415
0.920463081772 1.09658 0.0180451
0.926743441526 1.09991 0.0170588
0.933032419735 1.09966 0.0199182
0.939326578557 1.10355 0.0186857
0.94559748104 1.11196 0.017402
0.951866001855 1.11277 0.017575
0.958141325553 1.11596 0.0162491
0.964435094511 1.12094 0.0193193
0.970735563357 1.12715 0.019357
0.977008076845 1.13127 0.0186017
0.983282332536 1.13704 0.0209353
0.989556969197 1.14274 0.0164546
0.995845630192 1.14814 0.0164995
1.00213621074 1.15625 0.0170482
1.00840482534 1.16137 0.0164873
1.01469414984 1.16592 0.0186089
1.02099255544 1.17423 0.0170932
1.02727398044 1.18205 0.0185287
1.0335591819 1.18582 0.0182216
1.03984755739 1.19334 0.0163945
1.04612697494 1.20521 0.0180911
1.05240343681 1.21368 0.0167759
1.05868070465 1.22278 0.0174535
1.06496433307 1.23237 0.0158881
1.07125677744 1.23847 0.0143828
1.0775440488 1.24633 0.0165793
1.08382482019 1.25761 0.0175781
1.09010802394 1.2688 0.0176224
1.09638966596 1.27943 0.0155662
1.10268113206 1.28528 0.0175747
1.10896304759 1.29579 0.0160939
1.11522542846 1.30903 0.0157041
1.12150212761 1.32122 0.0176392
1.12779257382 1.33085 0.0152985
1.13408955267 1.34243 0.0166673
1.14036404965 1.35678 0.0174418
1.14663918032 1.36607 0.0187016
1.15294241299 1.37943 0.0151581
1.15922890675 1.39205 0.0170194
1.16550872189 1.40679 0.0156361
1.17179307626 1.42146 0.0159295
1.17808743637 1.43226 0.0165344
1.18436765425 1.44706 0.0153724
1.1906346423 1.46227 0.0149181
1.19691220883 1.47805 0.0155823
1.20320157735 1.48869 0.0157089
1.20948684444 1.50845 0.0141192
1.21576390207 1.52323 0.0170093
1.22204975517 1.53723 0.0161161
1.22834061662 1.55465 0.0158691
1.23463298658 1.57151 0.014621
1.24090224718 1.58866 0.015756
1.24717483914 1.60595 0.0143973
1.25346545993 1.62275 0.0138878
1.25974995189 1.63908 0.0133125
1.26603214313 1.65946 0.0134137
1.27231628847 1.67894 0.0147157
1.27860415506 1.69566 0.0147654
1.28488658893 1.71573 0.0142291
1.29117542007 1.73471 0.0142885
1.29746572637 1.7552 0.0149361
1.30374182701 1.77387 0.0141165
1.31001732292 1.79481 0.0135726
1.31630144766 1.81349 0.0136986
1.32258676036 1.83795 0.0128694
1.32886549245 1.8577 0.0152062
1.33514480495 1.88122 0.0133722
1.34144051627 1.90093 0.0125465
1.34773086842 1.92318 0.0130236
1.35400158999 1.94801 0.0128609
1.3602826093 1.96957 0.0137611
1.36656568646 1.99218 0.0121792
1.37285149848 2.01385 0.0138588
1.37913537293 2.03947 0.0131317
1.38540956715 2.06302 0.0132935
1.39169864122 2.08589 0.0134758
1.39798445144 2.11257 0.0129161
1.40426788341 2.13567 0.01309
1.41055477948 2.16221 0.0128203
1.41683783355 2.1864 0.0134037
1.42311817719 2.2137 0.0129951
1.42939780116 2.23835 0.0130773
1.43568692182 2.26731 0.0124416
1.44197712177 2.29274 0.0120022
1.44825366785 2.31904 0.0116083
1.45453234897 2.34546 0.0143358
1.46081931915 2.3719 0.014451
1.4671103644 2.40133 0.0125874
1.47339290895 2.42808 0.0123294
1.47966996524 2.45739 0.0135163
1.4859561446 2.48447 0.0126661
1.49223361076 2.51477 0.0125356
1.49850247038 2.54131 0.0125355
1.50478575205 2.56993 0.0119855
1.51107599189 2.59944 0.0131184
1.51736163499 2.63141 0.0117157
1.52364857097 2.65909 0.0121368
1.52993803572 2.68907 0.0120221
1.53623017691 2.71928 0.0124194
1.54251071878 2.75 0.0120261
1.54878396308 2.78025 0.0112209
1.55507306978 2.80832 0.011878
1.56135732493 2.8394 0.0114365
1.56762912105 2.87057 0.0128111
1.5739136974 2.90183 0.0126391
1.58020354523 2.93119 0.0118544
1.58648539343 2.96423 0.0124223
1.59276001426 2.99453 0.0127556
1.59904643639 3.02528 0.0119821
1.60534213664 3.05791 0.0132545
1.61161976836 3.08075 0.0132735
1.61789716835 3.09803 0.0122016
1.62418270854 3.11546 0.012636
1.63046407995 3.13569 0.0118318
1.63674824683 3.15168 0.012568
1.64303013827 3.171 0.0127967
1.64930808063 3.19113 0.0127594
1.65559224863 3.20806 0.013114
1.66187827598 3.22688 0.0122458
1.66816823994 3.24693 0.0136152
1.6744495611 3.26637 0.0133
1.68072138563 3.28481 0.011914
1.68701215424 3.30563 0.0146483
1.6933074808 3.32342 0.0135904
1.69958064303 3.34262 0.0135468
1.70586179344 3.36426 0.0140426
1.71215172419 3.38679 0.0127727
1.71843538617 3.40531 0.013729
1.72471844694 3.4242 0.0143494
1.73099491844 3.44778 0.0148046
1.73728636032 3.46725 0.0149761
1.74356630258 3.48755 0.0140211
1.74983600778 3.50934 0.0152924
1.75612327869 3.5325 0.0146033
1.76241061606 3.55392 0.0145708
1.76869357896 3.57637 0.0144858
1.77497674839 3.59881 0.0145971
1.78126362161 3.61926 0.0149157
1.78754574761 3.64359 0.0141338
1.7938272923 3.66746 0.015204
1.80010772174 3.68993 0.0157248
1.80639091391 3.71302 0.0157387
1.81267451427 3.73582 0.0152951
1.81895363524 3.75869 0.0164095
1.82523850291 3.78439 0.0154074
1.8315236862 3.80525 0.0168079
1.83781040898 3.83109 0.0150841
1.84409642612 3.85599 0.0164968
1.8503769215 3.88139 0.0158027
1.85666074594 3.9063 0.0164215
1.86294359809 3.92986 0.0165867
1.86922204917 3.95777 0.0166012
1.87550781357 3.98075 0.0161093
1.88179499507 4.00669 0.0181402
1.88807781314 4.03323 0.0169021
1.89435244502 4.05824 0.0155598
1.90063796885 4.08576 0.0178416
1.90692833723 4.11298 0.0176402
1.91320221586 4.13871 0.0180181
1.91948223445 4.16668 0.0162736
1.92577010575 4.19203 0.0176205
1.93206491035 4.22194 0.0164367
1.93834071151 4.24351 0.0179795
1.94460828613 4.27689 0.0179724
1.9508968614 4.30253 0.0178328
1.95718811973 4.32978 0.017543
1.96347509207 4.36046 0.0176562
1.9697553281 4.3873 0.0183963
1.9760413775 4.41529 0.0185149
1.98233260336 4.4449 0.0177836
1.98861171931 4.47416 0.0188562
1.99488792869 4.50124 0.0189017
2.00117304134 4.53 0.0192793
2.00745262249 4.56221 0.0197539
2.01372721862 4.58881 0.0177958
2.02001108039 4.61822 0.01978
2.02630405283 4.64502 0.0185559
2.03258735828 4.67638 0.0205191
2.03886100377 4.70878 0.0194799
2.04514489951 4.73419 0.0199528
2.05143683626 4.76669 0.0204661
2.05772382203 4.7945 0.0207493
2.0640044634 4.82604 0.0215257
2.07029278421 4.85532 0.0203271
2.07658471853 4.8852 0.0210971
2.08285424307 4.91352 0.0219287
2.08912259138 4.94153 0.0210002
2.09541730178 4.97253 0.0220897
2.10170304464 5.00434 0.0236229
2.10797273337 5.03108 0.0227067
2.11425579676 5.06222 0.0226444
2.12053788985 5.089 0.0216194
2.12682075079 5.12389 0.022126
2.13310670204 5.15019 0.0237243
2.13940011923 5.17966 0.0226892
2.14568939859 5.20901 0.021914
2.15195789682 5.23685 0.0232075
2.15824033347 5.26496 0.0220723
2.16453048092 5.29099 0.0229936
2.17081716829 5.32328 0.022632
2.17709912993 5.35295 0.0230512
2.18337674027 5.37995 0.0249691
2.18965452646 5.40415 0.023997
2.19593814184 5.42958 0.025732
2.20221722867 5.46203 0.0235829
2.20849850085 5.48329 0.0243446
2.21479372465 5.51376 0.0245192
2.22107581834 5.53793 0.023001
2.22733812199 5.5635 0.0269904
2.23362792264 5.5866 0.0265317
2.2399287897 5.61407 0.0259605
2.24620084223 5.63759 0.026249
2.2524810722 5.65875 0.0269973
2.25875993301 5.68245 0.0280565
2.26503776668 5.70371 0.0276371
2.27130391144 5.72734 0.0287166
2.27758972822 5.74728 0.0276678
2.28389830542 5.77136 0.0288855
2.29017001225 5.7942 0.0314774
2.29645357402 5.82312 0.0274083
2.30275372852 5.84732 0.0279723
2.30903325986 5.87423 0.0318218
2.31530674049 5.89957 0.0320415
2.32158490306 5.92726 0.0283384
2.3278758488 5.9501 0.0307108
2.33415543799 5.98089 0.031864
2.34041936871 6.01116 0.03178
2.34670710068 6.03641 0.0318827
2.3530032916 6.06424 0.0333646
2.35928989445 6.09338 0.0317171
2.36555387699 6.12225 0.0344441
2.37182578571 6.1502 0.0358759
2.3781409032 6.1772 0.0328334
2.38442809259 6.20895 0.0388264
2.39069258243 6.23914 0.038885
2.39698813839 6.26589 0.0364562
2.40330354843 6.29516 0.0379272
2.40957307365 6.32743 0.0354562
2.41583080138 6.35408 0.0406981
2.42214385676 6.38968 0.0414235
2.42843005755 6.41866 0.0391624
2.43467776878 6.44804 0.04132
2.44097021258 6.47833 0.0390047
2.44729898127 6.50798 0.0400365
2.45356911846 6.53641 0.0453524
2.45980003814 6.5644 0.0436017
2.4661092349 6.59874 0.0463734
2.47241430729 6.63031 0.0477846
2.47866355169 6.66192 0.0438168
2.48493431628 6.6891 0.0458736
2.49124283111 6.71956 0.0519985
2.49755537626 6.75375 0.0442933
2.50380379021 6.78102 0.0461981
2.51005045336 6.81407 0.0514483
2.51638815336 6.8456 0.0509801
2.52269694929 6.87018 0.0543648
2.52891211798 6.90137 0.0540812
2.53519495098 6.92363 0.0531346
2.54155301509 6.95566 0.0521499
2.54783359884 6.9837 0.0536101
2.55402772623 7.02382 0.0587327
2.56033571996 7.04662 0.0585225
2.56672381747 7.0845 0.0602243
2.57294751341 7.10579 0.0640524
2.57911252531 7.13305 0.0554505
2.58547549612 7.16584 0.0667226
2.59185019505 7.18247 0.0648549
2.59805932148 7.21572 0.0664124
2.60429715989 7.2445 0.0680959
2.61067449751 7.27126 0.0694042
2.61693283418 7.31131 0.0760457
2.62300854502 7.34269 0.07837
2.62939753095 7.34729 0.0740966
2.63591057571 7.38355 0.0882977
2.64202978624 7.39603 0.0910326
2.64803951219 7.41626 0.0893321
2.65454096229 7.44427 0.0953139
2.66118028258 7.47427 0.0975624
2.66719514746 7.49472 0.0944282
2.67309090101 7.5195 0.113464
2.67973176445 7.5441 0.113662
2.68646693102 7.58732 0.123255
2.69219835647 7.59134 0.144861
2.69796467721 7.59635 0.143661
2.70489193937 7.61283 0.142196
2.71182026315 7.65151 0.156207
2.71709790339 7.66209 0.20646
2.7227864466 7.70067 0.151498
2.72994784687 7.74332 0.212968
2.73706528781 7.75071 0.229069
2.74248820391 7.72885 0.350355
2.74787331837 7.79309 0.264876
2.75504313834 7.78178 0.359395
2.76219934437 7.81617 0.520596
2.76789278819 7.83812 0.824942
2.77283198247 7.70659 0.896354
2.77965581172 7.87833 1.73568
2.78599582346 nan nan
