0.0088996412247 2.39456 0.133499
0.0150791221651 2.33117 0.0685806
0.0214479018646 2.29083 0.0505173
0.0278366077649 2.26404 0.0417033
0.034350997858 2.23094 0.0332233
0.0404788676143 2.21597 0.0382933
0.0467671668358 2.21681 0.0340003
0.0530822510177 2.20806 0.0290382
0.0594536244094 2.20628 0.0240075
0.0657622481459 2.20711 0.0229857
0.071966329067 2.20745 0.0227926
0.0782786091569 2.20808 0.021349
0.0847039894583 2.20654 0.0235378
0.0909685462053 2.2066 0.0247482
0.0972078977683 2.20822 0.0202187
0.103476303896 2.21274 0.0204535
0.109757644425 2.22061 0.0204444
0.116054308478 2.22975 0.0173717
0.122366966654 2.22815 0.0192001
0.128681726309 2.22801 0.0155974
0.134950080166 2.23178 0.0201161
0.141194955884 2.23348 0.0163479
0.147513357575 2.2363 0.0161801
0.153786507425 2.24195 0.0206958
0.160065754405 2.24055 0.0191049
0.166399116869 2.24291 0.0165049
0.172719564578 2.24306 0.0169188
0.178976521338 2.24768 0.0172293
0.185235369065 2.24839 0.0179994
0.191480678734 2.24663 0.0174294
0.197788986865 2.25013 0.0185897
0.204093773545 2.24608 0.0169386
0.210393930261 2.25084 0.0165445
0.216690970982 2.24725 0.0169025
0.222970028122 2.24368 0.0186428
0.229262002709 2.24496 0.0191295
0.235514150837 2.24403 0.0174497
0.241791058382 2.24248 0.0167756
0.248085653944 2.23743 0.0158855
0.254349225687 2.23541 0.0176096
0.260633425188 2.2312 0.0159169
0.26692573709 2.22942 0.0152208
0.273242334314 2.22552 0.0166981
0.279552968008 2.22222 0.0157752
0.285836629231 2.21805 0.0182325
0.292087627139 2.21405 0.0171796
0.298344984444 2.21188 0.0169409
0.304638263941 2.20141 0.0165478
0.3109279127 2.20034 0.0160424
0.317216817162 2.19232 0.0168436
0.323518756794 2.18535 0.0158087
0.329816821755 2.182 0.0155485
0.336117642946 2.17526 0.0153992
0.342370037571 2.17136 0.0170468
0.348647819267 2.16126 0.0158902
0.354941161441 2.15369 0.0140496
0.361191693542 2.14659 0.0150228
0.367476708956 2.1401 0.0169299
0.373764779528 2.13282 0.0150133
0.380065403148 2.12189 0.0163875
0.386353986126 2.1178 0.0168811
0.392614018136 2.10733 0.0153206
0.398926450032 2.10082 0.0154509
0.405207324458 2.08992 0.0151357
0.411491647757 2.08566 0.0138776
0.417781427212 2.07549 0.0177054
0.424040064873 2.06638 0.0154501
0.430342569027 2.05783 0.0164238
0.436635856026 2.0483 0.0154035
0.442899618322 2.03848 0.0168512
0.449163441853 2.0313 0.0173035
0.455441414625 2.02171 0.0155194
0.46176344703 2.01339 0.0155855
0.468064424202 2.00056 0.0158833
0.474348524276 1.99358 0.0154664
0.480635613682 1.98187 0.015365
0.486901925839 1.97328 0.0143621
0.49316970996 1.96258 0.0146635
0.499450674714 1.95356 0.0174927
0.505715905134 1.9403 0.0132554
0.511992399627 1.9346 0.0155149
0.518312609777 1.92268 0.0175779
0.524608963803 1.90991 0.0144644
0.530875730848 1.90275 0.016238
0.537157352795 1.89121 0.0158271
0.543457956378 1.87921 0.0131955
0.549743065239 1.86867 0.0138891
0.55599374275 1.86034 0.0144613
0.562285467661 1.84944 0.0154196
0.568601153723 1.83845 0.0145019
0.574880458942 1.82533 0.0157189
0.581155021034 1.81566 0.014801
0.587439449666 1.80789 0.0165643
0.59371762203 1.79295 0.015761
0.599997195479 1.78442 0.0138488
0.606267911512 1.77189 0.013511
0.612546957644 1.76088 0.0132705
0.618847773304 1.75161 0.0145986
0.625131056744 1.74009 0.0143534
0.631402745038 1.72976 0.0161629
0.637700356273 1.7202 0.0150558
0.643985778331 1.70951 0.0139884
0.650268541717 1.69729 0.0158296
0.65655861177 1.68646 0.013808
0.662836928236 1.67605 0.0148913
0.669118544496 1.66594 0.0142406
0.675407019858 1.65565 0.0147754
0.681683551459 1.64334 0.015591
0.687959253386 1.62889 0.0148483
0.694234431704 1.62131 0.0157274
0.700517540243 1.61343 0.0155669
0.706812495661 1.60065 0.0154839
0.713101900967 1.58861 0.0132805
0.719391825117 1.57816 0.0153533
0.72568338076 1.5673 0.0151988
0.731965268271 1.5576 0.0155084
0.738250799048 1.54696 0.0157958
0.744526584212 1.53764 0.0144094
0.750787110194 1.52808 0.0154793
0.757075846532 1.51446 0.0138364
0.76336412336 1.50497 0.0167158
0.769646295986 1.49758 0.0157892
0.775939486518 1.48689 0.0163554
0.782232914199 1.47793 0.0135496
0.788531493652 1.4655 0.0152691
0.794789656698 1.45435 0.015724
0.801049109659 1.44561 0.0164503
0.807336406173 1.43875 0.0148476
0.813622948837 1.42795 0.0152205
0.819915299896 1.41812 0.016887
0.826195263639 1.40868 0.0185439
0.832489707008 1.39946 0.0162318
0.838795930921 1.38919 0.0150989
0.84506346397 1.37942 0.016197
0.851328286756 1.3691 0.0154124
0.85761982639 1.3639 0.0142286
0.863905847706 1.35513 0.0178505
0.870183874549 1.3462 0.0168077
0.876464109608 1.33568 0.0144334
0.88275038734 1.32915 0.0160024
0.889033276839 1.3214 0.0162527
0.895308424711 1.31095 0.0159706
0.901595652167 1.30584 0.0142813
0.907883332809 1.29513 0.0170852
0.914174410632 1.28946 0.0149035
0.920463081772 1.28695 0.0169086
0.926743441526 1.27457 0.0174897
0.933032419735 1.26832 0.0175619
0.939326578557 1.2621 0.0145589
0.94559748104 1.25785 0.0159521
0.951866001855 1.24747 0.0175873
0.958141325553 1.24048 0.0158563
0.964435094511 1.23949 0.0180848
0.970735563357 1.23197 0.0186825
0.977008076845 1.22755 0.0170567
0.983282332536 1.22388 0.017309
0.989556969197 1.21692 0.0162694
0.995845630192 1.21191 0.018452
1.00213621074 1.20883 0.0185501
1.00840482534 1.20515 0.0170451
1.01469414984 1.20073 0.0176659
1.02099255544 1.20051 0.0166724
1.02727398044 1.19818 0.0174705
1.0335591819 1.19157 0.0166032
1.03984755739 1.1925 0.0158703
1.04612697494 1.18999 0.0172506
1.05240343681 1.18647 0.0181345
1.05868070465 1.1882 0.0185543
1.06496433307 1.18793 0.0165976
1.07125677744 1.18569 0.0159533
1.0775440488 1.1895 0.0163986
1.08382482019 1.18765 0.0171194
1.09010802394 1.18641 0.0184228
1.09638966596 1.18916 0.0182058
1.10268113206 1.19036 0.018187
1.10896304759 1.19087 0.0162573
1.11522542846 1.19642 0.0167352
1.12150212761 1.19925 0.0191439
1.12779257382 1.20089 0.0170887
1.13408955267 1.20667 0.0203808
1.14036404965 1.20861 0.0173503
1.14663918032 1.21579 0.0178223
1.15294241299 1.21993 0.016752
1.15922890675 1.22378 0.0167544
1.16550872189 1.23089 0.0168188
1.17179307626 1.24229 0.0190911
1.17808743637 1.24626 0.0191299
1.18436765425 1.25072 0.0157211
1.1906346423 1.262 0.017956
1.19691220883 1.26812 0.0156744
1.20320157735 1.27726 0.0146287
1.20948684444 1.28838 0.0178074
1.21576390207 1.2965 0.0168173
1.22204975517 1.30799 0.0165421
1.22834061662 1.31927 0.0147862
1.23463298658 1.32888 0.0164331
1.24090224718 1.34025 0.0162016
1.24717483914 1.35012 0.0157134
1.25346545993 1.36794 0.0152083
1.25974995189 1.38061 0.016363
1.26603214313 1.39366 0.0152107
1.27231628847 1.40828 0.0152617
1.27860415506 1.42252 0.0153822
1.28488658893 1.43847 0.013919
1.29117542007 1.45331 0.0148414
1.29746572637 1.46853 0.014169
1.30374182701 1.48499 0.0146551
1.31001732292 1.50262 0.0152635
1.31630144766 1.51971 0.0149774
1.32258676036 1.53763 0.0157727
1.32886549245 1.55616 0.0152938
1.33514480495 1.57364 0.0134846
1.34144051627 1.59245 0.0131101
1.34773086842 1.61461 0.0151245
1.35400158999 1.63426 0.0142138
1.3602826093 1.65504 0.0149003
1.36656568646 1.67589 0.0143056
1.37285149848 1.69649 0.0155886
1.37913537293 1.71854 0.0133338
1.38540956715 1.74026 0.0134433
1.39169864122 1.76556 0.0134314
1.39798445144 1.78918 0.0135346
1.40426788341 1.81153 0.0151086
1.41055477948 1.83461 0.0146255
1.41683783355 1.85992 0.0133029
1.42311817719 1.88473 0.0140117
1.42939780116 1.90705 0.0142293
1.43568692182 1.93417 0.0133096
1.44197712177 1.95846 0.0120936
1.44825366785 1.98572 0.0132838
1.45453234897 2.01195 0.0139169
1.46081931915 2.03783 0.0146341
1.4671103644 2.0666 0.0123183
1.47339290895 2.09546 0.0126173
1.47966996524 2.12304 0.0124496
1.4859561446 2.14963 0.0130214
1.49223361076 2.17974 0.0118565
1.49850247038 2.20767 0.0124004
1.50478575205 2.23366 0.0136711
1.51107599189 2.26389 0.0134462
1.51736163499 2.29404 0.0110162
1.52364857097 2.32392 0.0122693
1.52993803572 2.35417 0.0120124
1.53623017691 2.38425 0.0129484
1.54251071878 2.41445 0.0113956
1.54878396308 2.4451 0.0130042
1.55507306978 2.47625 0.0125266
1.56135732493 2.50763 0.0125527
1.56762912105 2.53815 0.0130337
1.5739136974 2.57048 0.013423
1.58020354523 2.60107 0.0132064
1.58648539343 2.63277 0.0126585
1.59276001426 2.66397 0.0131625
1.59904643639 2.69448 0.012814
1.60534213664 2.72702 0.0124588
1.61161976836 3.1427 0.0133579
1.61789716835 2.75701 0.0118884
1.62418270854 2.77021 0.0119279
1.63046407995 2.7868 0.0109582
1.63674824683 2.80196 0.012631
1.64303013827 2.81748 0.0115619
1.64930808063 2.83453 0.0120595
1.65559224863 2.84905 0.0118594
1.66187827598 2.86631 0.0120978
1.66816823994 2.88329 0.0129934
1.6744495611 2.90049 0.0139669
1.68072138563 2.9186 0.0131894
1.68701215424 2.93567 0.013539
1.6933074808 2.95277 0.0136787
1.69958064303 2.97201 0.0119625
1.70586179344 2.99042 0.0142661
1.71215172419 3.01109 0.0134181
1.71843538617 3.02883 0.0132378
1.72471844694 3.04592 0.0138601
1.73099491844 3.06689 0.0151694
1.73728636032 3.08506 0.0137598
1.74356630258 3.10389 0.0132778
1.74983600778 3.12494 0.0147018
1.75612327869 3.1455 0.0146317
1.76241061606 3.16499 0.0149275
1.76869357896 3.18602 0.0136207
1.77497674839 3.20601 0.0145206
1.78126362161 3.22665 0.0146442
1.78754574761 3.24939 0.0147863
1.7938272923 3.27023 0.0153881
1.80010772174 3.29272 0.0152623
1.80639091391 3.31325 0.0145884
1.81267451427 3.33439 0.0150924
1.81895363524 3.35848 0.0153983
1.82523850291 3.3815 0.0150762
1.8315236862 3.40177 0.0162016
1.83781040898 3.42665 0.0149546
1.84409642612 3.44888 0.0166189
1.8503769215 3.47371 0.0144545
1.85666074594 3.49355 0.0154557
1.86294359809 3.52033 0.0156346
1.86922204917 3.54521 0.0165306
1.87550781357 3.56743 0.0156446
1.88179499507 3.59206 0.0161569
1.88807781314 3.61693 0.0159043
1.89435244502 3.64058 0.0157961
1.90063796885 3.6668 0.0175866
1.90692833723 3.69416 0.0159625
1.91320221586 3.7177 0.0163371
1.91948223445 3.74393 0.0174872
1.92577010575 3.76718 0.0171871
1.93206491035 3.7953 0.0162577
1.93834071151 3.81796 0.0161505
1.94460828613 3.8481 0.0180976
1.9508968614 3.87335 0.0171261
1.95718811973 3.90142 0.0150309
1.96347509207 3.92805 0.0165284
1.9697553281 3.95502 0.0163018
1.9760413775 3.98254 0.0168226
1.98233260336 4.00932 0.0176379
1.98861171931 4.03851 0.0182869
1.99488792869 4.06297 0.0186897
2.00117304134 4.0921 0.0177471
2.00745262249 4.12212 0.0185495
2.01372721862 4.14582 0.0167404
2.02001108039 4.17727 0.016998
2.02630405283 4.20176 0.0177294
2.03258735828 4.23341 0.0171645
2.03886100377 4.26485 0.0185887
2.04514489951 4.28868 0.018906
2.05143683626 4.31723 0.0185175
2.05772382203 4.34823 0.020155
2.0640044634 4.37718 0.0191158
2.07029278421 4.40596 0.0196174
2.07658471853 4.43347 0.0184054
2.08285424307 4.46318 0.0218221
2.08912259138 4.48993 0.0198201
2.09541730178 4.51934 0.0207521
2.10170304464 4.55109 0.0204877
2.10797273337 4.57648 0.0230901
2.11425579676 4.60433 0.0199799
2.12053788985 4.63189 0.0208528
2.12682075079 4.66608 0.0217214
2.13310670204 4.691 0.0205276
2.13940011923 4.71951 0.0218483
2.14568939859 4.74903 0.0209467
2.15195789682 4.77641 0.0215505
2.15824033347 4.80464 0.0213287
2.16453048092 4.82866 0.0219653
2.17081716829 4.85598 0.0232952
2.17709912993 4.88507 0.0241364
2.18337674027 4.90922 0.0219348
2.18965452646 4.93627 0.0215755
2.19593814184 4.9586 0.0234028
2.20221722867 4.99256 0.021907
2.20849850085 5.0101 0.0244262
2.21479372465 5.0418 0.0229188
2.22107581834 5.06314 0.0232343
2.22733812199 5.08713 0.0235595
2.23362792264 5.113 0.0241366
2.2399287897 5.13407 0.0231697
2.24620084223 5.15876 0.0239261
2.2524810722 5.17402 0.0233447
2.25875993301 5.19693 0.0239087
2.26503776668 5.21705 0.0276208
2.27130391144 5.23642 0.0253747
2.27758972822 5.29404 0.0249947
2.28389830542 5.27357 0.0283624
2.29017001225 5.29589 0.0273949
2.29645357402 5.31786 0.0257131
2.30275372852 5.34096 0.0243419
2.30903325986 5.3659 0.0289261
2.31530674049 5.38792 0.0279391
2.32158490306 5.41286 0.0258919
2.3278758488 5.43425 0.0289408
2.33415543799 5.46212 0.0290006
2.34041936871 5.48833 0.0321703
2.34670710068 5.51123 0.0297587
2.3530032916 5.53871 0.0335518
2.35928989445 5.56651 0.0302814
2.36555387699 5.59551 0.0292758
2.37182578571 5.61993 0.0341334
2.3781409032 5.64297 0.0301699
2.38442809259 5.6737 0.0360977
2.39069258243 5.70055 0.0321063
2.39698813839 5.72737 0.0363494
2.40330354843 5.7596 0.0356525
2.40957307365 5.78715 0.0335806
2.41583080138 5.81451 0.0350663
2.42214385676 5.83825 0.0368863
2.42843005755 5.86745 0.0401543
2.43467776878 5.89811 0.0386234
2.44097021258 5.92505 0.0341009
2.44729898127 5.95497 0.0415108
2.45356911846 5.98015 0.0431931
2.45980003814 6.00405 0.0470505
2.4661092349 6.03711 0.0439972
2.47241430729 6.07043 0.0425561
2.47866355169 6.09425 0.040889
2.48493431628 6.1256 0.0429175
2.49124283111 6.15045 0.0446219
2.49755537626 6.18268 0.0437485
2.50380379021 6.21335 0.0451728
2.51005045336 6.23848 0.0478691
2.51638815336 6.2744 0.0500567
2.52269694929 6.29906 0.0483658
2.52891211798 6.32964 0.0543934
2.53519495098 6.35179 0.055631
2.54155301509 6.37861 0.0500294
2.54783359884 6.40881 0.0486985
2.55402772623 6.44863 0.0502908
2.56033571996 6.4788 0.0535598
2.56672381747 6.49549 0.0640725
2.57294751341 6.52242 0.0573033
2.57911252531 6.55203 0.0558014
2.58547549612 6.58788 0.0552165
2.59185019505 6.60634 0.0568704
2.59805932148 6.63346 0.0706455
2.60429715989 6.65986 0.0665994
2.61067449751 6.69204 0.0648855
2.61693283418 6.72092 0.0769628
2.62300854502 6.75039 0.0778464
2.62939753095 6.76441 0.0689011
2.63591057571 6.78968 0.0840755
2.64202978624 6.81485 0.0830496
2.64803951219 6.84344 0.0859071
2.65454096229 6.85702 0.0933487
2.66118028258 6.88899 0.0901202
2.66719514746 6.90844 0.0932938
2.67309090101 6.92205 0.0953056
2.67973176445 6.95961 0.106865
2.68646693102 7.01186 0.113362
2.69219835647 7.00922 0.145496
2.69796467721 7.01419 0.123681
2.70489193937 7.04908 0.123503
2.71182026315 7.10203 0.157346
2.71709790339 7.08885 0.205506
2.7227864466 7.13402 0.167853
2.72994784687 7.14028 0.198118
2.73706528781 7.18039 0.216427
2.74248820391 7.19985 0.295683
2.74787331837 7.23467 0.261932
2.75504313834 7.27788 0.326998
2.76219934437 7.34437 0.424142
2.76789278819 7.25735 0.746005
2.77283198247 7.1415 0.800729
2.77965581172 7.31666 1.7704
2.78599582346 588.813 1488.85
