0.0088996412247 2.96354 0.133376
0.0150791221651 2.88586 0.0841547
0.0214479018646 2.82307 0.0558435
0.0278366077649 2.79287 0.0507432
0.034350997858 2.74986 0.0402774
0.0404788676143 2.73603 0.0400839
0.0467671668358 2.72868 0.042348
0.0530822510177 2.71725 0.0341215
0.0594536244094 2.71456 0.0306464
0.0657622481459 2.70887 0.0300708
0.071966329067 2.70507 0.027087
0.0782786091569 2.7006 0.0270334
0.0847039894583 2.6938 0.0251089
0.0909685462053 2.69282 0.0250908
0.0972078977683 2.6969 0.0257688
0.103476303896 2.69415 0.0227081
0.109757644425 2.69619 0.0247669
0.116054308478 2.69516 0.0203016
0.122366966654 2.68544 0.020905
0.128681726309 2.6775 0.0172615
0.134950080166 2.67097 0.0219266
0.141194955884 2.6642 0.0187205
0.147513357575 2.65749 0.0184701
0.153786507425 2.65688 0.0219725
0.160065754405 2.64519 0.0216703
0.166399116869 2.63849 0.0219671
0.172719564578 2.62859 0.0177759
0.178976521338 2.61889 0.0187391
0.185235369065 2.6084 0.0184215
0.191480678734 2.59208 0.018425
0.197788986865 2.58167 0.0184772
0.204093773545 2.56402 0.0188192
0.210393930261 2.55453 0.0184497
0.216690970982 2.53696 0.0171275
0.222970028122 2.523 0.0174454
0.229262002709 2.51066 0.0192177
0.235514150837 2.49131 0.0187582
0.241791058382 2.47636 0.0168872
0.248085653944 2.45897 0.0165696
0.254349225687 2.43938 0.0172915
0.260633425188 2.42215 0.0164272
0.26692573709 2.40483 0.0169092
0.273242334314 2.38675 0.0163813
0.279552968008 2.36942 0.0157844
0.285836629231 2.35117 0.0174783
0.292087627139 2.33229 0.0181569
0.298344984444 2.31545 0.0162091
0.304638263941 2.29212 0.0155059
0.3109279127 2.27493 0.0174966
0.317216817162 2.25353 0.0177364
0.323518756794 2.23404 0.0162422
0.329816821755 2.21864 0.0159233
0.336117642946 2.19772 0.018935
0.342370037571 2.17928 0.0180028
0.348647819267 2.15903 0.0141297
0.354941161441 2.13768 0.0137341
0.361191693542 2.11971 0.0177431
0.367476708956 2.09938 0.0144297
0.373764779528 2.08453 0.0151668
0.380065403148 2.06203 0.0177706
0.386353986126 2.04623 0.0155096
0.392614018136 2.02679 0.0157623
0.398926450032 2.0091 0.015721
0.405207324458 1.9907 0.0144116
0.411491647757 1.97559 0.0147305
0.417781427212 1.9552 0.0175952
0.424040064873 1.94042 0.014989
0.430342569027 1.92201 0.0172894
0.436635856026 1.90575 0.0156296
0.442899618322 1.88802 0.0179201
0.449163441853 1.87284 0.0176226
0.455441414625 1.85525 0.0181558
0.46176344703 1.84187 0.0145904
0.468064424202 1.82222 0.0171131
0.474348524276 1.8088 0.016155
0.480635613682 1.79356 0.0166796
0.486901925839 1.77846 0.0164294
0.49316970996 1.76431 0.0166481
0.499450674714 1.74926 0.0170783
0.505715905134 1.73372 0.0159089
0.511992399627 1.72215 0.0164996
0.518312609777 1.70705 0.0163534
0.524608963803 1.69047 0.0145876
0.530875730848 1.67819 0.0158389
0.537157352795 1.66543 0.0156997
0.543457956378 1.65088 0.0141355
0.549743065239 1.63808 0.0158046
0.55599374275 1.62789 0.0153652
0.562285467661 1.61319 0.0163736
0.568601153723 1.59881 0.0163002
0.574880458942 1.58613 0.0166496
0.581155021034 1.57552 0.0151194
0.587439449666 1.56655 0.0167644
0.59371762203 1.5486 0.0144981
0.599997195479 1.5391 0.0171905
0.606267911512 1.52568 0.0160614
0.612546957644 1.51565 0.0137285
0.618847773304 1.50713 0.0143001
0.625131056744 1.49498 0.0160073
0.631402745038 1.4815 0.0177529
0.637700356273 1.47179 0.0163071
0.643985778331 1.46152 0.0156187
0.650268541717 1.45102 0.0169903
0.65655861177 1.43919 0.0151607
0.662836928236 1.4296 0.0171642
0.669118544496 1.42147 0.015459
0.675407019858 1.41004 0.0169398
0.681683551459 1.39938 0.0173912
0.687959253386 1.3867 0.0163263
0.694234431704 1.3774 0.0170293
0.700517540243 1.37163 0.0145756
0.706812495661 1.35873 0.0156323
0.713101900967 1.34825 0.0160833
0.719391825117 1.33853 0.0176851
0.72568338076 1.32769 0.0166973
0.731965268271 1.32099 0.0181143
0.738250799048 1.31014 0.0164653
0.744526584212 1.3007 0.0154714
0.750787110194 1.29214 0.0178711
0.757075846532 1.28182 0.0169255
0.76336412336 1.27582 0.0173442
0.769646295986 1.26699 0.0183138
0.775939486518 1.25581 0.0181577
0.782232914199 1.24871 0.017161
0.788531493652 1.23892 0.0154623
0.794789656698 1.22604 0.0181607
0.801049109659 1.21946 0.0173017
0.807336406173 1.35941 0.015632
0.813622948837 1.20488 0.0159005
0.819915299896 1.19375 0.0185741
0.826195263639 1.18773 0.0210689
0.832489707008 1.18089 0.0164787
0.838795930921 1.17031 0.017915
0.84506346397 1.16265 0.0174899
0.851328286756 1.1503 0.0178198
0.85761982639 1.14708 0.0181877
0.863905847706 1.1367 0.0194468
0.870183874549 1.1307 0.0201978
0.876464109608 1.12188 0.0165651
0.88275038734 1.11562 0.0185475
0.889033276839 1.10833 0.0194105
0.895308424711 1.09796 0.0196917
0.901595652167 1.09608 0.0170586
0.907883332809 1.08419 0.0196365
0.914174410632 1.08054 0.0188127
0.920463081772 1.07324 0.0202197
0.926743441526 1.06771 0.0179064
0.933032419735 1.06142 0.0193124
0.939326578557 1.0559 0.0199326
0.94559748104 1.05111 0.0187824
0.951866001855 1.0416 0.0183676
0.958141325553 1.03509 0.0202989
0.964435094511 1.03357 0.0200831
0.970735563357 1.02661 0.0227557
0.977008076845 1.02103 0.0194384
0.983282332536 1.01792 0.0196503
0.989556969197 1.0152 0.0213115
0.995845630192 1.00842 0.0232566
1.00213621074 1.00479 0.0197347
1.00840482534 1.00469 0.0225614
1.01469414984 0.999925 0.0202918
1.02099255544 0.999926 0.0186149
1.02727398044 0.997014 0.0200342
1.0335591819 0.990594 0.0197886
1.03984755739 0.992054 0.0206494
1.04612697494 0.989441 0.0210761
1.05240343681 0.988174 0.0226819
1.05868070465 0.986911 0.0221571
1.06496433307 0.989075 0.0206524
1.07125677744 0.988432 0.0221492
1.0775440488 0.993071 0.0228845
1.08382482019 0.988597 0.0210314
1.09010802394 0.990027 0.0209525
1.09638966596 0.992657 0.0221113
1.10268113206 0.993006 0.0217763
1.10896304759 0.997078 0.0207938
1.11522542846 0.998514 0.0208209
1.12150212761 1.00055 0.0220069
1.12779257382 1.00447 0.0194999
1.13408955267 1.01335 0.0202329
1.14036404965 1.01731 0.0164302
1.14663918032 1.02085 0.0209299
1.15294241299 1.02413 0.0198967
1.15922890675 1.02938 0.0203163
1.16550872189 1.04064 0.0205353
1.17179307626 1.05042 0.0208478
1.17808743637 1.05334 0.0202634
1.18436765425 1.05787 0.0210699
1.1906346423 1.07207 0.0212774
1.19691220883 1.07959 0.0199761
1.20320157735 1.08853 0.0196424
1.20948684444 1.10185 0.0173918
1.21576390207 1.10852 0.0180154
1.22204975517 1.12008 0.0201941
1.22834061662 1.12928 0.0196292
1.23463298658 1.14209 0.0206622
1.24090224718 1.15491 0.0191562
1.24717483914 1.16266 0.0198036
1.25346545993 1.18226 0.0167506
1.25974995189 1.19338 0.0188255
1.26603214313 1.20608 0.0195042
1.27231628847 1.22298 0.01796
1.27860415506 1.23653 0.0167369
1.28488658893 1.25421 0.0162931
1.29117542007 1.26735 0.0171647
1.29746572637 1.28742 0.0182396
1.30374182701 1.30117 0.0173888
1.31001732292 1.31887 0.0175273
1.31630144766 1.3365 0.0138869
1.32258676036 1.35494 0.0187063
1.32886549245 1.37528 0.0155637
1.33514480495 1.39471 0.0150311
1.34144051627 1.41169 0.0157326
1.34773086842 1.43399 0.0161946
1.35400158999 1.45487 0.015786
1.3602826093 1.47552 0.0160768
1.36656568646 1.49528 0.0157122
1.37285149848 1.51773 0.0152117
1.37913537293 1.53962 0.0164665
1.38540956715 1.56508 0.0143883
1.39169864122 1.58694 0.0160554
1.39798445144 1.61116 0.014098
1.40426788341 1.63361 0.0175055
1.41055477948 1.65784 0.015331
1.41683783355 1.68144 0.0146266
1.42311817719 1.70704 0.0152056
1.42939780116 1.72868 0.0158917
1.43568692182 1.76093 0.0147099
1.44197712177 1.78364 0.0141345
1.44825366785 1.81121 0.0154936
1.45453234897 1.83727 0.015349
1.46081931915 1.86479 0.0152525
1.4671103644 1.89184 0.0134046
1.47339290895 1.91981 0.0132488
1.47966996524 1.94832 0.013808
1.4859561446 1.97526 0.0148526
1.49223361076 2.00387 0.0127457
1.49850247038 2.03334 0.0156377
1.50478575205 2.05992 0.0125367
1.51107599189 2.09039 0.0137415
1.51736163499 2.12098 0.0122949
1.52364857097 2.15159 0.013513
1.52993803572 2.18075 0.0127727
1.53623017691 2.21116 0.0137141
1.54251071878 2.24082 0.0113412
1.54878396308 2.27326 0.0132867
1.55507306978 2.30373 0.0132492
1.56135732493 2.33602 0.0129401
1.56762912105 2.36614 0.0132778
1.5739136974 2.39939 0.0136903
1.58020354523 2.42966 0.0118976
1.58648539343 2.46232 0.0135691
1.59276001426 2.493 0.0139703
1.59904643639 2.5252 0.0122379
1.60534213664 2.55907 0.013727
1.61161976836 2.584 0.0130215
1.61789716835 2.59468 0.0115523
1.62418270854 2.60788 0.0126775
1.63046407995 2.62446 0.0117988
1.63674824683 2.63993 0.0129446
1.64303013827 2.6546 0.0133309
1.64930808063 2.6701 0.0134386
1.65559224863 2.6827 0.0132457
1.66187827598 2.69976 0.0137443
1.66816823994 2.71626 0.0126234
1.6744495611 2.73204 0.01367
1.68072138563 2.74759 0.0145872
1.68701215424 2.76314 0.0142509
1.6933074808 2.78033 0.0157835
1.69958064303 2.79623 0.0139391
1.70586179344 2.81555 0.0147256
1.71215172419 2.83395 0.0130629
1.71843538617 2.85072 0.0143345
1.72471844694 2.86604 0.0134227
1.73099491844 2.88648 0.0141225
1.73728636032 2.90321 0.0145604
1.74356630258 2.92066 0.0141882
1.74983600778 2.94025 0.0136857
1.75612327869 2.95963 0.0137611
1.76241061606 2.97747 0.0155496
1.76869357896 2.99806 0.0147978
1.77497674839 3.01671 0.0146413
1.78126362161 3.03543 0.0137454
1.78754574761 3.0567 0.0139369
1.7938272923 3.07635 0.015724
1.80010772174 3.09884 0.0147913
1.80639091391 3.1167 0.0144999
1.81267451427 3.13792 0.0157567
1.81895363524 3.15904 0.0139272
1.82523850291 3.18203 0.0151903
1.8315236862 3.20072 0.016998
1.83781040898 3.22326 0.0150249
1.84409642612 3.2446 0.0161995
1.8503769215 3.26758 0.0160067
1.85666074594 3.28748 0.0152454
1.86294359809 3.31209 0.0165551
1.86922204917 3.33635 0.0162769
1.87550781357 3.35784 0.0149229
1.88179499507 3.38059 0.0162698
1.88807781314 3.40527 0.0154673
1.89435244502 3.42721 0.016758
1.90063796885 3.45206 0.0160655
1.90692833723 3.47773 0.0167666
1.91320221586 3.50133 0.0160968
1.91948223445 3.52577 0.015735
1.92577010575 3.54838 0.0165691
1.93206491035 3.57793 0.0157973
1.93834071151 3.59692 0.0159384
1.94460828613 3.62598 0.0180144
1.9508968614 3.65039 0.0160453
1.95718811973 3.67526 0.0160136
1.96347509207 3.70146 0.0159318
1.9697553281 3.72823 0.0158333
1.9760413775 3.75537 0.0176291
1.98233260336 3.7814 0.0169027
1.98861171931 3.80909 0.0179483
1.99488792869 3.83256 0.0173091
2.00117304134 3.85993 0.0187151
2.00745262249 3.88851 0.0179946
2.01372721862 3.91252 0.0171928
2.02001108039 3.9411 0.019043
2.02630405283 3.96682 0.0177254
2.03258735828 3.99565 0.0188146
2.03886100377 4.02608 0.0191067
2.04514489951 4.05037 0.0186185
2.05143683626 4.0798 0.01922
2.05772382203 4.10747 0.0201062
2.0640044634 4.1361 0.0205486
2.07029278421 4.16377 0.0193192
2.07658471853 4.19141 0.0189582
2.08285424307 4.22078 0.0217028
2.08912259138 4.24375 0.0200533
2.09541730178 4.27454 0.0214316
2.10170304464 4.30506 0.0202841
2.10797273337 4.32879 0.0214177
2.11425579676 4.35845 0.0219647
2.12053788985 4.3831 0.0192073
2.12682075079 4.41713 0.0211131
2.13310670204 4.44048 0.0225048
2.13940011923 4.46834 0.0221889
2.14568939859 4.49695 0.021231
2.15195789682 4.52314 0.0214885
2.15824033347 4.55031 0.020131
2.16453048092 4.57469 0.021885
2.17081716829 4.60212 0.0226589
2.17709912993 4.63025 0.0223975
2.18337674027 4.65304 0.021711
2.18965452646 4.6789 0.0232129
2.19593814184 4.70186 0.0240282
2.20221722867 4.73338 0.0222166
2.20849850085 4.7511 0.0223175
2.21479372465 4.78084 0.0229105
2.22107581834 4.80316 0.0230855
2.22733812199 4.82314 0.0224842
2.23362792264 4.84904 0.0237402
2.2399287897 4.86865 0.0221087
2.24620084223 4.89162 0.0254189
2.2524810722 4.90673 0.0223113
2.25875993301 4.9274 0.0248044
2.26503776668 4.94709 0.0268744
2.27130391144 4.96452 0.0288403
2.27758972822 4.97697 0.0249514
2.28389830542 4.99505 0.0274628
2.29017001225 5.0179 0.028543
2.29645357402 5.03554 0.028142
2.30275372852 5.05863 0.0261903
2.30903325986 5.08281 0.0280441
2.31530674049 5.10554 0.0284113
2.32158490306 5.12648 0.0274305
2.3278758488 5.14587 0.0278948
2.33415543799 5.17378 0.0279568
2.34041936871 5.20102 0.0326356
2.34670710068 5.21761 0.025251
2.3530032916 5.24473 0.0334409
2.35928989445 5.26881 0.0312336
2.36555387699 5.29976 0.0291549
2.37182578571 5.32166 0.0325498
2.3781409032 5.34155 0.0299893
2.38442809259 5.37088 0.03668
2.39069258243 5.39822 0.0325864
2.39698813839 5.42132 0.0321852
2.40330354843 5.44947 0.0392641
2.40957307365 5.47748 0.0309076
2.41583080138 5.50406 0.032424
2.42214385676 5.52863 0.0364677
2.42843005755 5.55508 0.0381285
2.43467776878 5.58792 0.0369356
2.44097021258 5.60975 0.0349714
2.44729898127 5.63738 0.0380865
2.45356911846 5.66597 0.0393972
2.45980003814 5.69128 0.0411568
2.4661092349 5.71951 0.0424565
2.47241430729 5.7518 0.0407499
2.47866355169 5.77692 0.0432184
2.48493431628 5.80397 0.0432384
2.49124283111 5.82829 0.0418634
2.49755537626 5.85873 0.0417304
2.50380379021 5.88501 0.0463221
2.51005045336 5.91156 0.0477638
2.51638815336 5.94175 0.0492944
2.52269694929 5.96759 0.0496041
2.52891211798 5.99676 0.0517183
2.53519495098 6.02577 0.0518638
2.54155301509 6.04547 0.0469045
2.54783359884 6.07552 0.0518755
2.55402772623 6.1114 0.0554831
2.56033571996 6.13542 0.0552895
2.56672381747 6.15296 0.0604319
2.57294751341 6.19046 0.0585602
2.57911252531 6.21184 0.0590098
2.58547549612 6.24597 0.052725
2.59185019505 6.26278 0.0579797
2.59805932148 6.29258 0.0642208
2.60429715989 6.31231 0.0621438
2.61067449751 6.34756 0.0691826
2.61693283418 6.37453 0.0740555
2.62300854502 6.40563 0.0633028
2.62939753095 6.41528 0.0646808
2.63591057571 6.43903 0.0864649
2.64202978624 6.45864 0.0816535
2.64803951219 6.48969 0.0853285
2.65454096229 6.50795 0.0973001
2.66118028258 6.53327 0.0991798
2.66719514746 6.55735 0.085363
2.67309090101 6.57383 0.0915165
2.67973176445 6.59712 0.104141
2.68646693102 6.65451 0.11594
2.69219835647 6.65724 0.131076
2.69796467721 6.66188 0.125164
2.70489193937 6.68517 0.117251
2.71182026315 6.73179 0.162295
2.71709790339 6.71491 0.185112
2.7227864466 6.76639 0.16302
2.72994784687 6.77627 0.176025
2.73706528781 6.8068 0.191507
2.74248820391 6.80948 0.327032
2.74787331837 6.83357 0.273478
2.75504313834 6.90155 0.349283
2.76219934437 6.98356 0.423491
2.76789278819 6.932 0.724834
2.77283198247 6.76487 0.771962
2.77965581172 6.93994 1.56
2.78599582346 nan nan
