0.0088996412247 1.9841 0.106154
0.0150791221651 1.94376 0.0585938
0.0214479018646 1.91364 0.0399876
0.0278366077649 1.88715 0.0312928
0.034350997858 1.8597 0.0244708
0.0404788676143 1.84588 0.0312986
0.0467671668358 1.83955 0.0246569
0.0530822510177 1.83458 0.0257776
0.0594536244094 1.83296 0.0215892
0.0657622481459 1.8286 0.022922
0.071966329067 1.82856 0.0189867
0.0782786091569 1.82688 0.021233
0.0847039894583 1.82323 0.0171404
0.0909685462053 1.81814 0.0202505
0.0972078977683 1.81778 0.0193634
0.103476303896 1.81573 0.0198836
0.109757644425 1.819 0.019281
0.116054308478 1.82469 0.0181053
0.122366966654 1.82358 0.0161274
0.128681726309 1.82265 0.0167434
0.134950080166 1.82505 0.0184981
0.141194955884 1.82314 0.0144831
0.147513357575 1.82078 0.0151615
0.153786507425 1.82049 0.0192153
0.160065754405 1.81724 0.0167702
0.166399116869 1.81686 0.018976
0.172719564578 1.81775 0.0163715
0.178976521338 1.81914 0.0181079
0.185235369065 1.81711 0.0179606
0.191480678734 1.81779 0.015683
0.197788986865 1.81932 0.017383
0.204093773545 1.8172 0.0173889
0.210393930261 1.81625 0.0171228
0.216690970982 1.81392 0.0175106
0.222970028122 1.80972 0.0161232
0.229262002709 1.80806 0.0197784
0.235514150837 1.80865 0.0179101
0.241791058382 1.80759 0.0163147
0.248085653944 1.80691 0.0178463
0.254349225687 1.80599 0.0168563
0.260633425188 1.79876 0.0162849
0.26692573709 1.80111 0.0169276
0.273242334314 1.79883 0.0166836
0.279552968008 1.79525 0.0149985
0.285836629231 1.79512 0.0190795
0.292087627139 1.7923 0.0172306
0.298344984444 1.79283 0.0131872
0.304638263941 1.78563 0.018567
0.3109279127 1.78413 0.0161009
0.317216817162 1.78215 0.0159534
0.323518756794 1.77608 0.0160882
0.329816821755 1.77706 0.0147274
0.336117642946 1.77418 0.0151665
0.342370037571 1.77472 0.0184872
0.348647819267 1.77065 0.0152159
0.354941161441 1.76421 0.0131808
0.361191693542 1.7619 0.0143051
0.367476708956 1.76222 0.0160886
0.373764779528 1.7594 0.0138329
0.380065403148 1.7519 0.0153143
0.386353986126 1.75253 0.0159141
0.392614018136 1.75068 0.0173042
0.398926450032 1.74587 0.015021
0.405207324458 1.74315 0.0138274
0.411491647757 1.74144 0.0148725
0.417781427212 1.7368 0.0160414
0.424040064873 1.7357 0.0156034
0.430342569027 1.73037 0.0167006
0.436635856026 1.7314 0.0154285
0.442899618322 1.72538 0.0153294
0.449163441853 1.7243 0.0164894
0.455441414625 1.72266 0.0182161
0.46176344703 1.71942 0.0153542
0.468064424202 1.71592 0.0164482
0.474348524276 1.7128 0.0155871
0.480635613682 1.70923 0.0146942
0.486901925839 1.70772 0.0153856
0.49316970996 1.70385 0.0149264
0.499450674714 1.70334 0.0159182
0.505715905134 1.69608 0.0155626
0.511992399627 1.69813 0.0154455
0.518312609777 1.69276 0.0161298
0.524608963803 1.68984 0.01597
0.530875730848 1.6889 0.0169428
0.537157352795 1.68682 0.0145197
0.543457956378 1.6852 0.016016
0.549743065239 1.68148 0.0154158
0.55599374275 1.67958 0.013369
0.562285467661 1.67891 0.0158701
0.568601153723 1.67428 0.0162412
0.574880458942 1.6723 0.0150657
0.581155021034 1.67124 0.0152298
0.587439449666 1.66926 0.0158228
0.59371762203 1.6661 0.0160222
0.599997195479 1.66737 0.0178577
0.606267911512 1.66119 0.0162285
0.612546957644 1.6592 0.0135709
0.618847773304 1.66227 0.0149623
0.625131056744 1.65798 0.0149376
0.631402745038 1.65618 0.0171123
0.637700356273 1.65822 0.014197
0.643985778331 1.65533 0.0131531
0.650268541717 1.65519 0.015936
0.65655861177 1.65175 0.0157539
0.662836928236 1.65365 0.0152134
0.669118544496 1.65397 0.0145808
0.675407019858 1.65408 0.0152823
0.681683551459 1.6505 0.0148918
0.687959253386 1.65107 0.0151593
0.694234431704 1.64852 0.0157332
0.700517540243 1.65312 0.0138547
0.706812495661 1.6527 0.013703
0.713101900967 1.65157 0.0146864
0.719391825117 1.65087 0.014963
0.72568338076 1.65236 0.0141387
0.731965268271 1.65256 0.0160685
0.738250799048 1.65248 0.0138559
0.744526584212 1.65642 0.0141371
0.750787110194 1.65362 0.0151577
0.757075846532 1.65313 0.0146497
0.76336412336 1.65457 0.0144097
0.769646295986 1.65804 0.0143966
0.775939486518 1.65979 0.0128901
0.782232914199 1.66183 0.0153032
0.788531493652 1.66267 0.0136001
0.794789656698 1.66368 0.0159585
0.801049109659 1.66727 0.015232
0.807336406173 1.66995 0.0133545
0.813622948837 1.67304 0.0120587
0.819915299896 1.6714 0.0151449
0.826195263639 1.67742 0.0168516
0.832489707008 1.67826 0.0146725
0.838795930921 1.681 0.0164821
0.84506346397 1.684 0.013001
0.851328286756 1.68544 0.0135023
0.85761982639 1.69494 0.0133597
0.863905847706 1.69491 0.0154729
0.870183874549 1.69911 0.014105
0.876464109608 1.70214 0.0153258
0.88275038734 1.70768 0.0154219
0.889033276839 1.71334 0.0139048
0.895308424711 1.71766 0.0127026
0.901595652167 1.72367 0.0141212
0.907883332809 1.72753 0.014651
0.914174410632 1.73121 0.0119902
0.920463081772 1.74181 0.0129914
0.926743441526 1.74418 0.0143097
0.933032419735 1.74742 0.0143545
0.939326578557 1.7556 0.0116736
0.94559748104 1.76415 0.011966
0.951866001855 1.76841 0.014613
0.958141325553 1.77448 0.0144332
0.964435094511 1.78375 0.0143593
0.970735563357 1.79144 0.0145576
0.977008076845 1.79834 0.0128347
0.983282332536 1.80478 0.0146832
0.989556969197 1.81221 0.0138722
0.995845630192 1.82257 0.0143916
1.00213621074 1.83057 0.0119969
1.00840482534 1.83864 0.0130177
1.01469414984 1.84812 0.0150326
1.02099255544 1.8605 0.0117535
1.02727398044 1.86863 0.0134725
1.0335591819 1.87621 0.0135784
1.03984755739 1.88621 0.0121325
1.04612697494 1.8961 0.0131699
1.05240343681 1.9079 0.0122872
1.05868070465 1.91933 0.0127841
1.06496433307 1.93041 0.0146174
1.07125677744 1.9417 0.0135295
1.0775440488 1.9548 0.0123079
1.08382482019 1.96672 0.0124022
1.09010802394 1.97782 0.0151453
1.09638966596 1.99044 0.0130722
1.10268113206 2.00178 0.0142531
1.10896304759 2.0141 0.0134488
1.11522542846 2.0292 0.0126213
1.12150212761 2.04268 0.0137394
1.12779257382 2.05531 0.0118844
1.13408955267 2.07124 0.0133729
1.14036404965 2.08485 0.012055
1.14663918032 2.10182 0.0134252
1.15294241299 2.11435 0.0125551
1.15922890675 2.1303 0.0125726
1.16550872189 2.14739 0.0136408
1.17179307626 2.16335 0.0124613
1.17808743637 2.1797 0.0129878
1.18436765425 2.19442 0.0127784
1.1906346423 2.21351 0.0131999
1.19691220883 2.23077 0.0127404
1.20320157735 2.24522 0.011906
1.20948684444 2.26517 0.013866
1.21576390207 2.28435 0.0133002
1.22204975517 2.30111 0.01362
1.22834061662 2.31888 0.0124784
1.23463298658 2.33764 0.011298
1.24090224718 2.35917 0.0138423
1.24717483914 2.37804 0.0124298
1.25346545993 2.39956 0.0115637
1.25974995189 2.41745 0.0133131
1.26603214313 2.4392 0.0113984
1.27231628847 2.46096 0.0118821
1.27860415506 2.48035 0.0122469
1.28488658893 2.50241 0.0100673
1.29117542007 2.52446 0.0111646
1.29746572637 2.54703 0.0139149
1.30374182701 2.56835 0.0124668
1.31001732292 2.5914 0.012879
1.31630144766 2.6131 0.0117187
1.32258676036 2.6387 0.0114798
1.32886549245 2.66193 0.0123619
1.33514480495 2.68562 0.0109685
1.34144051627 2.709 0.0116133
1.34773086842 2.73556 0.0122386
1.35400158999 2.75951 0.0118132
1.3602826093 2.78407 0.0132959
1.36656568646 2.809 0.0131509
1.37285149848 2.83402 0.0113368
1.37913537293 2.86214 0.0112677
1.38540956715 2.88658 0.0117666
1.39169864122 2.91521 0.0128169
1.39798445144 2.94157 0.0121308
1.40426788341 2.96911 0.0126105
1.41055477948 2.99604 0.0122845
1.41683783355 3.02365 0.0116201
1.42311817719 3.05151 0.0113762
1.42939780116 3.07742 0.012132
1.43568692182 3.1077 0.0121611
1.44197712177 3.13593 0.0119753
1.44825366785 3.16525 0.0131588
1.45453234897 3.19414 0.0137764
1.46081931915 3.22299 0.0131724
1.4671103644 3.25333 0.0112602
1.47339290895 3.28484 0.0119479
1.47966996524 3.31396 0.0124864
1.4859561446 3.34146 0.0123854
1.49223361076 3.3738 0.0109775
1.49850247038 3.40392 0.0128834
1.50478575205 3.43321 0.0121129
1.51107599189 3.46384 0.0122421
1.51736163499 3.49574 0.012334
1.52364857097 3.52642 0.0129581
1.52993803572 3.55851 0.0120915
1.53623017691 3.58938 0.0121764
1.54251071878 3.62096 0.0115126
1.54878396308 3.65158 0.0125066
1.55507306978 3.68366 0.0121554
1.56135732493 3.7163 0.0116957
1.56762912105 3.7468 0.0137155
1.5739136974 3.77873 0.0124688
1.58020354523 3.81001 0.0139234
1.58648539343 3.84262 0.012491
1.59276001426 3.87404 0.0140812
1.59904643639 3.90533 0.0134648
1.60534213664 3.93846 0.0137764
1.61161976836 3.96412 0.0138169
1.61789716835 3.98722 0.0125443
1.62418270854 4.0095 0.0128623
1.63046407995 4.03458 0.0127544
1.63674824683 4.05704 0.0136225
1.64303013827 4.08215 0.0124173
1.64930808063 4.106 0.0139609
1.65559224863 4.1296 0.0134742
1.66187827598 4.15266 0.0128512
1.66816823994 4.17736 0.0148842
1.6744495611 4.20157 0.0147695
1.68072138563 4.22718 0.0135387
1.68701215424 4.25205 0.015596
1.6933074808 4.27633 0.0159095
1.69958064303 4.30189 0.0134733
1.70586179344 4.32824 0.0152034
1.71215172419 4.35629 0.0141741
1.71843538617 4.38171 0.0150774
1.72471844694 4.40681 0.0144029
1.73099491844 4.43576 0.0164399
1.73728636032 4.4612 0.0157238
1.74356630258 4.48801 0.0150789
1.74983600778 4.51618 0.015938
1.75612327869 4.54322 0.0160884
1.76241061606 4.57162 0.0165114
1.76869357896 4.59852 0.0150223
1.77497674839 4.62846 0.0151805
1.78126362161 4.65463 0.0156273
1.78754574761 4.68518 0.0162978
1.7938272923 4.71548 0.0165266
1.80010772174 4.744 0.0173979
1.80639091391 4.77173 0.0169734
1.81267451427 4.80155 0.015677
1.81895363524 4.8319 0.0162761
1.82523850291 4.86182 0.0156789
1.8315236862 4.89115 0.0181877
1.83781040898 4.92183 0.0160906
1.84409642612 4.95335 0.0179658
1.8503769215 4.98488 0.0169509
1.85666074594 5.01551 0.0160161
1.86294359809 5.04655 0.0185182
1.86922204917 5.08007 0.0177816
1.87550781357 5.10841 0.0180259
1.88179499507 5.14174 0.017431
1.88807781314 5.17495 0.0175527
1.89435244502 5.20602 0.0164417
1.90063796885 5.24041 0.0186396
1.90692833723 5.27352 0.0194391
1.91320221586 5.30623 0.0182667
1.91948223445 5.33985 0.0174708
1.92577010575 5.37245 0.0199243
1.93206491035 5.40721 0.0171389
1.93834071151 5.43711 0.0185469
1.94460828613 5.47409 0.0189215
1.9508968614 5.50842 0.0190063
1.95718811973 5.54111 0.0189604
1.96347509207 5.5754 0.0185663
1.9697553281 5.61153 0.0197276
1.9760413775 5.64513 0.0208353
1.98233260336 5.67917 0.0198679
1.98861171931 5.71694 0.020465
1.99488792869 5.74838 0.0205519
2.00117304134 5.78344 0.0209584
2.00745262249 5.82201 0.0207343
2.01372721862 5.8541 0.0200048
2.02001108039 5.88981 0.022493
2.02630405283 5.9223 0.0203942
2.03258735828 5.95942 0.0221969
2.03886100377 5.99732 0.0223528
2.04514489951 6.03019 0.0222211
2.05143683626 6.06748 0.0221287
2.05772382203 6.10097 0.0226846
2.0640044634 6.13705 0.0248038
2.07029278421 6.17358 0.0213511
2.07658471853 6.20806 0.0231612
2.08285424307 6.24287 0.0251581
2.08912259138 6.27564 0.0227561
2.09541730178 6.31141 0.0233822
2.10170304464 6.35058 0.0247
2.10797273337 6.38136 0.0239173
2.11425579676 6.4168 0.0239374
2.12053788985 6.44942 0.0256191
2.12682075079 6.48795 0.0244841
2.13310670204 6.52051 0.02648
2.13940011923 6.55327 0.0253291
2.14568939859 6.58774 0.0243493
2.15195789682 6.62235 0.0255815
2.15824033347 6.65353 0.0230852
2.16453048092 6.68504 0.0271505
2.17081716829 6.71884 0.0275527
2.17709912993 6.75496 0.0269925
2.18337674027 6.78544 0.026522
2.18965452646 6.81497 0.0265085
2.19593814184 6.84589 0.0294836
2.20221722867 6.88307 0.0255924
2.20849850085 6.90856 0.0279895
2.21479372465 6.94567 0.0303562
2.22107581834 6.97543 0.0270588
2.22733812199 7.00629 0.0301163
2.23362792264 7.03591 0.0277014
2.2399287897 7.068 0.027273
2.24620084223 7.09694 0.0302723
2.2524810722 7.12452 0.0294191
2.25875993301 7.1596 0.0303714
2.26503776668 7.18395 0.0318828
2.27130391144 7.21696 0.0326584
2.27758972822 7.24704 0.0308091
2.28389830542 7.27906 0.0312881
2.29017001225 7.31365 0.0319563
2.29645357402 7.34441 0.0291025
2.30275372852 7.37946 0.0329904
2.30903325986 7.41265 0.0350596
2.31530674049 7.44559 0.0354137
2.32158490306 7.47835 0.0309436
2.3278758488 7.50792 0.0348876
2.33415543799 7.54417 0.0356288
2.34041936871 7.58406 0.0360025
2.34670710068 7.61403 0.0354615
2.3530032916 7.65182 0.0358951
2.35928989445 7.6844 0.0380228
2.36555387699 7.72264 0.034405
2.37182578571 7.76002 0.0416245
2.3781409032 7.7891 0.0360823
2.38442809259 7.83055 0.0419431
2.39069258243 7.8646 0.0409402
2.39698813839 7.89803 0.0406557
2.40330354843 7.93489 0.0452692
2.40957307365 7.97487 0.0398663
2.41583080138 8.00531 0.0466578
2.42214385676 8.04453 0.0470993
2.42843005755 8.0795 0.0468469
2.43467776878 8.11851 0.0480459
2.44097021258 8.15406 0.0414859
2.44729898127 8.18978 0.0492251
2.45356911846 8.2283 0.0540846
2.45980003814 8.25297 0.0506967
2.4661092349 8.29513 0.0528971
2.47241430729 8.33799 0.051343
2.47866355169 8.36686 0.0515376
2.48493431628 8.39933 0.0530401
2.49124283111 8.43785 0.0523755
2.49755537626 8.48086 0.0521829
2.50380379021 8.51009 0.0569863
2.51005045336 8.5499 0.0611946
2.51638815336 8.58195 0.058877
2.52269694929 8.61886 0.0615176
2.52891211798 8.65075 0.0633328
2.53519495098 8.68332 0.0668962
2.54155301509 8.71624 0.0599055
2.54783359884 8.74646 0.063171
2.55402772623 8.7931 0.0683252
2.56033571996 8.82269 0.0640806
2.56672381747 8.85796 0.0770838
2.57294751341 8.88305 0.0721898
2.57911252531 8.91341 0.0704967
2.58547549612 8.95817 0.073141
2.59185019505 8.97475 0.0793171
2.59805932148 9.006 0.0798104
2.60429715989 9.04041 0.0839088
2.61067449751 9.07625 0.0796197
2.61693283418 9.1167 0.0872341
2.62300854502 9.14714 0.0882928
2.62939753095 9.14916 0.0864379
2.63591057571 9.18766 0.100589
2.64202978624 9.20234 0.0976982
2.64803951219 9.2302 0.108343
2.65454096229 9.25908 0.106277
2.66118028258 9.28889 0.113093
2.66719514746 9.3092 0.11825
2.67309090101 9.33071 0.127894
2.67973176445 9.35956 0.138192
2.68646693102 9.41133 0.148627
2.69219835647 9.40926 0.175318
2.69796467721 9.40954 0.18227
2.70489193937 9.44383 0.151534
2.71182026315 9.47616 0.199537
2.71709790339 9.48396 0.237969
2.7227864466 9.52548 0.187538
2.72994784687 9.55245 0.241159
2.73706528781 9.57776 0.281398
2.74248820391 9.54926 0.413809
2.74787331837 9.62722 0.352037
2.75504313834 9.60781 0.43216
2.76219934437 9.61734 0.592559
2.76789278819 9.53109 0.897286
2.77283198247 9.48926 1.06738
2.77965581172 9.48518 1.94389
2.78599582346 nan nan
