0.0088996412247 1.02479 0.205793
0.0150791221651 0.9444 0.110406
0.0214479018646 0.906093 0.0791231
0.0278366077649 0.925674 0.0608249
0.034350997858 0.955377 0.0514219
0.0404788676143 0.977545 0.0528992
0.0467671668358 1.00091 0.0392655
0.0530822510177 1.01796 0.0437417
0.0594536244094 1.00689 0.0343648
0.0657622481459 1.01621 0.0346291
0.071966329067 1.02677 0.0364056
0.0782786091569 1.03745 0.031264
0.0847039894583 1.06461 0.0341504
0.0909685462053 1.09579 0.0281979
0.0972078977683 1.12648 0.0276532
0.103476303896 1.14613 0.032622
0.109757644425 1.16405 0.024905
0.116054308478 1.17452 0.0246155
0.122366966654 1.18178 0.0276379
0.128681726309 1.19155 0.0245352
0.134950080166 1.21413 0.0221217
0.141194955884 1.22679 0.0246967
0.147513357575 1.24581 0.0189939
0.153786507425 1.26453 0.021138
0.160065754405 1.28526 0.0199671
0.166399116869 1.29867 0.0211961
0.172719564578 1.32057 0.0184314
0.178976521338 1.33806 0.0198781
0.185235369065 1.36033 0.0189188
0.191480678734 1.37066 0.0194658
0.197788986865 1.38752 0.0173884
0.204093773545 1.3981 0.0219601
0.210393930261 1.40964 0.0180403
0.216690970982 1.4151 0.018834
0.222970028122 1.42062 0.0192593
0.229262002709 1.43223 0.0204545
0.235514150837 1.43265 0.0167661
0.241791058382 1.44201 0.0205642
0.248085653944 1.44682 0.0207031
0.254349225687 1.45472 0.0187827
0.260633425188 1.45132 0.0184083
0.26692573709 1.45256 0.0183455
0.273242334314 1.45032 0.0180837
0.279552968008 1.44845 0.0174753
0.285836629231 1.44367 0.0192721
0.292087627139 1.4393 0.0175853
0.298344984444 1.43448 0.0196937
0.304638263941 1.43002 0.0180716
0.3109279127 1.42341 0.0187569
0.317216817162 1.41924 0.0161373
0.323518756794 1.41406 0.0193624
0.329816821755 1.4056 0.0181542
0.336117642946 1.40138 0.0199293
0.342370037571 1.39357 0.0205506
0.348647819267 1.38856 0.0176235
0.354941161441 1.38115 0.0167757
0.361191693542 1.37158 0.0159368
0.367476708956 1.36678 0.0157191
0.373764779528 1.36314 0.0187651
0.380065403148 1.35288 0.0186743
0.386353986126 1.34571 0.0167975
0.392614018136 1.34104 0.0178825
0.398926450032 1.3328 0.0176619
0.405207324458 1.41673 0.0169435
0.411491647757 1.3163 0.0168118
0.417781427212 1.31171 0.0198953
0.424040064873 1.304 0.016825
0.430342569027 1.29882 0.0192257
0.436635856026 1.29418 0.0174683
0.442899618322 1.28456 0.0166132
0.449163441853 1.2786 0.0180529
0.455441414625 1.26986 0.0190491
0.46176344703 1.2633 0.0170468
0.468064424202 1.25788 0.016594
0.474348524276 1.2515 0.0163696
0.480635613682 1.24334 0.0194469
0.486901925839 1.23919 0.0157982
0.49316970996 1.22676 0.0183354
0.499450674714 1.22229 0.0172217
0.505715905134 1.21431 0.0181478
0.511992399627 1.20441 0.019646
0.518312609777 1.19958 0.0181808
0.524608963803 1.19096 0.0179093
0.530875730848 1.18371 0.0191884
0.537157352795 1.17896 0.0167046
0.543457956378 1.17247 0.0189314
0.549743065239 1.16146 0.0193731
0.55599374275 1.15676 0.0164348
0.562285467661 1.15208 0.0172805
0.568601153723 1.14713 0.0175152
0.574880458942 1.13943 0.0171363
0.581155021034 1.13089 0.0229371
0.587439449666 1.1243 0.0204152
0.59371762203 1.11529 0.0189203
0.599997195479 1.10896 0.0182073
0.606267911512 1.10287 0.0184344
0.612546957644 1.09305 0.0205405
0.618847773304 1.08838 0.019406
0.625131056744 1.08059 0.0194736
0.631402745038 1.07446 0.0186938
0.637700356273 1.06927 0.019237
0.643985778331 1.06252 0.0220043
0.650268541717 1.05341 0.0201252
0.65655861177 1.04855 0.0221118
0.662836928236 1.04236 0.0211091
0.669118544496 1.03353 0.0202707
0.675407019858 1.02682 0.0183111
0.681683551459 1.01852 0.020788
0.687959253386 1.01501 0.0195097
0.694234431704 1.00603 0.0211621
0.700517540243 1.0039 0.0191169
0.706812495661 0.991141 0.018073
0.713101900967 0.988755 0.0210844
0.719391825117 0.984488 0.0182902
0.72568338076 0.97818 0.01819
0.731965268271 0.971177 0.0200364
0.738250799048 0.964175 0.0188143
0.744526584212 0.959003 0.0188081
0.750787110194 0.95456 0.019662
0.757075846532 0.947869 0.0213289
0.76336412336 0.942628 0.0185082
0.769646295986 0.940674 0.0204764
0.775939486518 0.931822 0.0187108
0.782232914199 0.92513 0.0221897
0.788531493652 0.923182 0.0211626
0.794789656698 0.916797 0.0223571
0.801049109659 0.911262 0.0210334
0.807336406173 0.908038 0.0227653
0.813622948837 0.902022 0.023084
0.819915299896 0.898276 0.0235678
0.826195263639 0.892571 0.0235575
0.832489707008 0.886872 0.0220092
0.838795930921 0.884242 0.0214636
0.84506346397 0.876903 0.0205914
0.851328286756 0.87816 0.0200837
0.85761982639 0.868853 0.0241258
0.863905847706 0.867487 0.0232113
0.870183874549 0.861038 0.018857
0.876464109608 0.864318 0.0210522
0.88275038734 0.852991 0.0234501
0.889033276839 0.85466 0.0227992
0.895308424711 0.850689 0.0221133
0.901595652167 0.84617 0.0225618
0.907883332809 0.84668 0.0214056
0.914174410632 0.839158 0.0214506
0.920463081772 0.842017 0.0223267
0.926743441526 0.837877 0.0227795
0.933032419735 0.83714 0.0250203
0.939326578557 0.836346 0.021939
0.94559748104 0.83699 0.0208047
0.951866001855 0.833256 0.0249015
0.958141325553 0.82706 0.0244889
0.964435094511 0.830911 0.0250516
0.970735563357 0.832528 0.0230135
0.977008076845 0.834907 0.0211526
0.983282332536 0.82876 0.0255561
0.989556969197 0.831047 0.0213515
0.995845630192 0.836396 0.0208725
1.00213621074 0.838659 0.0188671
1.00840482534 0.838724 0.0227224
1.01469414984 0.838981 0.023993
1.02099255544 0.841819 0.0214558
1.02727398044 0.841232 0.0251217
1.0335591819 0.842164 0.0215118
1.03984755739 0.848826 0.0200386
1.04612697494 0.853222 0.0233454
1.05240343681 0.857253 0.0212009
1.05868070465 0.864056 0.0222903
1.06496433307 0.864179 0.0223748
1.07125677744 0.866577 0.0232735
1.0775440488 0.870688 0.0233747
1.08382482019 0.87959 0.0208199
1.09010802394 0.885392 0.0246823
1.09638966596 0.892919 0.0206701
1.10268113206 0.895969 0.0186068
1.10896304759 0.904059 0.02269
1.11522542846 0.914224 0.021434
1.12150212761 0.922315 0.020963
1.12779257382 0.927638 0.0195125
1.13408955267 0.936679 0.0190205
1.14036404965 0.946811 0.0207361
1.14663918032 0.955713 0.0218425
1.15294241299 0.966831 0.0206691
1.15922890675 0.977903 0.0189698
1.16550872189 0.984823 0.0193176
1.17179307626 0.998338 0.0186231
1.17808743637 1.00839 0.017166
1.18436765425 1.02003 0.0212171
1.1906346423 1.03236 0.0186474
1.19691220883 1.04583 0.0183592
1.20320157735 1.05381 0.0208924
1.20948684444 1.06996 0.0186535
1.21576390207 1.08819 0.0169207
1.22204975517 1.09581 0.0167752
1.22834061662 1.11124 0.0173685
1.23463298658 1.12626 0.0179111
1.24090224718 1.14174 0.0183854
1.24717483914 1.15748 0.0177855
1.25346545993 1.17494 0.0162432
1.25974995189 1.18761 0.0167173
1.26603214313 1.208 0.0159333
1.27231628847 1.22632 0.0167117
1.27860415506 1.23916 0.015663
1.28488658893 1.25742 0.0153508
1.29117542007 1.27415 0.0169092
1.29746572637 1.29564 0.017498
1.30374182701 1.31076 0.0152848
1.31001732292 1.33569 0.0156594
1.31630144766 1.35213 0.0154785
1.32258676036 1.37052 0.0151605
1.32886549245 1.39333 0.0152067
1.33514480495 1.41133 0.0152265
1.34144051627 1.43534 0.0150075
1.34773086842 1.4551 0.0156801
1.35400158999 1.47939 0.0156566
1.3602826093 1.50077 0.0147576
1.36656568646 1.52276 0.0138704
1.37285149848 1.54498 0.0144312
1.37913537293 1.5702 0.0157645
1.38540956715 1.59049 0.0144392
1.39169864122 1.61585 0.0143098
1.39798445144 1.6416 0.0139853
1.40426788341 1.66378 0.0133873
1.41055477948 1.68962 0.0135297
1.41683783355 1.7152 0.0137005
1.42311817719 1.74184 0.0119503
1.42939780116 1.76626 0.014979
1.43568692182 1.79357 0.0131607
1.44197712177 1.81807 0.0135292
1.44825366785 1.84691 0.0142587
1.45453234897 1.87494 0.0120996
1.46081931915 1.89972 0.0120735
1.4671103644 1.92802 0.0128593
1.47339290895 1.95493 0.0124582
1.47966996524 1.98458 0.0107533
1.4859561446 2.0114 0.0121499
1.49223361076 2.04259 0.011617
1.49850247038 2.06893 0.0106683
1.50478575205 2.09828 0.0123722
1.51107599189 2.12815 0.0132076
1.51736163499 2.15938 0.0112521
1.52364857097 2.18585 0.010593
1.52993803572 2.21752 0.0130771
1.53623017691 2.2486 0.0119304
1.54251071878 2.28036 0.0114519
1.54878396308 2.3102 0.0108012
1.55507306978 2.34068 0.011472
1.56135732493 2.37136 0.0110206
1.56762912105 2.40349 0.0121316
1.5739136974 2.43547 0.0117611
1.58020354523 2.46457 0.0114253
1.58648539343 2.49855 0.0110694
1.59276001426 2.52837 0.0108183
1.59904643639 2.56067 0.012169
1.60534213664 2.59424 0.0124725
1.61161976836 2.61602 0.0115448
1.61789716835 2.63043 0.0109042
1.62418270854 2.64369 0.012764
1.63046407995 2.66159 0.0120708
1.63674824683 2.67519 0.012275
1.64303013827 2.69171 0.0118373
1.64930808063 2.70794 0.0116611
1.65559224863 2.71982 0.0117586
1.66187827598 2.73688 0.0130242
1.66816823994 2.75161 0.0123648
1.6744495611 2.76948 0.0127748
1.68072138563 2.7848 0.0122777
1.68701215424 2.8003 0.01357
1.6933074808 2.81512 0.0129598
1.69958064303 2.83171 0.0133242
1.70586179344 2.84914 0.0117942
1.71215172419 2.86943 0.0118025
1.71843538617 2.88533 0.0124537
1.72471844694 2.90161 0.0112125
1.73099491844 2.92042 0.0133702
1.73728636032 2.93844 0.0132399
1.74356630258 2.95532 0.0110514
1.74983600778 2.97376 0.0139834
1.75612327869 2.99361 0.0136446
1.76241061606 3.01208 0.0134988
1.76869357896 3.03037 0.0128109
1.77497674839 3.05021 0.0129512
1.78126362161 3.06698 0.0133821
1.78754574761 3.08895 0.0129609
1.7938272923 3.10985 0.0134712
1.80010772174 3.12914 0.0146524
1.80639091391 3.14925 0.015534
1.81267451427 3.16734 0.0133489
1.81895363524 3.19019 0.0146202
1.82523850291 3.21146 0.0136623
1.8315236862 3.22968 0.0145729
1.83781040898 3.25108 0.0133601
1.84409642612 3.27454 0.0153861
1.8503769215 3.29852 0.0144393
1.85666074594 3.31739 0.0150712
1.86294359809 3.33841 0.015108
1.86922204917 3.36466 0.0147135
1.87550781357 3.38539 0.0156875
1.88179499507 3.4072 0.0152762
1.88807781314 3.43175 0.015174
1.89435244502 3.4525 0.01384
1.90063796885 3.47754 0.0143439
1.90692833723 3.50079 0.0164997
1.91320221586 3.52497 0.0153363
1.91948223445 3.55002 0.01555
1.92577010575 3.57207 0.016227
1.93206491035 3.59988 0.0150906
1.93834071151 3.61927 0.0157914
1.94460828613 3.64811 0.0162996
1.9508968614 3.67226 0.0169182
1.95718811973 3.69725 0.0153371
1.96347509207 3.72238 0.0164584
1.9697553281 3.74818 0.0168747
1.9760413775 3.77458 0.0154237
1.98233260336 3.80036 0.0167418
1.98861171931 3.82836 0.0165114
1.99488792869 3.85083 0.0168781
2.00117304134 3.87964 0.0172162
2.00745262249 3.90825 0.0170487
2.01372721862 3.93142 0.0167638
2.02001108039 3.95926 0.0180156
2.02630405283 3.98449 0.0164316
2.03258735828 4.01217 0.0163725
2.03886100377 4.04216 0.0160916
2.04514489951 4.06446 0.0180185
2.05143683626 4.09583 0.0180904
2.05772382203 4.12235 0.0166498
2.0640044634 4.15036 0.0185039
2.07029278421 4.17637 0.0165918
2.07658471853 4.20375 0.0161549
2.08285424307 4.23295 0.0179566
2.08912259138 4.25833 0.0178325
2.09541730178 4.28547 0.0192987
2.10170304464 4.31477 0.0180263
2.10797273337 4.34091 0.0183546
2.11425579676 4.3692 0.0213884
2.12053788985 4.39308 0.0209993
2.12682075079 4.42619 0.0199572
2.13310670204 4.44965 0.0182532
2.13940011923 4.47776 0.0201073
2.14568939859 4.50602 0.0179748
2.15195789682 4.53013 0.0189917
2.15824033347 4.55905 0.0200249
2.16453048092 4.58344 0.0195506
2.17081716829 4.61072 0.0213138
2.17709912993 4.6376 0.0219645
2.18337674027 4.65952 0.0205246
2.18965452646 4.68791 0.0189642
2.19593814184 4.7056 0.0212329
2.20221722867 4.73836 0.0214992
2.20849850085 4.754 0.0227733
2.21479372465 4.78542 0.0231156
2.22107581834 4.80407 0.0228973
2.22733812199 4.82568 0.0226021
2.23362792264 4.85243 0.0221907
2.2399287897 4.86876 0.0250607
2.24620084223 4.89502 0.0234817
2.2524810722 4.90938 0.0242784
2.25875993301 4.92966 0.0256231
2.26503776668 4.9451 0.0264372
2.27130391144 4.95978 0.0253923
2.27758972822 4.97906 0.0256397
2.28389830542 4.99442 0.0239234
2.29017001225 5.01705 0.0281969
2.29645357402 5.03732 0.0235278
2.30275372852 5.05609 0.0241566
2.30903325986 5.07867 0.0284194
2.31530674049 5.10132 0.029946
2.32158490306 5.12135 0.0257356
2.3278758488 5.14234 0.0288344
2.33415543799 5.16732 0.030357
2.34041936871 5.19399 0.0306159
2.34670710068 5.21457 0.0292178
2.3530032916 5.2344 0.0270811
2.35928989445 5.26487 0.0298818
2.36555387699 5.28878 0.0306902
2.37182578571 5.31171 0.0322087
2.3781409032 5.33367 0.0311626
2.38442809259 5.36426 0.0327906
2.39069258243 5.38591 0.0338232
2.39698813839 5.41544 0.0316123
2.40330354843 5.43735 0.0331831
2.40957307365 5.47068 0.0337405
2.41583080138 5.49253 0.037628
2.42214385676 5.5178 0.0346955
2.42843005755 5.54782 0.0370407
2.43467776878 5.57399 0.0360843
2.44097021258 5.59762 0.0344304
2.44729898127 5.62429 0.0368048
2.45356911846 5.65172 0.0443507
2.45980003814 5.67465 0.0388517
2.4661092349 5.70207 0.044064
2.47241430729 5.73068 0.0411597
2.47866355169 5.75582 0.0389197
2.48493431628 5.78542 0.0396091
2.49124283111 5.81068 0.0422868
2.49755537626 5.8455 0.0400356
2.50380379021 5.8678 0.0429714
2.51005045336 5.89748 0.0466364
2.51638815336 5.92911 0.0444538
2.52269694929 5.95057 0.044266
2.52891211798 5.97794 0.0543445
2.53519495098 5.9996 0.0500251
2.54155301509 6.03295 0.0480983
2.54783359884 6.05473 0.055172
2.55402772623 6.09335 0.0507423
2.56033571996 6.11269 0.0468462
2.56672381747 6.14001 0.0570921
2.57294751341 6.16154 0.0558511
2.57911252531 6.19116 0.0539184
2.58547549612 6.21817 0.0558654
2.59185019505 6.2406 0.0621589
2.59805932148 6.26582 0.0588559
2.60429715989 6.29182 0.0652298
2.61067449751 6.32509 0.0608121
2.61693283418 6.35108 0.0682632
2.62300854502 6.3751 0.0723708
2.62939753095 6.38853 0.0648204
2.63591057571 6.42324 0.0778712
2.64202978624 6.44134 0.0686632
2.64803951219 6.45921 0.0800102
2.65454096229 6.49288 0.0804171
2.66118028258 6.50296 0.0935611
2.66719514746 6.535 0.0992926
2.67309090101 6.55885 0.0935768
2.67973176445 6.58081 0.0994285
2.68646693102 6.60824 0.108359
2.69219835647 6.61779 0.129205
2.69796467721 6.62101 0.12332
2.70489193937 6.65457 0.118176
2.71182026315 6.69663 0.13573
2.71709790339 6.71096 0.190808
2.7227864466 6.72326 0.153111
2.72994784687 6.74845 0.172647
2.73706528781 6.7777 0.208236
2.74248820391 6.7531 0.271741
2.74787331837 6.79001 0.270301
2.75504313834 6.80393 0.287913
2.76219934437 6.81876 0.428808
2.76789278819 6.74629 0.684024
2.77283198247 6.87068 0.689797
2.77965581172 6.79362 1.36758
2.78599582346 nan nan
