0.0088996412247 0.691746 0.150855
0.0150791221651 0.661377 0.0977341
0.0214479018646 0.661844 0.0581515
0.0278366077649 0.670282 0.0491675
0.034350997858 0.703308 0.0442163
0.0404788676143 0.716166 0.0382101
0.0467671668358 0.743947 0.0380682
0.0530822510177 0.764752 0.0344593
0.0594536244094 0.761363 0.0262166
0.0657622481459 0.774797 0.028733
0.071966329067 0.788772 0.0277441
0.0782786091569 0.796799 0.0246471
0.0847039894583 0.812052 0.0273562
0.0909685462053 0.828744 0.0254578
0.0972078977683 0.840881 0.0275674
0.103476303896 0.850831 0.0283643
0.109757644425 0.860261 0.0245048
0.116054308478 0.866204 0.0224549
0.122366966654 0.868925 0.0275781
0.128681726309 0.868539 0.0208395
0.134950080166 0.875734 0.0220503
0.141194955884 0.873789 0.0229758
0.147513357575 0.875676 0.019593
0.153786507425 0.873543 0.025322
0.160065754405 0.877638 0.0192385
0.166399116869 0.873219 0.0242207
0.172719564578 0.876234 0.0208444
0.178976521338 0.875234 0.0236461
0.185235369065 0.881511 0.0227205
0.191480678734 0.878235 0.021807
0.197788986865 0.882813 0.0178606
0.204093773545 0.875881 0.0235827
0.210393930261 0.876987 0.0213395
0.216690970982 0.870557 0.0252634
0.222970028122 0.866417 0.0237886
0.229262002709 0.870119 0.0244041
0.235514150837 0.863824 0.0219615
0.241791058382 0.87011 0.023962
0.248085653944 0.868288 0.0261177
0.254349225687 0.871225 0.0239277
0.260633425188 0.869454 0.0221537
0.26692573709 0.87208 0.0244183
0.273242334314 0.868646 0.0207508
0.279552968008 0.871339 0.0240274
0.285836629231 0.869802 0.0232109
0.292087627139 0.86917 0.0223072
0.298344984444 0.867414 0.0265461
0.304638263941 0.870404 0.020888
0.3109279127 0.869457 0.0193708
0.317216817162 0.868801 0.0243522
0.323518756794 0.871796 0.0241012
0.329816821755 0.876581 0.0218738
0.336117642946 0.878482 0.0260294
0.342370037571 0.880615 0.0239672
0.348647819267 0.87935 0.0192367
0.354941161441 0.882427 0.0204653
0.361191693542 0.881059 0.020485
0.367476708956 0.886647 0.0196533
0.373764779528 0.888691 0.0233968
0.380065403148 0.888749 0.0229037
0.386353986126 0.890611 0.0204064
0.392614018136 0.89321 0.0233086
0.398926450032 0.892361 0.0215343
0.405207324458 0.893671 0.0219506
0.411491647757 0.891013 0.0225995
0.417781427212 0.893346 0.0233613
0.424040064873 0.898198 0.022878
0.430342569027 0.893803 0.0227487
0.436635856026 0.89903 0.0211783
0.442899618322 0.896459 0.0200052
0.449163441853 0.898456 0.024688
0.455441414625 0.898411 0.0244697
0.46176344703 0.897056 0.0227066
0.468064424202 0.900077 0.0200427
0.474348524276 0.896752 0.0208697
0.480635613682 0.897945 0.0232555
0.486901925839 0.899343 0.0189149
0.49316970996 0.892092 0.0221188
0.499450674714 0.894462 0.0263455
0.505715905134 0.891695 0.0212023
0.511992399627 0.888175 0.0225866
0.518312609777 0.889394 0.0238069
0.524608963803 0.883416 0.0227701
0.530875730848 0.881271 0.0237648
0.537157352795 0.876441 0.0224091
0.543457956378 0.876037 0.0233678
0.549743065239 0.872623 0.0231612
0.55599374275 0.86794 0.0226166
0.562285467661 0.870536 0.0227241
0.568601153723 0.867911 0.0229603
0.574880458942 0.866839 0.0232694
0.581155021034 0.860278 0.0263884
0.587439449666 0.854152 0.0220523
0.59371762203 0.848232 0.0242705
0.599997195479 0.845502 0.0250422
0.606267911512 0.846813 0.0228715
0.612546957644 0.835697 0.023315
0.618847773304 0.833762 0.0203891
0.625131056744 0.829028 0.0233755
0.631402745038 0.828153 0.0225832
0.637700356273 0.825028 0.0216954
0.643985778331 0.818112 0.0243033
0.650268541717 0.812195 0.0231075
0.65655861177 0.806468 0.0281094
0.662836928236 0.804307 0.024761
0.669118544496 0.798548 0.0259654
0.675407019858 0.797097 0.0238116
0.681683551459 0.793204 0.0234771
0.687959253386 0.785448 0.0229681
0.694234431704 0.783573 0.022163
0.700517540243 0.782784 0.0256399
0.706812495661 0.771854 0.0258571
0.713101900967 0.770166 0.0255333
0.719391825117 0.766399 0.0230168
0.72568338076 0.761621 0.0256859
0.731965268271 0.753722 0.0263978
0.738250799048 0.75435 0.0251014
0.744526584212 0.748156 0.0237761
0.750787110194 0.744363 0.0237046
0.757075846532 0.744167 0.0252709
0.76336412336 0.739554 0.0242682
0.769646295986 0.739299 0.025829
0.775939486518 0.735619 0.023095
0.782232914199 0.727882 0.0257884
0.788531493652 0.729545 0.0265128
0.794789656698 0.725731 0.0255142
0.801049109659 0.717656 0.0254324
0.807336406173 0.950196 0.0183719
0.813622948837 0.713257 0.0282756
0.819915299896 0.711927 0.0270138
0.826195263639 0.715283 0.0266388
0.832489707008 0.712547 0.0251701
0.838795930921 0.705444 0.0252905
0.84506346397 0.707463 0.0247328
0.851328286756 0.707652 0.024342
0.85761982639 0.705426 0.0292346
0.863905847706 0.706228 0.0248806
0.870183874549 0.700468 0.0262176
0.876464109608 0.706773 0.0256399
0.88275038734 0.697536 0.0251765
0.889033276839 0.704204 0.0240454
0.895308424711 0.701186 0.0261527
0.901595652167 0.694736 0.0248723
0.907883332809 0.702969 0.0268398
0.914174410632 0.698667 0.0226819
0.920463081772 0.700637 0.0260194
0.926743441526 0.704418 0.0238228
0.933032419735 0.705711 0.0277945
0.939326578557 0.702562 0.0250349
0.94559748104 0.712433 0.0274487
0.951866001855 0.709011 0.0279128
0.958141325553 0.71024 0.0271036
0.964435094511 0.712924 0.0249524
0.970735563357 0.720322 0.0266061
0.977008076845 0.720238 0.0244343
0.983282332536 0.721732 0.0266348
0.989556969197 0.727471 0.0237085
0.995845630192 0.737481 0.0236917
1.00213621074 0.737258 0.0241756
1.00840482534 0.74 0.0279891
1.01469414984 0.742829 0.0252508
1.02099255544 0.751888 0.0200259
1.02727398044 0.756288 0.0257697
1.0335591819 0.758594 0.0222912
1.03984755739 0.767257 0.023719
1.04612697494 0.773294 0.0247768
1.05240343681 0.77956 0.021814
1.05868070465 0.784866 0.0261686
1.06496433307 0.791639 0.0227777
1.07125677744 0.79685 0.0232434
1.0775440488 0.806463 0.024705
1.08382482019 0.815272 0.0254984
1.09010802394 0.825987 0.0232502
1.09638966596 0.835125 0.0249956
1.10268113206 0.835067 0.0205612
1.10896304759 0.849622 0.0232508
1.11522542846 0.859958 0.021796
1.12150212761 0.872274 0.0225951
1.12779257382 0.88133 0.0221671
1.13408955267 0.893183 0.0206474
1.14036404965 0.905535 0.0219041
1.14663918032 0.914711 0.021311
1.15294241299 0.926894 0.0221942
1.15922890675 0.93831 0.018318
1.16550872189 0.952504 0.0208902
1.17179307626 0.96257 0.0208881
1.17808743637 0.976119 0.0198257
1.18436765425 0.991069 0.0204501
1.1906346423 1.00276 0.0187907
1.19691220883 1.0179 0.0192737
1.20320157735 1.02713 0.0179145
1.20948684444 1.0467 0.0190268
1.21576390207 1.06496 0.0197722
1.22204975517 1.07471 0.0167269
1.22834061662 1.09262 0.0186201
1.23463298658 1.10985 0.0178799
1.24090224718 1.12534 0.0175317
1.24717483914 1.14132 0.019549
1.25346545993 1.16123 0.0149127
1.25974995189 1.17364 0.0161536
1.26603214313 1.19275 0.0160188
1.27231628847 1.21422 0.0168297
1.27860415506 1.22671 0.0179264
1.28488658893 1.24751 0.0164251
1.29117542007 1.26657 0.0157951
1.29746572637 1.28892 0.0173608
1.30374182701 1.3041 0.0147068
1.31001732292 1.32729 0.0169006
1.31630144766 1.34572 0.0148138
1.32258676036 1.36616 0.0168262
1.32886549245 1.38971 0.0174916
1.33514480495 1.40909 0.0153046
1.34144051627 1.43208 0.0150562
1.34773086842 1.45263 0.0155654
1.35400158999 1.47785 0.015604
1.3602826093 1.49954 0.0159987
1.36656568646 1.52172 0.0131694
1.37285149848 1.54194 0.013261
1.37913537293 1.57139 0.0159001
1.38540956715 1.59242 0.0146637
1.39169864122 1.61548 0.0132091
1.39798445144 1.64186 0.0136574
1.40426788341 1.66457 0.0140666
1.41055477948 1.69191 0.0134627
1.41683783355 1.71718 0.0115052
1.42311817719 1.74308 0.0111241
1.42939780116 1.769 0.0142962
1.43568692182 1.79603 0.0128211
1.44197712177 1.82173 0.0127703
1.44825366785 1.85096 0.0129992
1.45453234897 1.87716 0.0123875
1.46081931915 1.90351 0.0121607
1.4671103644 1.93145 0.0123203
1.47339290895 1.9596 0.013272
1.47966996524 1.98836 0.010282
1.4859561446 2.01383 0.0128869
1.49223361076 2.04613 0.0114048
1.49850247038 2.07386 0.0114742
1.50478575205 2.10249 0.0118041
1.51107599189 2.13201 0.0121787
1.51736163499 2.1639 0.0116808
1.52364857097 2.19046 0.011254
1.52993803572 2.22271 0.0131843
1.53623017691 2.25274 0.0119208
1.54251071878 2.28421 0.0114462
1.54878396308 2.31558 0.010281
1.55507306978 2.34529 0.0111467
1.56135732493 2.37603 0.0116195
1.56762912105 2.40726 0.0123781
1.5739136974 2.43921 0.011673
1.58020354523 2.46911 0.0113161
1.58648539343 2.50213 0.0108906
1.59276001426 2.53295 0.0111075
1.59904643639 2.56324 0.0105481
1.60534213664 2.59915 0.0115433
1.61161976836 2.6254 0.0116257
1.61789716835 2.63534 0.0105876
1.62418270854 2.64793 0.0114607
1.63046407995 2.66488 0.0117515
1.63674824683 2.67977 0.0112558
1.64303013827 2.69586 0.0116228
1.64930808063 2.71285 0.0119079
1.65559224863 2.72518 0.0118263
1.66187827598 2.7409 0.013007
1.66816823994 2.75634 0.012126
1.6744495611 2.77326 0.0115663
1.68072138563 2.7897 0.0112426
1.68701215424 2.80559 0.0139577
1.6933074808 2.82118 0.01215
1.69958064303 2.8376 0.0119228
1.70586179344 2.85467 0.011633
1.71215172419 2.87324 0.0122351
1.71843538617 2.88943 0.0122623
1.72471844694 2.90638 0.0110202
1.73099491844 2.9258 0.0124597
1.73728636032 2.9422 0.0133044
1.74356630258 2.96092 0.0123468
1.74983600778 2.97755 0.0135052
1.75612327869 2.99884 0.0126696
1.76241061606 3.01716 0.01228
1.76869357896 3.03394 0.0130047
1.77497674839 3.05437 0.0129361
1.78126362161 3.07093 0.0125717
1.78754574761 3.09284 0.0126045
1.7938272923 3.11348 0.0133955
1.80010772174 3.13324 0.0144528
1.80639091391 3.15299 0.0132526
1.81267451427 3.1705 0.0127615
1.81895363524 3.19326 0.0141964
1.82523850291 3.21498 0.0131568
1.8315236862 3.23301 0.0142698
1.83781040898 3.25379 0.0117947
1.84409642612 3.27655 0.0145072
1.8503769215 3.29854 0.0135969
1.85666074594 3.31951 0.0144742
1.86294359809 3.34174 0.0145752
1.86922204917 3.36579 0.0146158
1.87550781357 3.38685 0.013958
1.88179499507 3.40938 0.0144841
1.88807781314 3.43339 0.0147299
1.89435244502 3.45357 0.0140895
1.90063796885 3.4787 0.0139367
1.90692833723 3.50168 0.0155049
1.91320221586 3.52526 0.0154414
1.91948223445 3.54928 0.0155189
1.92577010575 3.57291 0.0162285
1.93206491035 3.59915 0.0148748
1.93834071151 3.61864 0.0163804
1.94460828613 3.64794 0.0144305
1.9508968614 3.6698 0.0167763
1.95718811973 3.69569 0.0160482
1.96347509207 3.72126 0.0146274
1.9697553281 3.74583 0.0160163
1.9760413775 3.77191 0.0155616
1.98233260336 3.79787 0.0157567
1.98861171931 3.82614 0.0177669
1.99488792869 3.84723 0.0157449
2.00117304134 3.87656 0.0163182
2.00745262249 3.90268 0.0169747
2.01372721862 3.92773 0.0170572
2.02001108039 3.95575 0.0179647
2.02630405283 3.98054 0.0170691
2.03258735828 4.00676 0.0175065
2.03886100377 4.03747 0.01625
2.04514489951 4.05983 0.0164483
2.05143683626 4.09034 0.0180242
2.05772382203 4.11602 0.0163309
2.0640044634 4.1435 0.0184149
2.07029278421 4.17023 0.0158831
2.07658471853 4.19674 0.0165208
2.08285424307 4.22553 0.0182707
2.08912259138 4.25072 0.0172385
2.09541730178 4.27755 0.019654
2.10170304464 4.30769 0.0181034
2.10797273337 4.33321 0.0189441
2.11425579676 4.36016 0.0197111
2.12053788985 4.38602 0.0208917
2.12682075079 4.41595 0.0200508
2.13310670204 4.44046 0.0192168
2.13940011923 4.46901 0.0200399
2.14568939859 4.49689 0.0192289
2.15195789682 4.52159 0.0191415
2.15824033347 4.549 0.0191909
2.16453048092 4.57129 0.0202214
2.17081716829 4.59953 0.0217247
2.17709912993 4.62571 0.0208699
2.18337674027 4.6486 0.0214569
2.18965452646 4.67611 0.0188939
2.19593814184 4.69505 0.0217836
2.20221722867 4.72609 0.0204025
2.20849850085 4.74283 0.0228838
2.21479372465 4.77261 0.021581
2.22107581834 4.79259 0.0210765
2.22733812199 4.81319 0.0219125
2.23362792264 4.83739 0.02065
2.2399287897 4.85599 0.0233647
2.24620084223 4.88115 0.0232457
2.2524810722 4.89702 0.0229015
2.25875993301 4.91401 0.0241599
2.26503776668 4.9301 0.0244958
2.27130391144 4.9472 0.0258494
2.27758972822 4.96305 0.0259225
2.28389830542 4.98112 0.0232386
2.29017001225 4.99997 0.027164
2.29645357402 5.02098 0.0233907
2.30275372852 5.04023 0.0228921
2.30903325986 5.06241 0.0264224
2.31530674049 5.08453 0.0288515
2.32158490306 5.10569 0.0235995
2.3278758488 5.12442 0.0262672
2.33415543799 5.1492 0.0289198
2.34041936871 5.175 0.0283537
2.34670710068 5.19602 0.0285935
2.3530032916 5.21673 0.0233974
2.35928989445 5.24409 0.0292601
2.36555387699 5.27009 0.0288334
2.37182578571 5.29272 0.0302254
2.3781409032 5.31545 0.0303308
2.38442809259 5.34656 0.0288712
2.39069258243 5.36608 0.0326963
2.39698813839 5.39146 0.0300616
2.40330354843 5.41538 0.0323606
2.40957307365 5.44601 0.0310127
2.41583080138 5.47144 0.0334872
2.42214385676 5.49661 0.0349821
2.42843005755 5.52634 0.0332453
2.43467776878 5.54802 0.034686
2.44097021258 5.57484 0.0325424
2.44729898127 5.60062 0.0337033
2.45356911846 5.62927 0.0411692
2.45980003814 5.65359 0.0415044
2.4661092349 5.67715 0.0392027
2.47241430729 5.70923 0.0407352
2.47866355169 5.73231 0.0396539
2.48493431628 5.7566 0.0391541
2.49124283111 5.7853 0.0406078
2.49755537626 5.81555 0.0400675
2.50380379021 5.84089 0.0399579
2.51005045336 5.87288 0.0432624
2.51638815336 5.90498 0.0448705
2.52269694929 5.92936 0.0453324
2.52891211798 5.95122 0.047635
2.53519495098 5.97097 0.0477695
2.54155301509 5.99973 0.0455957
2.54783359884 6.02759 0.0509561
2.55402772623 6.06183 0.0515729
2.56033571996 6.08499 0.0482809
2.56672381747 6.11319 0.0533021
2.57294751341 6.12835 0.0554955
2.57911252531 6.15504 0.0525485
2.58547549612 6.1907 0.0544368
2.59185019505 6.20868 0.0619621
2.59805932148 6.23492 0.0612321
2.60429715989 6.26573 0.0633148
2.61067449751 6.28445 0.059376
2.61693283418 6.3213 0.0658054
2.62300854502 6.34792 0.067574
2.62939753095 6.3563 0.0623971
2.63591057571 6.38448 0.0750953
2.64202978624 6.40731 0.0793662
2.64803951219 6.43034 0.0791566
2.65454096229 6.45393 0.0769023
2.66118028258 6.47624 0.0815137
2.66719514746 6.50984 0.0989999
2.67309090101 6.53022 0.080909
2.67973176445 6.54456 0.0970464
2.68646693102 6.57693 0.110032
2.69219835647 6.57591 0.121272
2.69796467721 6.58823 0.123397
2.70489193937 6.6345 0.118776
2.71182026315 6.6485 0.138075
2.71709790339 6.6895 0.194437
2.7227864466 6.70691 0.143274
2.72994784687 6.70931 0.169792
2.73706528781 6.74348 0.205069
2.74248820391 6.70799 0.273661
2.74787331837 6.72078 0.258255
2.75504313834 6.78792 0.316656
2.76219934437 6.79722 0.44225
2.76789278819 6.73428 0.656649
2.77283198247 6.79633 0.685575
2.77965581172 6.89117 1.35425
2.78599582346 nan nan
