0.0088996412247 1.59878 0.113145
0.0150791221651 1.58156 0.0567329
0.0214479018646 1.55416 0.0341868
0.0278366077649 1.53338 0.0332022
0.034350997858 1.51032 0.0296086
0.0404788676143 1.49548 0.0272585
0.0467671668358 1.48977 0.0253298
0.0530822510177 1.48613 0.0246624
0.0594536244094 1.47782 0.0205913
0.0657622481459 1.47737 0.0184097
0.071966329067 1.47697 0.0215316
0.0782786091569 1.47136 0.0176544
0.0847039894583 1.46027 0.0176602
0.0909685462053 1.45398 0.0174339
0.0972078977683 1.44811 0.0192157
0.103476303896 1.43923 0.0187761
0.109757644425 1.44025 0.0177491
0.116054308478 1.43746 0.0189482
0.122366966654 1.44078 0.0181246
0.128681726309 1.43586 0.0168167
0.134950080166 1.43057 0.0189193
0.141194955884 1.42083 0.016875
0.147513357575 1.41476 0.0175105
0.153786507425 1.40271 0.0185174
0.160065754405 1.39824 0.0182455
0.166399116869 1.39029 0.0173745
0.172719564578 1.39033 0.0173924
0.178976521338 1.38307 0.0180166
0.185235369065 1.38207 0.0167912
0.191480678734 1.37555 0.0175568
0.197788986865 1.37214 0.0185033
0.204093773545 1.3627 0.0194981
0.210393930261 1.35446 0.0180927
0.216690970982 1.34415 0.015726
0.222970028122 1.33364 0.019483
0.229262002709 1.32848 0.0175594
0.235514150837 1.32161 0.01836
0.241791058382 1.31776 0.0164753
0.248085653944 1.30899 0.0174395
0.254349225687 1.30248 0.0175217
0.260633425188 1.29812 0.0166458
0.26692573709 1.28776 0.0183243
0.273242334314 1.28041 0.0151099
0.279552968008 1.27249 0.0152604
0.285836629231 1.26297 0.0183053
0.292087627139 1.25372 0.0169129
0.298344984444 1.24837 0.0201046
0.304638263941 1.23747 0.0170178
0.3109279127 1.22832 0.0174761
0.317216817162 1.22276 0.0161849
0.323518756794 1.21244 0.0178833
0.329816821755 1.20944 0.017744
0.336117642946 1.19827 0.0180985
0.342370037571 1.18997 0.0223158
0.348647819267 1.17625 0.018186
0.354941161441 1.17098 0.0200525
0.361191693542 1.16344 0.0159644
0.367476708956 1.15339 0.0170994
0.373764779528 1.14591 0.0170399
0.380065403148 1.13506 0.0191323
0.386353986126 1.12802 0.0182698
0.392614018136 1.11704 0.0200625
0.398926450032 1.11171 0.0181187
0.405207324458 1.10098 0.0197865
0.411491647757 1.09369 0.0170667
0.417781427212 1.08339 0.0200375
0.424040064873 1.07581 0.0197622
0.430342569027 1.06294 0.0176999
0.436635856026 1.05622 0.020084
0.442899618322 1.04695 0.0206787
0.449163441853 1.04021 0.0190563
0.455441414625 1.02744 0.0218818
0.46176344703 1.01764 0.0194907
0.468064424202 1.00904 0.0204646
0.474348524276 1.00149 0.021255
0.480635613682 0.993021 0.0195697
0.486901925839 0.981186 0.017813
0.49316970996 0.974089 0.0220246
0.499450674714 0.964879 0.0200148
0.505715905134 0.94964 0.0219427
0.511992399627 0.943855 0.021641
0.518312609777 0.934888 0.0209092
0.524608963803 0.921293 0.0212981
0.530875730848 0.913437 0.0249747
0.537157352795 0.906289 0.0244342
0.543457956378 0.895882 0.0226059
0.549743065239 0.882647 0.0208165
0.55599374275 0.873742 0.0216312
0.562285467661 0.864126 0.0207561
0.568601153723 0.85598 0.0246368
0.574880458942 0.841918 0.0221588
0.581155021034 0.838651 0.0240805
0.587439449666 0.819456 0.0268887
0.59371762203 0.809649 0.0212552
0.599997195479 0.80213 0.0281971
0.606267911512 0.790111 0.024556
0.612546957644 0.782392 0.0239361
0.618847773304 0.768902 0.0261594
0.625131056744 0.760674 0.0272836
0.631402745038 0.74731 0.0297213
0.637700356273 0.740085 0.0264267
0.643985778331 0.72566 0.0245381
0.650268541717 0.720105 0.0262979
0.65655861177 0.703324 0.0277202
0.662836928236 0.694257 0.0303207
0.669118544496 0.680964 0.0283946
0.675407019858 0.674031 0.0283499
0.681683551459 0.658497 0.0277675
0.687959253386 0.643671 0.030893
0.694234431704 0.631951 0.0278674
0.700517540243 0.629106 0.0278247
0.706812495661 0.611222 0.0307418
0.713101900967 0.598924 0.0305208
0.719391825117 0.587934 0.0308459
0.72568338076 0.575272 0.0371319
0.731965268271 0.555759 0.0338764
0.738250799048 0.552118 0.0306594
0.744526584212 0.539469 0.0333465
0.750787110194 0.520509 0.0317909
0.757075846532 0.508252 0.0355828
0.76336412336 0.500801 0.0371485
0.769646295986 0.483855 0.0393035
0.775939486518 0.47263 0.0335441
0.782232914199 0.457126 0.0387747
0.788531493652 0.442579 0.0417776
0.794789656698 0.428802 0.0411743
0.801049109659 0.419756 0.0415075
0.807336406173 0.392419 0.0463485
0.813622948837 0.381924 0.0460809
0.819915299896 0.361886 0.0484281
0.826195263639 0.34462 0.0614899
0.832489707008 0.321414 0.0652676
0.838795930921 0.308707 0.0531028
0.84506346397 0.287369 0.0587593
0.851328286756 nan nan
0.85761982639 nan nan
0.863905847706 nan nan
0.870183874549 nan nan
0.876464109608 nan nan
0.88275038734 nan nan
0.889033276839 nan nan
0.895308424711 nan nan
0.901595652167 nan nan
0.907883332809 nan nan
0.914174410632 nan nan
0.920463081772 nan nan
0.926743441526 nan nan
0.933032419735 nan nan
0.939326578557 nan nan
0.94559748104 nan nan
0.951866001855 nan nan
0.958141325553 nan nan
0.964435094511 nan nan
0.970735563357 nan nan
0.977008076845 nan nan
0.983282332536 nan nan
0.989556969197 nan nan
0.995845630192 nan nan
1.00213621074 nan nan
1.00840482534 nan nan
1.01469414984 nan nan
1.02099255544 nan nan
1.02727398044 nan nan
1.0335591819 nan nan
1.03984755739 nan nan
1.04612697494 nan nan
1.05240343681 nan nan
1.05868070465 nan nan
1.06496433307 nan nan
1.07125677744 nan nan
1.0775440488 nan nan
1.08382482019 nan nan
1.09010802394 nan nan
1.09638966596 nan nan
1.10268113206 nan nan
1.10896304759 nan nan
1.11522542846 nan nan
1.12150212761 nan nan
1.12779257382 nan nan
1.13408955267 nan nan
1.14036404965 nan nan
1.14663918032 nan nan
1.15294241299 nan nan
1.15922890675 nan nan
1.16550872189 nan nan
1.17179307626 nan nan
1.17808743637 nan nan
1.18436765425 nan nan
1.1906346423 nan nan
1.19691220883 nan nan
1.20320157735 nan nan
1.20948684444 nan nan
1.21576390207 nan nan
1.22204975517 nan nan
1.22834061662 nan nan
1.23463298658 nan nan
1.24090224718 nan nan
1.24717483914 nan nan
1.25346545993 nan nan
1.25974995189 nan nan
1.26603214313 0.340417 0.0569783
1.27231628847 0.378686 0.0474197
1.27860415506 0.404983 0.047931
1.28488658893 0.445127 0.0427394
1.29117542007 0.467557 0.0420627
1.29746572637 0.50236 0.0360453
1.30374182701 0.526827 0.0329086
1.31001732292 0.56388 0.034396
1.31630144766 0.592803 0.030632
1.32258676036 0.61882 0.028703
1.32886549245 0.650828 0.0277313
1.33514480495 0.675568 0.0286438
1.34144051627 0.707579 0.0262627
1.34773086842 0.741154 0.0288841
1.35400158999 0.769548 0.0241754
1.3602826093 0.79501 0.0226216
1.36656568646 0.824942 0.0252595
1.37285149848 0.85636 0.0198381
1.37913537293 0.882108 0.0204478
1.38540956715 0.912056 0.0197527
1.39169864122 0.942401 0.0211447
1.39798445144 0.973768 0.0201306
1.40426788341 1.00205 0.0191291
1.41055477948 1.02901 0.0198219
1.41683783355 1.06303 0.0181544
1.42311817719 1.09304 0.0163899
1.42939780116 1.12398 0.0166603
1.43568692182 1.15606 0.0169637
1.44197712177 1.18304 0.0168947
1.44825366785 1.21711 0.0166186
1.45453234897 1.2472 0.0165247
1.46081931915 1.28103 0.0147082
1.4671103644 1.31135 0.0147893
1.47339290895 1.34419 0.0162804
1.47966996524 1.37639 0.0140474
1.4859561446 1.40681 0.0148186
1.49223361076 1.44027 0.0143891
1.49850247038 1.47296 0.0149877
1.50478575205 1.5025 0.0121655
1.51107599189 1.53436 0.0142768
1.51736163499 1.56996 0.0128379
1.52364857097 1.60255 0.0130122
1.52993803572 1.63727 0.0146155
1.53623017691 1.6694 0.012465
1.54251071878 1.70305 0.0137507
1.54878396308 1.7391 0.0130331
1.55507306978 1.772 0.0124158
1.56135732493 1.80735 0.0108494
1.56762912105 1.83985 0.0128505
1.5739136974 1.87673 0.0127856
1.58020354523 1.90861 0.0113102
1.58648539343 1.94482 0.0115361
1.59276001426 1.9771 0.0113797
1.59904643639 2.01275 0.011239
1.60534213664 2.04905 0.00963235
1.61161976836 2.07032 0.0112459
1.61789716835 2.0832 0.0121459
1.62418270854 2.09146 0.0124202
1.63046407995 2.10583 0.0116275
1.63674824683 2.11964 0.0113096
1.64303013827 2.12974 0.0118907
1.64930808063 2.14298 0.0112313
1.65559224863 2.15284 0.0114857
1.66187827598 2.16659 0.0126725
1.66816823994 2.17858 0.0117015
1.6744495611 2.19054 0.0124707
1.68072138563 2.20435 0.0120744
1.68701215424 2.21604 0.0115112
1.6933074808 2.23095 0.0129186
1.69958064303 2.24314 0.0119766
1.70586179344 2.25737 0.0116685
1.71215172419 2.27436 0.0140366
1.71843538617 2.28623 0.0116153
1.72471844694 2.29715 0.0129995
1.73099491844 2.31462 0.0123849
1.73728636032 2.32959 0.0120987
1.74356630258 2.34433 0.0124307
1.74983600778 2.35829 0.0131146
1.75612327869 2.37675 0.0122886
1.76241061606 2.3903 0.0141916
1.76869357896 2.40535 0.0121936
1.77497674839 2.42211 0.012796
1.78126362161 2.43641 0.0130896
1.78754574761 2.45429 0.0135024
1.7938272923 2.46936 0.0128532
1.80010772174 2.48803 0.0142212
1.80639091391 2.5036 0.0122416
1.81267451427 2.51961 0.0121857
1.81895363524 2.53756 0.0124974
1.82523850291 2.55769 0.0138951
1.8315236862 2.57356 0.0141955
1.83781040898 2.59232 0.0130151
1.84409642612 2.61023 0.0135731
1.8503769215 2.62851 0.0131052
1.85666074594 2.64536 0.012349
1.86294359809 2.66526 0.0153515
1.86922204917 2.68443 0.0132455
1.87550781357 2.70487 0.0133992
1.88179499507 2.72446 0.0133402
1.88807781314 2.74437 0.0126317
1.89435244502 2.76305 0.0140802
1.90063796885 2.78462 0.0143996
1.90692833723 2.8054 0.0141501
1.91320221586 2.82577 0.014957
1.91948223445 2.84856 0.0141809
1.92577010575 2.86738 0.0152306
1.93206491035 2.89084 0.0153998
1.93834071151 2.90894 0.014374
1.94460828613 2.93231 0.0147954
1.9508968614 2.95477 0.0145839
1.95718811973 2.97546 0.0137668
1.96347509207 2.99939 0.0137421
1.9697553281 3.0219 0.0149163
1.9760413775 3.0438 0.0161179
1.98233260336 3.06542 0.0138306
1.98861171931 3.09232 0.0153658
1.99488792869 3.11053 0.0158632
2.00117304134 3.13811 0.0138309
2.00745262249 3.16063 0.0146806
2.01372721862 3.18323 0.0154927
2.02001108039 3.20985 0.0153255
2.02630405283 3.23191 0.0166476
2.03258735828 3.25554 0.0147145
2.03886100377 3.28372 0.0167415
2.04514489951 3.30591 0.0167254
2.05143683626 3.33224 0.0168546
2.05772382203 3.35772 0.0163754
2.0640044634 3.38182 0.0167422
2.07029278421 3.40646 0.0169781
2.07658471853 3.43167 0.0167213
2.08285424307 3.456 0.0167746
2.08912259138 3.47861 0.0160304
2.09541730178 3.50436 0.0175037
2.10170304464 3.53322 0.0165621
2.10797273337 3.55511 0.0173878
2.11425579676 3.58287 0.0159202
2.12053788985 3.60441 0.0165549
2.12682075079 3.6339 0.0180952
2.13310670204 3.65603 0.0150077
2.13940011923 3.68109 0.0165576
2.14568939859 3.7092 0.0180448
2.15195789682 3.72896 0.0168578
2.15824033347 3.75623 0.0159845
2.16453048092 3.77581 0.0178828
2.17081716829 3.80346 0.0194003
2.17709912993 3.82575 0.0180429
2.18337674027 3.84426 0.0163118
2.18965452646 3.87205 0.0186852
2.19593814184 3.88726 0.0197633
2.20221722867 3.91794 0.0167244
2.20849850085 3.93039 0.0181184
2.21479372465 3.9588 0.0202349
2.22107581834 3.97409 0.0176524
2.22733812199 3.98949 0.018875
2.23362792264 4.01625 0.0183991
2.2399287897 4.02735 0.0204363
2.24620084223 4.04853 0.0212987
2.2524810722 4.05761 0.020664
2.25875993301 4.07165 0.0209283
2.26503776668 4.08559 0.0222775
2.27130391144 4.09147 0.0214577
2.27758972822 4.09829 0.0191059
2.28389830542 4.10945 0.0231526
2.29017001225 4.1268 0.0239769
2.29645357402 4.14044 0.019889
2.30275372852 4.15276 0.0236721
2.30903325986 4.16655 0.0235661
2.31530674049 4.18683 0.0235506
2.32158490306 4.20361 0.0250665
2.3278758488 4.21305 0.0234409
2.33415543799 4.23702 0.0220487
2.34041936871 4.25942 0.0263982
2.34670710068 4.27029 0.0247866
2.3530032916 4.28921 0.0258279
2.35928989445 4.3105 0.0269355
2.36555387699 4.33239 0.0252977
2.37182578571 4.34718 0.0266464
2.3781409032 4.36618 0.0256198
2.38442809259 4.39098 0.0277945
2.39069258243 4.40931 0.0285373
2.39698813839 4.42899 0.0270465
2.40330354843 4.45229 0.028151
2.40957307365 4.47299 0.0275621
2.41583080138 4.49287 0.0293387
2.42214385676 4.51144 0.0289296
2.42843005755 4.53651 0.0300798
2.43467776878 4.5629 0.0324117
2.44097021258 4.57821 0.0290882
2.44729898127 4.60369 0.0333477
2.45356911846 4.62599 0.0348604
2.45980003814 4.64855 0.0362268
2.4661092349 4.66989 0.0366033
2.47241430729 4.69551 0.0356968
2.47866355169 4.71663 0.0332169
2.48493431628 4.7364 0.0336666
2.49124283111 4.76205 0.0343167
2.49755537626 4.79312 0.03662
2.50380379021 4.80998 0.0382262
2.51005045336 4.83694 0.0401664
2.51638815336 4.8583 0.0380603
2.52269694929 4.88464 0.0438271
2.52891211798 4.90652 0.0391922
2.53519495098 4.92874 0.0418314
2.54155301509 4.95334 0.0461588
2.54783359884 4.97876 0.0474283
2.55402772623 5.01073 0.0463873
2.56033571996 5.02523 0.0426893
2.56672381747 5.0481 0.0484821
2.57294751341 5.07467 0.0462871
2.57911252531 5.09355 0.0496755
2.58547549612 5.12233 0.0485942
2.59185019505 5.14889 0.0545898
2.59805932148 5.16744 0.0524581
2.60429715989 5.19407 0.0537523
2.61067449751 5.21903 0.0555276
2.61693283418 5.24893 0.0588604
2.62300854502 5.26864 0.0633036
2.62939753095 5.27934 0.0567831
2.63591057571 5.31333 0.0669682
2.64202978624 5.33453 0.0662396
2.64803951219 5.35777 0.0736483
2.65454096229 5.3738 0.0645154
2.66118028258 5.3995 0.0688682
2.66719514746 5.42695 0.0823703
2.67309090101 5.43797 0.0824095
2.67973176445 5.46372 0.089868
2.68646693102 5.50239 0.0985394
2.69219835647 5.50168 0.105627
2.69796467721 5.51789 0.10016
2.70489193937 5.5464 0.105205
2.71182026315 5.59046 0.121959
2.71709790339 5.56538 0.154429
2.7227864466 5.6281 0.126028
2.72994784687 5.633 0.14345
2.73706528781 5.64519 0.18471
2.74248820391 5.66987 0.259342
2.74787331837 5.70425 0.218512
2.75504313834 5.72296 0.288511
2.76219934437 5.79142 0.368484
2.76789278819 5.66152 0.580874
2.77283198247 5.75361 0.727531
2.77965581172 5.81981 1.21814
2.78599582346 nan nan
