0.0088996412247 3.45382 0.165586
0.0150791221651 3.43288 0.111929
0.0214479018646 3.40524 0.0633154
0.0278366077649 3.39762 0.0553235
0.034350997858 3.36266 0.0491401
0.0404788676143 3.32602 0.0496073
0.0467671668358 3.29268 0.0436186
0.0530822510177 3.2459 0.0427151
0.0594536244094 3.19626 0.0327058
0.0657622481459 3.1483 0.0319893
0.071966329067 3.09823 0.031599
0.0782786091569 3.04568 0.0305357
0.0847039894583 2.98272 0.0266486
0.0909685462053 2.93661 0.0315006
0.0972078977683 2.88516 0.0325204
0.103476303896 2.82423 0.0257021
0.109757644425 2.76426 0.0266004
0.116054308478 2.69799 0.02421
0.122366966654 2.635 0.0256258
0.128681726309 2.57004 0.0226878
0.134950080166 2.50551 0.0245093
0.141194955884 2.45475 0.0218466
0.147513357575 2.40382 0.0211049
0.153786507425 2.35609 0.0215699
0.160065754405 2.29961 0.0210478
0.166399116869 2.25327 0.0222085
0.172719564578 2.20063 0.0174228
0.178976521338 2.15354 0.017674
0.185235369065 2.10594 0.0212748
0.191480678734 2.06328 0.0195005
0.197788986865 2.02639 0.0179473
0.204093773545 1.98677 0.0182139
0.210393930261 1.95722 0.0176092
0.216690970982 1.92743 0.017865
0.222970028122 1.90078 0.0173615
0.229262002709 1.87598 0.0183028
0.235514150837 1.8495 0.016905
0.241791058382 1.82983 0.0156612
0.248085653944 1.80964 0.017728
0.254349225687 1.78778 0.0175622
0.260633425188 1.77334 0.0159857
0.26692573709 1.75954 0.0150837
0.273242334314 1.74632 0.0138595
0.279552968008 1.73702 0.0154268
0.285836629231 1.72556 0.0160842
0.292087627139 1.72092 0.0153753
0.298344984444 1.71269 0.0159234
0.304638263941 1.7018 0.015353
0.3109279127 1.69699 0.0137868
0.317216817162 1.6889 0.0153617
0.323518756794 1.68443 0.0162856
0.329816821755 1.682 0.0136218
0.336117642946 1.67776 0.0152524
0.342370037571 1.67456 0.0145476
0.348647819267 1.66577 0.0146633
0.354941161441 1.66201 0.0146134
0.361191693542 1.65959 0.0140722
0.367476708956 1.65712 0.0149658
0.373764779528 1.65195 0.0141056
0.380065403148 1.648 0.0142188
0.386353986126 1.64532 0.0135611
0.392614018136 1.63952 0.0123321
0.398926450032 1.64088 0.0148304
0.405207324458 1.63534 0.0126071
0.411491647757 1.63234 0.0139732
0.417781427212 1.62646 0.0150413
0.424040064873 1.62327 0.0138471
0.430342569027 1.62062 0.0140304
0.436635856026 1.6156 0.0132136
0.442899618322 1.61138 0.0130063
0.449163441853 1.60867 0.0138052
0.455441414625 1.60395 0.0142072
0.46176344703 1.60096 0.0124412
0.468064424202 1.59699 0.0147598
0.474348524276 1.59391 0.0135506
0.480635613682 1.58937 0.0141321
0.486901925839 1.58679 0.0136018
0.49316970996 1.58243 0.0149748
0.499450674714 1.58095 0.0136522
0.505715905134 1.57517 0.0134346
0.511992399627 1.57502 0.013535
0.518312609777 1.57101 0.0133254
0.524608963803 1.56709 0.0135913
0.530875730848 1.56717 0.012876
0.537157352795 1.56272 0.0126049
0.543457956378 1.56021 0.0128586
0.549743065239 1.55831 0.012338
0.55599374275 1.55556 0.0127665
0.562285467661 1.55365 0.0123494
0.568601153723 1.54985 0.0114624
0.574880458942 1.54732 0.0128806
0.581155021034 1.54572 0.0117869
0.587439449666 1.54397 0.0127598
0.59371762203 1.54219 0.0126445
0.599997195479 1.54129 0.0136074
0.606267911512 1.54016 0.0131107
0.612546957644 1.53753 0.0120751
0.618847773304 1.53569 0.0135937
0.625131056744 1.53463 0.0128076
0.631402745038 1.53361 0.0128213
0.637700356273 1.53209 0.0123789
0.643985778331 1.53142 0.0124233
0.650268541717 1.52998 0.0125192
0.65655861177 1.53019 0.0115991
0.662836928236 1.52848 0.0125371
0.669118544496 1.52858 0.0125725
0.675407019858 1.5277 0.0115455
0.681683551459 1.52749 0.0128296
0.687959253386 1.52667 0.0127834
0.694234431704 1.52627 0.0122573
0.700517540243 1.52562 0.0115611
0.706812495661 1.52653 0.0124827
0.713101900967 1.5248 0.0120135
0.719391825117 1.52472 0.0124265
0.72568338076 1.52519 0.0129879
0.731965268271 1.5254 0.0135228
0.738250799048 1.52695 0.0122352
0.744526584212 1.52549 0.0113357
0.750787110194 1.52736 0.0122862
0.757075846532 1.52718 0.0117297
0.76336412336 1.5288 0.0121747
0.769646295986 1.5291 0.0124764
0.775939486518 1.5305 0.013544
0.782232914199 1.53237 0.01323
0.788531493652 1.53203 0.0120983
0.794789656698 1.53246 0.0120227
0.801049109659 1.53416 0.0118145
0.807336406173 1.53556 0.0130374
0.813622948837 1.53715 0.0109926
0.819915299896 1.53721 0.0105272
0.826195263639 1.5397 0.012369
0.832489707008 1.54201 0.0118669
0.838795930921 1.54328 0.0116285
0.84506346397 1.54311 0.0124456
0.851328286756 1.54465 0.0112337
0.85761982639 1.54747 0.0117574
0.863905847706 1.54732 0.0123615
0.870183874549 1.55036 0.0116802
0.876464109608 1.55257 0.0125745
0.88275038734 1.55491 0.0115564
0.889033276839 1.55649 0.0122928
0.895308424711 1.55894 0.0112463
0.901595652167 1.56069 0.0117703
0.907883332809 1.56355 0.0110387
0.914174410632 1.56584 0.0118598
0.920463081772 1.56729 0.0108991
0.926743441526 1.57164 0.0107124
0.933032419735 1.57225 0.0100196
0.939326578557 1.57611 0.0120026
0.94559748104 1.57862 0.0117839
0.951866001855 1.58209 0.0109465
0.958141325553 1.58251 0.0117923
0.964435094511 1.58821 0.0115993
0.970735563357 1.58952 0.0111738
0.977008076845 1.59234 0.0114474
0.983282332536 1.59579 0.0118981
0.989556969197 1.59853 0.0109251
0.995845630192 1.60272 0.0116788
1.00213621074 1.60541 0.0105051
1.00840482534 1.60841 0.0108075
1.01469414984 1.61059 0.0113367
1.02099255544 1.61508 0.0111605
1.02727398044 1.61933 0.011821
1.0335591819 1.622 0.0114882
1.03984755739 1.62672 0.0117354
1.04612697494 1.63019 0.011426
1.05240343681 1.63279 0.011212
1.05868070465 1.6368 0.0117045
1.06496433307 1.63983 0.0109334
1.07125677744 1.64348 0.0107089
1.0775440488 1.6483 0.011398
1.08382482019 1.65129 0.0113368
1.09010802394 1.65676 0.0121455
1.09638966596 1.65993 0.0109319
1.10268113206 1.66329 0.0107016
1.10896304759 1.66761 0.0123169
1.11522542846 1.67217 0.0107121
1.12150212761 1.67675 0.0116381
1.12779257382 1.68054 0.0121796
1.13408955267 1.68554 0.011665
1.14036404965 1.68909 0.0104466
1.14663918032 1.69359 0.0104573
1.15294241299 1.6985 0.0111177
1.15922890675 1.70228 0.0118751
1.16550872189 1.70744 0.00968388
1.17179307626 1.71177 0.0113082
1.17808743637 1.71665 0.0111695
1.18436765425 1.72076 0.0107097
1.1906346423 1.72635 0.0106031
1.19691220883 1.73046 0.0102901
1.20320157735 1.7357 0.0113067
1.20948684444 1.74052 0.0112839
1.21576390207 1.74586 0.0106944
1.22204975517 1.74996 0.010683
1.22834061662 1.75556 0.0106632
1.23463298658 1.7599 0.0117701
1.24090224718 1.76526 0.0107916
1.24717483914 1.77036 0.0104701
1.25346545993 1.77566 0.0109876
1.25974995189 1.78118 0.0120339
1.26603214313 1.78504 0.0109638
1.27231628847 1.79029 0.0112139
1.27860415506 1.79598 0.0109771
1.28488658893 1.80127 0.011534
1.29117542007 1.80681 0.0114231
1.29746572637 1.81162 0.00997393
1.30374182701 1.81777 0.0110509
1.31001732292 1.82263 0.0101369
1.31630144766 1.82776 0.0103681
1.32258676036 1.8337 0.0109077
1.32886549245 1.83994 0.010065
1.33514480495 1.84646 0.0106124
1.34144051627 1.8499 0.0108042
1.34773086842 1.85712 0.0112913
1.35400158999 1.86266 0.0105006
1.3602826093 1.86799 0.0110563
1.36656568646 1.87378 0.0111888
1.37285149848 1.88017 0.0106588
1.37913537293 1.88492 0.011036
1.38540956715 1.89098 0.0101935
1.39169864122 1.89686 0.0115253
1.39798445144 1.90267 0.011597
1.40426788341 1.90835 0.0107693
1.41055477948 1.91398 0.0104152
1.41683783355 1.91879 0.0105898
1.42311817719 1.92567 0.0110033
1.42939780116 1.93135 0.0106137
1.43568692182 1.93756 0.011624
1.44197712177 1.94299 0.0108204
1.44825366785 1.94899 0.0108536
1.45453234897 1.95472 0.0111291
1.46081931915 1.96044 0.0108751
1.4671103644 1.96585 0.0106102
1.47339290895 1.97167 0.0115493
1.47966996524 1.97855 0.0112548
1.4859561446 1.9838 0.0104848
1.49223361076 1.99001 0.0111645
1.49850247038 1.9952 0.0112743
1.50478575205 2.0009 0.0118419
1.51107599189 2.00613 0.0105644
1.51736163499 2.01148 0.0103614
1.52364857097 2.01817 0.0112553
1.52993803572 2.02285 0.0120415
1.53623017691 2.02925 0.0108923
1.54251071878 2.03505 0.0107031
1.54878396308 2.03933 0.0114456
1.55507306978 2.04539 0.0125997
1.56135732493 2.05168 0.0106665
1.56762912105 2.05598 0.0105065
1.5739136974 2.06169 0.0106096
1.58020354523 2.06607 0.0120099
1.58648539343 2.07144 0.0111792
1.59276001426 2.07603 0.0116978
1.59904643639 2.08154 0.011677
1.60534213664 2.08634 0.01215
1.61161976836 2.09267 0.0109748
1.61789716835 2.09894 0.0108768
1.62418270854 2.10507 0.0107524
1.63046407995 2.11248 0.0107645
1.63674824683 2.11771 0.0116874
1.64303013827 2.12458 0.011713
1.64930808063 2.13194 0.0115217
1.65559224863 2.13962 0.0115765
1.66187827598 2.14529 0.0110563
1.66816823994 2.15156 0.0110699
1.6744495611 2.15806 0.0111628
1.68072138563 2.1649 0.0109568
1.68701215424 2.17211 0.0119162
1.6933074808 2.17666 0.0123747
1.69958064303 2.18452 0.0111235
1.70586179344 2.19136 0.0114669
1.71215172419 2.19746 0.012388
1.71843538617 2.2046 0.0115802
1.72471844694 2.21012 0.0114725
1.73099491844 2.21686 0.0112469
1.73728636032 2.2236 0.0121454
1.74356630258 2.22993 0.0128024
1.74983600778 2.23644 0.0123366
1.75612327869 2.24296 0.0116854
1.76241061606 2.25014 0.011894
1.76869357896 2.25588 0.0118862
1.77497674839 2.26245 0.0123375
1.78126362161 2.26995 0.0117854
1.78754574761 2.27546 0.0128146
1.7938272923 2.28203 0.0121066
1.80010772174 2.28985 0.0125695
1.80639091391 2.29627 0.0118967
1.81267451427 2.30239 0.0121087
1.81895363524 2.30948 0.0129978
1.82523850291 2.31651 0.01256
1.8315236862 2.323 0.0122411
1.83781040898 2.32897 0.0122946
1.84409642612 2.33439 0.0119294
1.8503769215 2.34223 0.0128682
1.85666074594 2.34969 0.013139
1.86294359809 2.3546 0.0121502
1.86922204917 2.36151 0.0124521
1.87550781357 2.36872 0.0133497
1.88179499507 2.3752 0.0124362
1.88807781314 2.38065 0.0126209
1.89435244502 2.38791 0.0127075
1.90063796885 2.39486 0.0128339
1.90692833723 2.40136 0.0139738
1.91320221586 2.4075 0.0135609
1.91948223445 2.41436 0.0137192
1.92577010575 2.42136 0.0134337
1.93206491035 2.42791 0.0134191
1.93834071151 2.43577 0.0121812
1.94460828613 2.44025 0.0135922
1.9508968614 2.44722 0.0134928
1.95718811973 2.45414 0.013465
1.96347509207 2.46053 0.014062
1.9697553281 2.46802 0.0142776
1.9760413775 2.47368 0.0135602
1.98233260336 2.48101 0.0142691
1.98861171931 2.48699 0.0135157
1.99488792869 2.49388 0.0153143
2.00117304134 2.49893 0.0150719
2.00745262249 2.50499 0.0153413
2.01372721862 2.51355 0.0153544
2.02001108039 2.52117 0.0149607
2.02630405283 2.52736 0.0153278
2.03258735828 2.53297 0.0147493
2.03886100377 2.53833 0.0154691
2.04514489951 2.54471 0.0161606
2.05143683626 2.55207 0.0154934
2.05772382203 2.55851 0.0148246
2.0640044634 2.56217 0.0163338
2.07029278421 2.56924 0.0154324
2.07658471853 2.57447 0.0165177
2.08285424307 2.58184 0.015262
2.08912259138 2.58853 0.0171522
2.09541730178 2.59465 0.0158361
2.10170304464 2.59964 0.0173624
2.10797273337 2.60754 0.015465
2.11425579676 2.61171 0.0161649
2.12053788985 2.61876 0.0174353
2.12682075079 2.62276 0.0171048
2.13310670204 2.62871 0.0174583
2.13940011923 2.6367 0.0175567
2.14568939859 2.64183 0.0166483
2.15195789682 2.64789 0.0177592
2.15824033347 2.65185 0.0176383
2.16453048092 2.65977 0.0193172
2.17081716829 2.66403 0.0178477
2.17709912993 2.66945 0.0173151
2.18337674027 2.67522 0.0177704
2.18965452646 2.67983 0.0174879
2.19593814184 2.68626 0.0183888
2.20221722867 2.69132 0.0176087
2.20849850085 2.69885 0.0196864
2.21479372465 2.70464 0.0190562
2.22107581834 2.70999 0.0188854
2.22733812199 2.71223 0.0193779
2.23362792264 2.71931 0.0188544
2.2399287897 2.72606 0.0192267
2.24620084223 2.73342 0.0188182
2.2524810722 2.73891 0.0195435
2.25875993301 2.74469 0.0205682
2.26503776668 2.75171 0.0192165
2.27130391144 2.75966 0.0195033
2.27758972822 2.7672 0.0199184
2.28389830542 2.77456 0.0203532
2.29017001225 2.78069 0.022296
2.29645357402 2.7857 0.0213065
2.30275372852 2.79616 0.022341
2.30903325986 2.80392 0.0229885
2.31530674049 2.80987 0.0224902
2.32158490306 2.81824 0.0236242
2.3278758488 2.82441 0.0215666
2.33415543799 2.8314 0.0219111
2.34041936871 2.83379 0.0234183
2.34670710068 2.84189 0.0235925
2.3530032916 2.84747 0.0256278
2.35928989445 2.85442 0.0239917
2.36555387699 2.86226 0.0268717
2.37182578571 2.86593 0.0265886
2.3781409032 2.87181 0.0272674
2.38442809259 2.88011 0.0259489
2.39069258243 2.88225 0.0299178
2.39698813839 2.88991 0.02761
2.40330354843 2.89806 0.0277794
2.40957307365 2.90589 0.0286812
2.41583080138 2.90806 0.0316425
2.42214385676 2.91891 0.0301331
2.42843005755 2.92158 0.03171
2.43467776878 2.92231 0.0311545
2.44097021258 2.93696 0.0323328
2.44729898127 2.94077 0.0320301
2.45356911846 2.94571 0.0350345
2.45980003814 2.95288 0.0335088
2.4661092349 2.95702 0.0343715
2.47241430729 2.9597 0.0363363
2.47866355169 2.97311 0.0340674
2.48493431628 2.97354 0.0297836
2.49124283111 2.98679 0.03365
2.49755537626 2.98371 0.0369976
2.50380379021 2.99012 0.0384283
2.51005045336 2.99644 0.0388075
2.51638815336 3.00333 0.0420048
2.52269694929 3.00503 0.0378642
2.52891211798 3.0068 0.0433726
2.53519495098 3.02635 0.0402143
2.54155301509 3.02442 0.0414651
2.54783359884 3.02843 0.0444416
2.55402772623 3.03415 0.0438261
2.56033571996 3.03936 0.0478101
2.56672381747 3.04771 0.0451583
2.57294751341 3.05049 0.054501
2.57911252531 3.05616 0.0508238
2.58547549612 3.05428 0.044912
2.59185019505 3.05784 0.047967
2.59805932148 3.07029 0.0560442
2.60429715989 3.05996 0.048079
2.61067449751 3.07375 0.0551751
2.61693283418 3.07823 0.0577021
2.62300854502 3.08443 0.0667202
2.62939753095 3.07691 0.0572619
2.63591057571 3.08418 0.0677124
2.64202978624 3.09365 0.0735005
2.64803951219 3.09109 0.0747438
2.65454096229 3.09345 0.0648687
2.66118028258 3.09588 0.0762314
2.66719514746 3.09857 0.0954644
2.67309090101 3.12043 0.076967
2.67973176445 3.11581 0.0889856
2.68646693102 3.11321 0.0886784
2.69219835647 3.10511 0.101685
2.69796467721 3.10401 0.105427
2.70489193937 3.132 0.112595
2.71182026315 3.14236 0.11086
2.71709790339 3.12766 0.160981
2.7227864466 3.12148 0.14644
2.72994784687 3.12372 0.145058
2.73706528781 3.11656 0.184348
2.74248820391 3.12807 0.280258
2.74787331837 3.11369 0.21418
2.75504313834 3.14375 0.248596
2.76219934437 3.09061 0.343516
2.76789278819 3.15688 0.636862
2.77283198247 3.17348 0.628647
2.77965581172 3.20462 1.46803
2.78599582346 -5.7701 101.892
