0.0088996412247 2.58423 0.115395
0.0150791221651 2.57542 0.0854221
0.0214479018646 2.57819 0.0495542
0.0278366077649 2.58238 0.0413436
0.034350997858 2.57401 0.0365147
0.0404788676143 2.57643 0.037941
0.0467671668358 2.56896 0.0362829
0.0530822510177 2.56083 0.0302521
0.0594536244094 2.55409 0.0269101
0.0657622481459 2.55076 0.0260262
0.071966329067 2.54443 0.0280063
0.0782786091569 2.54154 0.0249305
0.0847039894583 2.5312 0.0225261
0.0909685462053 2.52832 0.0249064
0.0972078977683 2.52702 0.0239989
0.103476303896 2.51601 0.022245
0.109757644425 2.50743 0.0225554
0.116054308478 2.49922 0.0193495
0.122366966654 2.48688 0.0220668
0.128681726309 2.4721 0.0185821
0.134950080166 2.45992 0.022157
0.141194955884 2.45086 0.0193277
0.147513357575 2.44085 0.0183287
0.153786507425 2.43334 0.0202272
0.160065754405 2.41606 0.018488
0.166399116869 2.40595 0.0204649
0.172719564578 2.39021 0.016607
0.178976521338 2.37466 0.017402
0.185235369065 2.35982 0.0204099
0.191480678734 2.34048 0.0178025
0.197788986865 2.32528 0.017758
0.204093773545 2.30678 0.0170835
0.210393930261 2.29412 0.0167144
0.216690970982 2.27687 0.0181348
0.222970028122 2.25851 0.0178236
0.229262002709 2.24544 0.0186321
0.235514150837 2.22262 0.0164318
0.241791058382 2.20718 0.0159911
0.248085653944 2.1872 0.0173854
0.254349225687 2.16493 0.0194884
0.260633425188 2.14934 0.0164697
0.26692573709 2.13159 0.0156098
0.273242334314 2.11246 0.0150284
0.279552968008 2.0948 0.0160295
0.285836629231 2.07542 0.0175381
0.292087627139 2.06064 0.016746
0.298344984444 2.0436 0.0160856
0.304638263941 2.02114 0.015749
0.3109279127 2.00689 0.0162454
0.317216817162 1.98609 0.0158528
0.323518756794 1.96989 0.0167925
0.329816821755 1.95425 0.0151845
0.336117642946 1.93809 0.0167255
0.342370037571 1.92234 0.0158427
0.348647819267 1.90157 0.0157213
0.354941161441 1.88797 0.0156782
0.361191693542 1.87353 0.016266
0.367476708956 1.85827 0.0150603
0.373764779528 1.84604 0.0158955
0.380065403148 1.82903 0.0159001
0.386353986126 1.81657 0.0156378
0.392614018136 1.80098 0.0147062
0.398926450032 1.79208 0.0146102
0.405207324458 1.77826 0.0142015
0.411491647757 1.7665 0.0146119
0.417781427212 1.75499 0.0161902
0.424040064873 1.74309 0.0146912
0.430342569027 1.73294 0.0154319
0.436635856026 1.72311 0.0146652
0.442899618322 1.71264 0.0140424
0.449163441853 1.70455 0.0138564
0.455441414625 1.69337 0.014414
0.46176344703 1.68638 0.0119748
0.468064424202 1.67581 0.0157477
0.474348524276 1.6688 0.0142631
0.480635613682 1.66126 0.0132876
0.486901925839 1.65461 0.0142715
0.49316970996 1.64615 0.0148633
0.499450674714 1.64033 0.0145208
0.505715905134 1.6339 0.0136447
0.511992399627 1.62941 0.0134947
0.518312609777 1.62376 0.0137458
0.524608963803 1.61691 0.0143764
0.530875730848 1.61498 0.0142273
0.537157352795 1.60896 0.0131533
0.543457956378 1.60537 0.0138725
0.549743065239 1.60056 0.0138796
0.55599374275 1.59728 0.0125569
0.562285467661 1.59497 0.0124118
0.568601153723 1.58835 0.0114111
0.574880458942 1.58644 0.0134544
0.581155021034 1.58424 0.0119887
0.587439449666 1.58193 0.0139764
0.59371762203 1.57862 0.0126214
0.599997195479 1.57725 0.0130069
0.606267911512 1.57654 0.0131027
0.612546957644 1.5718 0.011524
0.618847773304 1.57062 0.0139569
0.625131056744 1.56963 0.0127761
0.631402745038 1.56862 0.0133838
0.637700356273 1.56678 0.0128955
0.643985778331 1.56557 0.0115323
0.650268541717 1.56407 0.0122836
0.65655861177 1.56392 0.0120135
0.662836928236 1.56235 0.0125076
0.669118544496 1.56169 0.0127799
0.675407019858 1.56144 0.0125102
0.681683551459 1.56067 0.0125838
0.687959253386 1.56138 0.0129292
0.694234431704 1.55919 0.0119186
0.700517540243 1.55898 0.0115022
0.706812495661 1.5588 0.0120965
0.713101900967 1.55774 0.0114867
0.719391825117 1.55798 0.0127533
0.72568338076 1.55833 0.0133664
0.731965268271 1.55884 0.013945
0.738250799048 1.55932 0.0126673
0.744526584212 1.55774 0.0116225
0.750787110194 1.55965 0.0117898
0.757075846532 1.55848 0.0124708
0.76336412336 1.56063 0.0127446
0.769646295986 1.56116 0.012848
0.775939486518 1.5624 0.0138568
0.782232914199 1.5632 0.012318
0.788531493652 1.56231 0.0116262
0.794789656698 1.56255 0.0122905
0.801049109659 1.56506 0.0119168
0.807336406173 1.56422 0.0122005
0.813622948837 1.56648 0.011398
0.819915299896 1.56569 0.0109492
0.826195263639 1.5686 0.0126622
0.832489707008 1.56912 0.0122912
0.838795930921 1.57094 0.0118991
0.84506346397 1.57085 0.0129143
0.851328286756 1.57176 0.0110055
0.85761982639 1.57324 0.0121862
0.863905847706 1.57326 0.0131922
0.870183874549 1.57656 0.0116389
0.876464109608 1.57779 0.0122266
0.88275038734 1.5793 0.0118439
0.889033276839 1.58105 0.0130039
0.895308424711 1.583 0.0121147
0.901595652167 1.58474 0.0116688
0.907883332809 1.58671 0.010989
0.914174410632 1.58878 0.0124183
0.920463081772 1.58966 0.0114458
0.926743441526 1.59334 0.01116
0.933032419735 1.59416 0.0112219
0.939326578557 1.59674 0.0124486
0.94559748104 1.59828 0.0119686
0.951866001855 1.60242 0.0106631
0.958141325553 1.60194 0.0119553
0.964435094511 1.60678 0.011799
0.970735563357 1.60816 0.011599
0.977008076845 1.61124 0.0109224
0.983282332536 1.61319 0.0114195
0.989556969197 1.61696 0.0108785
0.995845630192 1.61925 0.0120959
1.00213621074 1.62185 0.0113134
1.00840482534 1.62489 0.0114664
1.01469414984 1.62787 0.0110323
1.02099255544 1.63163 0.0115127
1.02727398044 1.63466 0.0122614
1.0335591819 1.63774 0.0101974
1.03984755739 1.64155 0.0121871
1.04612697494 1.64407 0.0112008
1.05240343681 1.647 0.0114966
1.05868070465 1.65071 0.0119118
1.06496433307 1.65312 0.0109124
1.07125677744 1.6572 0.0104424
1.0775440488 1.66103 0.011215
1.08382482019 1.66433 0.0112173
1.09010802394 1.66866 0.0115767
1.09638966596 1.67252 0.0111804
1.10268113206 1.6752 0.0116689
1.10896304759 1.67981 0.0123225
1.11522542846 1.68418 0.0106155
1.12150212761 1.68763 0.0120314
1.12779257382 1.69128 0.0122569
1.13408955267 1.69623 0.0114463
1.14036404965 1.7001 0.0109802
1.14663918032 1.70414 0.0108949
1.15294241299 1.70881 0.0114614
1.15922890675 1.71224 0.0118112
1.16550872189 1.71712 0.00977585
1.17179307626 1.72179 0.0114992
1.17808743637 1.72628 0.0113628
1.18436765425 1.72956 0.0106489
1.1906346423 1.73551 0.010667
1.19691220883 1.73961 0.0104401
1.20320157735 1.74474 0.0115969
1.20948684444 1.7492 0.0112825
1.21576390207 1.75429 0.0108652
1.22204975517 1.75849 0.010818
1.22834061662 1.76297 0.010784
1.23463298658 1.76763 0.0113333
1.24090224718 1.77328 0.0111296
1.24717483914 1.77879 0.0109145
1.25346545993 1.7831 0.0111609
1.25974995189 1.78835 0.011595
1.26603214313 1.79247 0.0102365
1.27231628847 1.79818 0.0114828
1.27860415506 1.80349 0.0109973
1.28488658893 1.80857 0.0114292
1.29117542007 1.81353 0.0112361
1.29746572637 1.81896 0.00974423
1.30374182701 1.8245 0.011594
1.31001732292 1.82964 0.010315
1.31630144766 1.83433 0.0115944
1.32258676036 1.84072 0.0108758
1.32886549245 1.84608 0.0100534
1.33514480495 1.8524 0.0104696
1.34144051627 1.85615 0.0109221
1.34773086842 1.86366 0.0103589
1.35400158999 1.86828 0.0105458
1.3602826093 1.87414 0.0109031
1.36656568646 1.87952 0.011553
1.37285149848 1.88608 0.0109595
1.37913537293 1.89117 0.0115487
1.38540956715 1.89683 0.010249
1.39169864122 1.90279 0.0113425
1.39798445144 1.90802 0.0112975
1.40426788341 1.9135 0.0106828
1.41055477948 1.92025 0.0103549
1.41683783355 1.92496 0.0103778
1.42311817719 1.93152 0.0107253
1.42939780116 1.93673 0.0109154
1.43568692182 1.94363 0.0115172
1.44197712177 1.94889 0.0113094
1.44825366785 1.95395 0.0109818
1.45453234897 1.96038 0.0113244
1.46081931915 1.96646 0.0109532
1.4671103644 1.97171 0.0110751
1.47339290895 1.97767 0.011709
1.47966996524 1.98496 0.010711
1.4859561446 1.989 0.0103301
1.49223361076 1.99524 0.0110661
1.49850247038 2.00121 0.0109257
1.50478575205 2.00584 0.0116638
1.51107599189 2.01187 0.0104835
1.51736163499 2.0171 0.0108028
1.52364857097 2.02366 0.0107137
1.52993803572 2.0283 0.0116521
1.53623017691 2.03558 0.0109858
1.54251071878 2.04036 0.010891
1.54878396308 2.04533 0.0109744
1.55507306978 2.05129 0.0121791
1.56135732493 2.0571 0.0111484
1.56762912105 2.06204 0.0112102
1.5739136974 2.06763 0.0107301
1.58020354523 2.07197 0.011719
1.58648539343 2.07762 0.0113577
1.59276001426 2.08247 0.0117058
1.59904643639 2.08789 0.012234
1.60534213664 2.09211 0.0113504
1.61161976836 2.09836 0.0115497
1.61789716835 2.10486 0.0107598
1.62418270854 2.11106 0.0107022
1.63046407995 2.11849 0.010422
1.63674824683 2.12386 0.011377
1.64303013827 2.13049 0.0120953
1.64930808063 2.13797 0.0115301
1.65559224863 2.14553 0.0116134
1.66187827598 2.15158 0.0109409
1.66816823994 2.15774 0.0112706
1.6744495611 2.16449 0.0111143
1.68072138563 2.17189 0.0120816
1.68701215424 2.17868 0.0116005
1.6933074808 2.18345 0.0126623
1.69958064303 2.19109 0.0119686
1.70586179344 2.1978 0.0112459
1.71215172419 2.20407 0.0120899
1.71843538617 2.21068 0.0120743
1.72471844694 2.21721 0.011517
1.73099491844 2.22354 0.0116257
1.73728636032 2.23038 0.0129999
1.74356630258 2.23659 0.012435
1.74983600778 2.24372 0.0120186
1.75612327869 2.25032 0.0119669
1.76241061606 2.25768 0.0121017
1.76869357896 2.26326 0.0118024
1.77497674839 2.27051 0.0122436
1.78126362161 2.27698 0.0121219
1.78754574761 2.2833 0.0125192
1.7938272923 2.28995 0.0122201
1.80010772174 2.29766 0.0118027
1.80639091391 2.30412 0.0128988
1.81267451427 2.31112 0.0127289
1.81895363524 2.3168 0.0124252
1.82523850291 2.32421 0.0121858
1.8315236862 2.33096 0.0123803
1.83781040898 2.33755 0.0125835
1.84409642612 2.34306 0.0118462
1.8503769215 2.35041 0.0128679
1.85666074594 2.35867 0.0132034
1.86294359809 2.36354 0.0122309
1.86922204917 2.37062 0.0126792
1.87550781357 2.37762 0.0136314
1.88179499507 2.38393 0.0119279
1.88807781314 2.39046 0.0132178
1.89435244502 2.3976 0.0128115
1.90063796885 2.40433 0.0132322
1.90692833723 2.41129 0.0133357
1.91320221586 2.41727 0.0138809
1.91948223445 2.42518 0.0139253
1.92577010575 2.43233 0.013442
1.93206491035 2.43841 0.0131828
1.93834071151 2.44519 0.0122241
1.94460828613 2.45077 0.0133631
1.9508968614 2.45823 0.0133143
1.95718811973 2.4653 0.0136512
1.96347509207 2.47142 0.0140844
1.9697553281 2.47978 0.013644
1.9760413775 2.48605 0.0146286
1.98233260336 2.49256 0.0146959
1.98861171931 2.49836 0.0134335
1.99488792869 2.50541 0.0137608
2.00117304134 2.51096 0.0153614
2.00745262249 2.51682 0.0153659
2.01372721862 2.52537 0.0158285
2.02001108039 2.53355 0.0153419
2.02630405283 2.53919 0.014944
2.03258735828 2.54656 0.014684
2.03886100377 2.55061 0.0148662
2.04514489951 2.55723 0.0161656
2.05143683626 2.56526 0.0150497
2.05772382203 2.57156 0.0146162
2.0640044634 2.57644 0.0162901
2.07029278421 2.58306 0.0155895
2.07658471853 2.58839 0.0156514
2.08285424307 2.59674 0.0154922
2.08912259138 2.60451 0.0161186
2.09541730178 2.60941 0.0168881
2.10170304464 2.61368 0.0160493
2.10797273337 2.62137 0.015935
2.11425579676 2.62751 0.0164711
2.12053788985 2.63376 0.0173695
2.12682075079 2.63729 0.017268
2.13310670204 2.64457 0.0174269
2.13940011923 2.65176 0.0169979
2.14568939859 2.65752 0.0162091
2.15195789682 2.66198 0.0180652
2.15824033347 2.66836 0.0172025
2.16453048092 2.67522 0.0192712
2.17081716829 2.68055 0.0176969
2.17709912993 2.68647 0.0183279
2.18337674027 2.69203 0.0177768
2.18965452646 2.69691 0.0183533
2.19593814184 2.70293 0.0191792
2.20221722867 2.70786 0.0183486
2.20849850085 2.71585 0.0191999
2.21479372465 2.72136 0.0192869
2.22107581834 2.7279 0.0179838
2.22733812199 2.73059 0.0192008
2.23362792264 2.73662 0.0190235
2.2399287897 2.74553 0.0181151
2.24620084223 2.75132 0.0196411
2.2524810722 2.75805 0.0206418
2.25875993301 2.76473 0.0196201
2.26503776668 2.77017 0.0187091
2.27130391144 2.77691 0.0191719
2.27758972822 2.78596 0.0198309
2.28389830542 2.79495 0.0195442
2.29017001225 2.80112 0.021217
2.29645357402 2.80665 0.02099
2.30275372852 2.81794 0.0216113
2.30903325986 2.82553 0.0230171
2.31530674049 2.82949 0.0236124
2.32158490306 2.83966 0.0221999
2.3278758488 2.84525 0.0227837
2.33415543799 2.85075 0.0199856
2.34041936871 2.85649 0.0245856
2.34670710068 2.86207 0.0235703
2.3530032916 2.86997 0.0239111
2.35928989445 2.87603 0.0241609
2.36555387699 2.88369 0.0280081
2.37182578571 2.88926 0.0255155
2.3781409032 2.89508 0.0252884
2.38442809259 2.9035 0.0260135
2.39069258243 2.90419 0.0302115
2.39698813839 2.91276 0.0299555
2.40330354843 2.92218 0.0288331
2.40957307365 2.93137 0.0264467
2.41583080138 2.93547 0.0316099
2.42214385676 2.94272 0.0289512
2.42843005755 2.94542 0.029347
2.43467776878 2.95137 0.0259146
2.44097021258 2.96073 0.0321938
2.44729898127 2.9669 0.0302356
2.45356911846 2.96964 0.0334406
2.45980003814 2.97992 0.0312762
2.4661092349 2.98068 0.0330253
2.47241430729 2.98803 0.0356164
2.47866355169 2.99979 0.0345376
2.48493431628 2.99872 0.0304487
2.49124283111 3.01139 0.0320447
2.49755537626 3.01025 0.0350768
2.50380379021 3.01743 0.0387363
2.51005045336 3.02619 0.0396775
2.51638815336 3.03088 0.0452996
2.52269694929 3.0347 0.0397894
2.52891211798 3.03494 0.0419152
2.53519495098 3.0528 0.0413419
2.54155301509 3.05198 0.0416787
2.54783359884 3.0588 0.0430288
2.55402772623 3.06268 0.0437392
2.56033571996 3.07153 0.0489723
2.56672381747 3.07189 0.049208
2.57294751341 3.08298 0.0444344
2.57911252531 3.08297 0.0519724
2.58547549612 3.08541 0.0448771
2.59185019505 3.09075 0.0545947
2.59805932148 3.10119 0.0494273
2.60429715989 3.09275 0.0513544
2.61067449751 3.10891 0.0568441
2.61693283418 3.11208 0.0632493
2.62300854502 3.11532 0.0610646
2.62939753095 3.10543 0.0613621
2.63591057571 3.11197 0.0682984
2.64202978624 3.12486 0.0707479
2.64803951219 3.11758 0.0744842
2.65454096229 3.13245 0.0650843
2.66118028258 3.13596 0.0756994
2.66719514746 3.14017 0.0946201
2.67309090101 3.14704 0.0787947
2.67973176445 3.153 0.0826578
2.68646693102 3.15092 0.0899867
2.69219835647 3.13987 0.0939389
2.69796467721 3.13749 0.097472
2.70489193937 3.16971 0.103888
2.71182026315 3.17216 0.118444
2.71709790339 3.17036 0.15674
2.7227864466 3.16523 0.139951
2.72994784687 3.16268 0.122572
2.73706528781 3.16837 0.183103
2.74248820391 3.17239 0.27782
2.74787331837 3.16718 0.204662
2.75504313834 3.19366 0.266388
2.76219934437 3.18384 0.332354
2.76789278819 3.22234 0.689899
2.77283198247 3.25259 0.632036
2.77965581172 3.05844 1.62098
2.78599582346 -13.0633 169.685
