0.0088996412247 2.08793 0.105075
0.0150791221651 2.08924 0.0669862
0.0214479018646 2.09472 0.0424021
0.0278366077649 2.09326 0.0347787
0.034350997858 2.09406 0.0287517
0.0404788676143 2.09572 0.0327523
0.0467671668358 2.09584 0.0292836
0.0530822510177 2.09344 0.0255063
0.0594536244094 2.0902 0.0221095
0.0657622481459 2.08945 0.0213094
0.071966329067 2.09459 0.0208595
0.0782786091569 2.09718 0.0199547
0.0847039894583 2.09535 0.0199125
0.0909685462053 2.09731 0.0213211
0.0972078977683 2.10001 0.0220912
0.103476303896 2.09872 0.0183802
0.109757644425 2.1005 0.0199441
0.116054308478 2.10333 0.0174143
0.122366966654 2.10296 0.0195626
0.128681726309 2.09819 0.0173611
0.134950080166 2.09748 0.018682
0.141194955884 2.09743 0.0168941
0.147513357575 2.09856 0.01772
0.153786507425 2.10125 0.0161575
0.160065754405 2.09684 0.0166718
0.166399116869 2.09782 0.0172756
0.172719564578 2.09556 0.0144519
0.178976521338 2.09525 0.0171001
0.185235369065 2.0924 0.0166814
0.191480678734 2.08714 0.0164971
0.197788986865 2.08733 0.0160223
0.204093773545 2.08276 0.016562
0.210393930261 2.08339 0.0147268
0.216690970982 2.08035 0.0179065
0.222970028122 2.07506 0.0181269
0.229262002709 2.07363 0.0170465
0.235514150837 2.06842 0.0131995
0.241791058382 2.06725 0.0149722
0.248085653944 2.05989 0.0168783
0.254349225687 2.05419 0.0175875
0.260633425188 2.05164 0.0152117
0.26692573709 2.04764 0.0141614
0.273242334314 2.04284 0.0142171
0.279552968008 2.03715 0.0150955
0.285836629231 2.03098 0.016579
0.292087627139 2.02845 0.0177436
0.298344984444 2.02271 0.0158467
0.304638263941 2.01294 0.0151001
0.3109279127 2.01109 0.0147489
0.317216817162 2.00317 0.0157973
0.323518756794 1.99788 0.016332
0.329816821755 1.99227 0.0157501
0.336117642946 1.9861 0.0160794
0.342370037571 1.98041 0.0164731
0.348647819267 1.97015 0.015629
0.354941161441 1.96644 0.0151206
0.361191693542 1.9583 0.0158532
0.367476708956 1.95293 0.014997
0.373764779528 1.94802 0.0151556
0.380065403148 1.93838 0.0150668
0.386353986126 1.93367 0.0152362
0.392614018136 1.92473 0.0143464
0.398926450032 1.9222 0.0150663
0.405207324458 1.91317 0.0141452
0.411491647757 1.90657 0.0148101
0.417781427212 1.90001 0.0170522
0.424040064873 1.89231 0.0145812
0.430342569027 1.88597 0.0169823
0.436635856026 1.87998 0.0139639
0.442899618322 1.87342 0.0146136
0.449163441853 1.86697 0.0154731
0.455441414625 1.85891 0.0144357
0.46176344703 1.85276 0.0136698
0.468064424202 1.84448 0.0150063
0.474348524276 1.83869 0.0138283
0.480635613682 1.83191 0.0147478
0.486901925839 1.82654 0.0155665
0.49316970996 1.81798 0.0157488
0.499450674714 1.81318 0.0151261
0.505715905134 1.80474 0.0151455
0.511992399627 1.80061 0.0140699
0.518312609777 1.79329 0.0147052
0.524608963803 1.78725 0.0140392
0.530875730848 1.78392 0.014404
0.537157352795 1.77726 0.0136672
0.543457956378 1.7715 0.0145864
0.549743065239 1.76463 0.0135663
0.55599374275 1.75903 0.0145491
0.562285467661 1.75474 0.0138199
0.568601153723 1.74727 0.0127296
0.574880458942 1.741 0.0140865
0.581155021034 1.73675 0.0136845
0.587439449666 1.7317 0.0147228
0.59371762203 1.72609 0.0129132
0.599997195479 1.72293 0.0132113
0.606267911512 1.71797 0.0136286
0.612546957644 1.7112 0.0131647
0.618847773304 1.70788 0.0143658
0.625131056744 1.70141 0.0132838
0.631402745038 1.69943 0.0144605
0.637700356273 1.69439 0.0138329
0.643985778331 1.69044 0.012508
0.650268541717 1.68529 0.012081
0.65655861177 1.68318 0.0130703
0.662836928236 1.67772 0.0129459
0.669118544496 1.67414 0.0129986
0.675407019858 1.6715 0.0126061
0.681683551459 1.66683 0.0133479
0.687959253386 1.66408 0.0132684
0.694234431704 1.65887 0.0127469
0.700517540243 1.65619 0.0128418
0.706812495661 1.65312 0.0120521
0.713101900967 1.65059 0.0130759
0.719391825117 1.64742 0.0132382
0.72568338076 1.64492 0.0126455
0.731965268271 1.64261 0.0148394
0.738250799048 1.64156 0.0130247
0.744526584212 1.63799 0.0121431
0.750787110194 1.63629 0.012486
0.757075846532 1.63331 0.012998
0.76336412336 1.63219 0.012739
0.769646295986 1.63193 0.0134888
0.775939486518 1.63033 0.0140906
0.782232914199 1.62929 0.0131859
0.788531493652 1.62617 0.0123606
0.794789656698 1.62544 0.0128265
0.801049109659 1.62593 0.0117843
0.807336406173 1.62513 0.0116836
0.813622948837 1.62352 0.0113712
0.819915299896 1.62278 0.0116094
0.826195263639 1.62284 0.011805
0.832489707008 1.62178 0.0133701
0.838795930921 1.62237 0.0118167
0.84506346397 1.62104 0.0127856
0.851328286756 1.62098 0.0118927
0.85761982639 1.62093 0.0120618
0.863905847706 1.62063 0.01315
0.870183874549 1.62277 0.0114381
0.876464109608 1.62277 0.0123307
0.88275038734 1.62188 0.0115371
0.889033276839 1.62397 0.0126465
0.895308424711 1.62454 0.0113878
0.901595652167 1.6257 0.0114935
0.907883332809 1.6267 0.011463
0.914174410632 1.62844 0.0129045
0.920463081772 1.62892 0.0115248
0.926743441526 1.63067 0.0116704
0.933032419735 1.63111 0.0113088
0.939326578557 1.63366 0.012021
0.94559748104 1.63467 0.0117809
0.951866001855 1.63748 0.0111342
0.958141325553 1.6375 0.0116859
0.964435094511 1.64182 0.0118006
0.970735563357 1.64321 0.0119649
0.977008076845 1.64543 0.011562
0.983282332536 1.6472 0.0118342
0.989556969197 1.65045 0.0113074
0.995845630192 1.65322 0.0121517
1.00213621074 1.65587 0.0115237
1.00840482534 1.65803 0.0115002
1.01469414984 1.66088 0.0110576
1.02099255544 1.66463 0.0118086
1.02727398044 1.66702 0.0123986
1.0335591819 1.67027 0.0113295
1.03984755739 1.67346 0.0125142
1.04612697494 1.67679 0.012396
1.05240343681 1.68054 0.0117851
1.05868070465 1.68414 0.0119295
1.06496433307 1.68717 0.011397
1.07125677744 1.68998 0.0107256
1.0775440488 1.69423 0.0112883
1.08382482019 1.69809 0.0112658
1.09010802394 1.70198 0.0113789
1.09638966596 1.7071 0.0112738
1.10268113206 1.70995 0.0124161
1.10896304759 1.71485 0.0126565
1.11522542846 1.71886 0.0119953
1.12150212761 1.72273 0.0123581
1.12779257382 1.72741 0.0119944
1.13408955267 1.73155 0.0121086
1.14036404965 1.73637 0.0116886
1.14663918032 1.74081 0.0111109
1.15294241299 1.74623 0.0110193
1.15922890675 1.74961 0.0109166
1.16550872189 1.75529 0.00971384
1.17179307626 1.7603 0.0116341
1.17808743637 1.76548 0.0107213
1.18436765425 1.76906 0.0104433
1.1906346423 1.77459 0.0109356
1.19691220883 1.78089 0.011332
1.20320157735 1.78531 0.0107262
1.20948684444 1.79072 0.0112839
1.21576390207 1.79607 0.0102817
1.22204975517 1.80187 0.0108425
1.22834061662 1.80668 0.0109552
1.23463298658 1.81168 0.0119428
1.24090224718 1.81778 0.0109391
1.24717483914 1.82435 0.0107731
1.25346545993 1.82926 0.0105715
1.25974995189 1.83535 0.0113227
1.26603214313 1.84018 0.0104908
1.27231628847 1.8462 0.0104268
1.27860415506 1.85201 0.0109655
1.28488658893 1.85825 0.0112852
1.29117542007 1.86365 0.0111419
1.29746572637 1.87005 0.00993529
1.30374182701 1.87631 0.0117478
1.31001732292 1.88218 0.010812
1.31630144766 1.88726 0.0113821
1.32258676036 1.89412 0.0108121
1.32886549245 1.90078 0.010353
1.33514480495 1.90748 0.0102806
1.34144051627 1.91226 0.0110164
1.34773086842 1.92048 0.0113048
1.35400158999 1.92625 0.0108127
1.3602826093 1.93275 0.0109312
1.36656568646 1.93872 0.0116213
1.37285149848 1.9463 0.0113062
1.37913537293 1.95207 0.0111611
1.38540956715 1.95807 0.0100709
1.39169864122 1.96453 0.0114893
1.39798445144 1.97057 0.0115594
1.40426788341 1.97759 0.0106086
1.41055477948 1.9848 0.010729
1.41683783355 1.99021 0.0105012
1.42311817719 1.99717 0.0101969
1.42939780116 2.00375 0.0104438
1.43568692182 2.01161 0.0107933
1.44197712177 2.01797 0.0111435
1.44825366785 2.02371 0.0112136
1.45453234897 2.03078 0.0113723
1.46081931915 2.03713 0.0111145
1.4671103644 2.04348 0.0103473
1.47339290895 2.05001 0.0116974
1.47966996524 2.05828 0.0112927
1.4859561446 2.06413 0.0109413
1.49223361076 2.07075 0.0106054
1.49850247038 2.07747 0.0111957
1.50478575205 2.083 0.0111899
1.51107599189 2.08937 0.0100526
1.51736163499 2.09594 0.0103068
1.52364857097 2.10344 0.0104906
1.52993803572 2.10834 0.0117888
1.53623017691 2.11671 0.0108829
1.54251071878 2.12194 0.0105153
1.54878396308 2.12776 0.0115563
1.55507306978 2.1349 0.0116298
1.56135732493 2.14055 0.0112719
1.56762912105 2.14642 0.0111045
1.5739136974 2.15307 0.0106523
1.58020354523 2.1583 0.0123938
1.58648539343 2.16477 0.011088
1.59276001426 2.16971 0.0118928
1.59904643639 2.17551 0.0117514
1.60534213664 2.18185 0.011899
1.61161976836 2.18519 0.0124954
1.61789716835 2.19535 0.0116689
1.62418270854 2.20276 0.0109978
1.63046407995 2.21107 0.0103935
1.63674824683 2.21784 0.0119897
1.64303013827 2.22502 0.0113432
1.64930808063 2.23348 0.0114481
1.65559224863 2.24161 0.0111235
1.66187827598 2.248 0.0112514
1.66816823994 2.25588 0.011465
1.6744495611 2.26276 0.0116409
1.68072138563 2.27115 0.0118082
1.68701215424 2.27867 0.011705
1.6933074808 2.28448 0.0130044
1.69958064303 2.293 0.0121012
1.70586179344 2.29954 0.0114963
1.71215172419 2.30803 0.0121703
1.71843538617 2.31491 0.0119631
1.72471844694 2.3232 0.0115954
1.73099491844 2.33038 0.0117841
1.73728636032 2.33784 0.0124204
1.74356630258 2.34551 0.0128845
1.74983600778 2.35345 0.0127797
1.75612327869 2.36127 0.0126814
1.76241061606 2.36911 0.0118424
1.76869357896 2.37582 0.0113334
1.77497674839 2.38334 0.0119416
1.78126362161 2.39034 0.0117123
1.78754574761 2.399 0.013047
1.7938272923 2.40646 0.0123868
1.80010772174 2.414 0.0122519
1.80639091391 2.42236 0.0120938
1.81267451427 2.42983 0.0119201
1.81895363524 2.43705 0.0122683
1.82523850291 2.44518 0.0119995
1.8315236862 2.4532 0.0128373
1.83781040898 2.46058 0.0122686
1.84409642612 2.46792 0.0117685
1.8503769215 2.47559 0.0119273
1.85666074594 2.48474 0.0128485
1.86294359809 2.49199 0.0113407
1.86922204917 2.50015 0.0131793
1.87550781357 2.50715 0.013209
1.88179499507 2.51538 0.0118214
1.88807781314 2.52268 0.0135477
1.89435244502 2.53054 0.0138558
1.90063796885 2.53927 0.0129109
1.90692833723 2.54657 0.0129076
1.91320221586 2.55412 0.0129005
1.91948223445 2.56213 0.0136255
1.92577010575 2.57162 0.0132917
1.93206491035 2.57914 0.0131649
1.93834071151 2.58748 0.013174
1.94460828613 2.59426 0.0132484
1.9508968614 2.60292 0.0131566
1.95718811973 2.61075 0.0135607
1.96347509207 2.61725 0.0132379
1.9697553281 2.62667 0.0137048
1.9760413775 2.63469 0.0140689
1.98233260336 2.64178 0.0146468
1.98861171931 2.65103 0.0145105
1.99488792869 2.6573 0.0140553
2.00117304134 2.66515 0.0145013
2.00745262249 2.67201 0.0149718
2.01372721862 2.68204 0.0154711
2.02001108039 2.69154 0.0143679
2.02630405283 2.69772 0.014963
2.03258735828 2.70538 0.0145337
2.03886100377 2.71185 0.0139705
2.04514489951 2.71966 0.0161304
2.05143683626 2.72843 0.0145775
2.05772382203 2.73686 0.014233
2.0640044634 2.74369 0.0153776
2.07029278421 2.75053 0.0171612
2.07658471853 2.75809 0.0155849
2.08285424307 2.7665 0.0153589
2.08912259138 2.77565 0.0166394
2.09541730178 2.78208 0.0161359
2.10170304464 2.78768 0.0161751
2.10797273337 2.79747 0.0167991
2.11425579676 2.80479 0.0162694
2.12053788985 2.8126 0.0177875
2.12682075079 2.81733 0.015713
2.13310670204 2.82443 0.0165581
2.13940011923 2.83399 0.0185068
2.14568939859 2.84079 0.0170085
2.15195789682 2.84613 0.0176532
2.15824033347 2.85467 0.0184797
2.16453048092 2.8624 0.0177321
2.17081716829 2.86999 0.0171639
2.17709912993 2.87437 0.0182719
2.18337674027 2.88258 0.0181275
2.18965452646 2.88886 0.0176456
2.19593814184 2.89541 0.0181288
2.20221722867 2.9027 0.0178525
2.20849850085 2.90954 0.0178691
2.21479372465 2.91785 0.0173652
2.22107581834 2.92435 0.0176154
2.22733812199 2.93058 0.0187442
2.23362792264 2.9382 0.017959
2.2399287897 2.94675 0.0182507
2.24620084223 2.95423 0.0217441
2.2524810722 2.96311 0.0196703
2.25875993301 2.97077 0.0184642
2.26503776668 2.97801 0.0192088
2.27130391144 2.98886 0.020549
2.27758972822 2.99609 0.0191957
2.28389830542 3.0074 0.0191613
2.29017001225 3.01591 0.0220938
2.29645357402 3.02279 0.0223208
2.30275372852 3.0356 0.0232215
2.30903325986 3.04452 0.0222204
2.31530674049 3.04914 0.0229455
2.32158490306 3.06267 0.0215304
2.3278758488 3.0696 0.0232868
2.33415543799 3.0783 0.0223578
2.34041936871 3.08454 0.0251708
2.34670710068 3.09416 0.0250162
2.3530032916 3.10056 0.0256426
2.35928989445 3.10992 0.0248691
2.36555387699 3.12179 0.0263691
2.37182578571 3.12542 0.02675
2.3781409032 3.13099 0.029706
2.38442809259 3.14023 0.0278362
2.39069258243 3.14819 0.0279249
2.39698813839 3.15769 0.0312891
2.40330354843 3.16641 0.029152
2.40957307365 3.17628 0.0289928
2.41583080138 3.18307 0.0334602
2.42214385676 3.1969 0.0291729
2.42843005755 3.19834 0.03255
2.43467776878 3.20448 0.0299729
2.44097021258 3.21599 0.0329624
2.44729898127 3.22499 0.0292195
2.45356911846 3.23056 0.0327564
2.45980003814 3.23812 0.0323321
2.4661092349 3.24424 0.0340416
2.47241430729 3.25406 0.0350076
2.47866355169 3.26143 0.0352881
2.48493431628 3.26513 0.0312056
2.49124283111 3.28055 0.0358864
2.49755537626 3.2824 0.0394987
2.50380379021 3.28732 0.0373727
2.51005045336 3.29513 0.0401667
2.51638815336 3.30818 0.0397132
2.52269694929 3.3161 0.039128
2.52891211798 3.31775 0.0421056
2.53519495098 3.33361 0.0403744
2.54155301509 3.33479 0.0409473
2.54783359884 3.3401 0.042637
2.55402772623 3.34257 0.0461707
2.56033571996 3.35659 0.0452883
2.56672381747 3.36562 0.0501954
2.57294751341 3.36878 0.0483914
2.57911252531 3.37257 0.0504627
2.58547549612 3.37381 0.0454137
2.59185019505 3.38909 0.0520954
2.59805932148 3.3902 0.0526773
2.60429715989 3.38898 0.0508007
2.61067449751 3.40502 0.0541853
2.61693283418 3.41388 0.0625821
2.62300854502 3.40901 0.0684302
2.62939753095 3.41469 0.0613778
2.63591057571 3.41966 0.0708152
2.64202978624 3.43406 0.0689595
2.64803951219 3.42773 0.0728092
2.65454096229 3.4316 0.0657129
2.66118028258 3.44703 0.0747393
2.66719514746 3.44715 0.0951915
2.67309090101 3.46337 0.0756334
2.67973176445 3.46131 0.0919978
2.68646693102 3.45151 0.096048
2.69219835647 3.45005 0.110138
2.69796467721 3.45226 0.113739
2.70489193937 3.47956 0.110635
2.71182026315 3.48865 0.125815
2.71709790339 3.4692 0.16135
2.7227864466 3.4797 0.145568
2.72994784687 3.47181 0.146978
2.73706528781 3.49763 0.182282
2.74248820391 3.48758 0.2817
2.74787331837 3.47652 0.249918
2.75504313834 3.51391 0.26898
2.76219934437 3.45258 0.352681
2.76789278819 3.53101 0.706479
2.77283198247 3.51069 0.60464
2.77965581172 3.35224 1.52221
2.78599582346 102.888 3684.52
