0.0088996412247 5.25326 0.267679
0.0150791221651 5.18846 0.1652
0.0214479018646 5.01825 0.100584
0.0278366077649 4.86448 0.0818121
0.034350997858 4.6451 0.084455
0.0404788676143 4.4098 0.0709318
0.0467671668358 4.16536 0.0601105
0.0530822510177 3.90403 0.0615181
0.0594536244094 3.62968 0.0530759
0.0657622481459 3.36944 0.0435833
0.071966329067 3.13019 0.0424005
0.0782786091569 2.90248 0.0404761
0.0847039894583 2.68117 0.0332631
0.0909685462053 2.50611 0.0383494
0.0972078977683 2.35541 0.0367558
0.103476303896 2.20697 0.0273725
0.109757644425 2.08665 0.0287908
0.116054308478 1.98269 0.0251846
0.122366966654 1.89281 0.0281678
0.128681726309 1.82347 0.0237673
0.134950080166 1.77287 0.0250448
0.141194955884 1.7428 0.0230689
0.147513357575 1.72641 0.0203115
0.153786507425 1.7146 0.0208004
0.160065754405 1.70312 0.0241981
0.166399116869 1.69974 0.0194225
0.172719564578 1.69088 0.0175634
0.178976521338 1.68544 0.0167599
0.185235369065 1.68012 0.020296
0.191480678734 1.67776 0.018261
0.197788986865 1.67792 0.0180328
0.204093773545 1.67861 0.0156936
0.210393930261 1.6762 0.0174991
0.216690970982 1.67861 0.0173326
0.222970028122 1.67627 0.0170322
0.229262002709 1.67142 0.0180868
0.235514150837 1.66588 0.0155508
0.241791058382 1.66331 0.0156385
0.248085653944 1.66221 0.0164477
0.254349225687 1.65255 0.0168845
0.260633425188 1.64995 0.0156703
0.26692573709 1.64545 0.0140444
0.273242334314 1.6425 0.015385
0.279552968008 1.6386 0.0153117
0.285836629231 1.63393 0.0157503
0.292087627139 1.62992 0.01538
0.298344984444 1.626 0.0160602
0.304638263941 1.619 0.0147459
0.3109279127 1.6171 0.0147488
0.317216817162 1.6091 0.0149233
0.323518756794 1.60607 0.0162684
0.329816821755 1.60377 0.0130641
0.336117642946 1.59924 0.0154986
0.342370037571 1.5958 0.013849
0.348647819267 1.58867 0.0142555
0.354941161441 1.58635 0.0153497
0.361191693542 1.58181 0.0125144
0.367476708956 1.57865 0.0146137
0.373764779528 1.57425 0.0140938
0.380065403148 1.56999 0.0149905
0.386353986126 1.56733 0.0127819
0.392614018136 1.56288 0.0123415
0.398926450032 1.56344 0.0139671
0.405207324458 1.55661 0.0117639
0.411491647757 1.55628 0.0135787
0.417781427212 1.55087 0.013883
0.424040064873 1.54861 0.015013
0.430342569027 1.54471 0.0145115
0.436635856026 1.54221 0.0140006
0.442899618322 1.53924 0.0126877
0.449163441853 1.53652 0.013261
0.455441414625 1.53274 0.0141304
0.46176344703 1.53152 0.0135794
0.468064424202 1.5284 0.0154481
0.474348524276 1.52558 0.0129601
0.480635613682 1.5237 0.0126098
0.486901925839 1.52239 0.013806
0.49316970996 1.52001 0.0145118
0.499450674714 1.51895 0.0128413
0.505715905134 1.51492 0.0135492
0.511992399627 1.51561 0.0126823
0.518312609777 1.51207 0.0132603
0.524608963803 1.50955 0.0129251
0.530875730848 1.51042 0.0124739
0.537157352795 1.50748 0.0131613
0.543457956378 1.5069 0.0125226
0.549743065239 1.50472 0.0112995
0.55599374275 1.50379 0.0119697
0.562285467661 1.50338 0.0112188
0.568601153723 1.50054 0.0106766
0.574880458942 1.49986 0.0127119
0.581155021034 1.49968 0.0111661
0.587439449666 1.49796 0.0124899
0.59371762203 1.49719 0.0123929
0.599997195479 1.49797 0.0124167
0.606267911512 1.49677 0.0122191
0.612546957644 1.49466 0.0112671
0.618847773304 1.49516 0.0131854
0.625131056744 1.4948 0.012538
0.631402745038 1.49456 0.0122067
0.637700356273 1.4939 0.0124246
0.643985778331 1.49434 0.0122222
0.650268541717 1.49351 0.0125544
0.65655861177 1.49403 0.0120396
0.662836928236 1.49387 0.0119671
0.669118544496 1.49428 0.0129742
0.675407019858 1.49434 0.011922
0.681683551459 1.49406 0.0126127
0.687959253386 1.49461 0.0121283
0.694234431704 1.49611 0.012043
0.700517540243 1.49595 0.0119431
0.706812495661 1.49586 0.0123678
0.713101900967 1.49723 0.0123045
0.719391825117 1.49698 0.0125275
0.72568338076 1.49741 0.012711
0.731965268271 1.49864 0.0139357
0.738250799048 1.50062 0.0133632
0.744526584212 1.50002 0.0107797
0.750787110194 1.50192 0.0120802
0.757075846532 1.50261 0.0119672
0.76336412336 1.50524 0.011392
0.769646295986 1.50669 0.0117515
0.775939486518 1.50811 0.0129134
0.782232914199 1.5098 0.0127078
0.788531493652 1.51088 0.0125442
0.794789656698 1.51097 0.0117945
0.801049109659 1.51413 0.0113598
0.807336406173 1.51646 0.0126402
0.813622948837 1.51769 0.0115165
0.819915299896 1.5194 0.0113753
0.826195263639 1.52217 0.0126273
0.832489707008 1.5247 0.0120853
0.838795930921 1.52649 0.0117474
0.84506346397 1.52714 0.0121848
0.851328286756 1.52863 0.011454
0.85761982639 1.53178 0.0116597
0.863905847706 1.53339 0.0117743
0.870183874549 1.53563 0.0114017
0.876464109608 1.53868 0.0119493
0.88275038734 1.5418 0.011543
0.889033276839 1.5439 0.0126209
0.895308424711 1.54611 0.0114529
0.901595652167 1.548 0.0120755
0.907883332809 1.55173 0.0111264
0.914174410632 1.55445 0.01154
0.920463081772 1.55668 0.0104536
0.926743441526 1.56041 0.011514
0.933032419735 1.5619 0.0106747
0.939326578557 1.56604 0.0117407
0.94559748104 1.56852 0.0114922
0.951866001855 1.57187 0.0120825
0.958141325553 1.57293 0.0115079
0.964435094511 1.57949 0.0114331
0.970735563357 1.58142 0.011555
0.977008076845 1.58484 0.0120977
0.983282332536 1.58767 0.0115542
0.989556969197 1.59164 0.0112934
0.995845630192 1.59608 0.0116518
1.00213621074 1.59804 0.0108501
1.00840482534 1.60251 0.011402
1.01469414984 1.60503 0.0118235
1.02099255544 1.60954 0.0116475
1.02727398044 1.61354 0.0123202
1.0335591819 1.61727 0.0112877
1.03984755739 1.62173 0.0124075
1.04612697494 1.62511 0.0111119
1.05240343681 1.62824 0.0110616
1.05868070465 1.63247 0.0112748
1.06496433307 1.63641 0.0113263
1.07125677744 1.64065 0.0107963
1.0775440488 1.64494 0.0111334
1.08382482019 1.6485 0.0118533
1.09010802394 1.65391 0.0111199
1.09638966596 1.6573 0.0103537
1.10268113206 1.66115 0.0108902
1.10896304759 1.66608 0.0115507
1.11522542846 1.67002 0.0104192
1.12150212761 1.67518 0.0123467
1.12779257382 1.67929 0.0118215
1.13408955267 1.68459 0.0113516
1.14036404965 1.68868 0.0105872
1.14663918032 1.69247 0.0110194
1.15294241299 1.69782 0.010839
1.15922890675 1.7019 0.0115748
1.16550872189 1.70737 0.010688
1.17179307626 1.71114 0.011773
1.17808743637 1.71715 0.0108697
1.18436765425 1.72097 0.0111085
1.1906346423 1.72597 0.0105839
1.19691220883 1.73181 0.0103879
1.20320157735 1.73607 0.0115416
1.20948684444 1.74112 0.0109575
1.21576390207 1.74709 0.0107624
1.22204975517 1.75121 0.011649
1.22834061662 1.75616 0.0107915
1.23463298658 1.76138 0.0116934
1.24090224718 1.76735 0.011306
1.24717483914 1.7723 0.0103333
1.25346545993 1.77835 0.0109807
1.25974995189 1.78331 0.0115962
1.26603214313 1.78769 0.0104228
1.27231628847 1.79338 0.0115791
1.27860415506 1.79952 0.0106676
1.28488658893 1.80432 0.0114899
1.29117542007 1.81013 0.0111879
1.29746572637 1.81514 0.0102439
1.30374182701 1.82072 0.0117025
1.31001732292 1.82626 0.0105221
1.31630144766 1.83183 0.0114839
1.32258676036 1.83756 0.0103964
1.32886549245 1.84315 0.0101115
1.33514480495 1.84992 0.0102769
1.34144051627 1.85403 0.0116847
1.34773086842 1.8613 0.0114594
1.35400158999 1.86641 0.010281
1.3602826093 1.87261 0.0111786
1.36656568646 1.87801 0.0115425
1.37285149848 1.88382 0.0113135
1.37913537293 1.89005 0.0112118
1.38540956715 1.89547 0.0105513
1.39169864122 1.9015 0.0110059
1.39798445144 1.90728 0.0110798
1.40426788341 1.91326 0.0102626
1.41055477948 1.91931 0.0105185
1.41683783355 1.92367 0.0106882
1.42311817719 1.9307 0.0124555
1.42939780116 1.93612 0.0103445
1.43568692182 1.94279 0.0120694
1.44197712177 1.94802 0.010785
1.44825366785 1.9544 0.0112631
1.45453234897 1.95996 0.0112933
1.46081931915 1.96597 0.0108104
1.4671103644 1.97193 0.0110261
1.47339290895 1.9774 0.0113618
1.47966996524 1.98393 0.0112592
1.4859561446 1.9901 0.0109129
1.49223361076 1.99506 0.0107438
1.49850247038 2.00137 0.0116554
1.50478575205 2.00607 0.0114563
1.51107599189 2.01259 0.0106477
1.51736163499 2.01709 0.0110089
1.52364857097 2.02403 0.0111117
1.52993803572 2.02928 0.0125249
1.53623017691 2.03548 0.0106394
1.54251071878 2.04107 0.0110258
1.54878396308 2.04645 0.0120564
1.55507306978 2.05137 0.0127162
1.56135732493 2.05722 0.0109834
1.56762912105 2.06182 0.0109882
1.5739136974 2.06848 0.0113814
1.58020354523 2.07257 0.01255
1.58648539343 2.07783 0.0114993
1.59276001426 2.08255 0.0121651
1.59904643639 2.08808 0.0118514
1.60534213664 2.09271 0.0123684
1.61161976836 2.09875 0.0115491
1.61789716835 2.10458 0.0115485
1.62418270854 2.11159 0.0112772
1.63046407995 2.11856 0.0105361
1.63674824683 2.12491 0.0118797
1.64303013827 2.13131 0.011701
1.64930808063 2.13829 0.0112431
1.65559224863 2.14603 0.0119606
1.66187827598 2.15195 0.0118162
1.66816823994 2.15772 0.0109289
1.6744495611 2.16499 0.010998
1.68072138563 2.1713 0.0108688
1.68701215424 2.17897 0.0124252
1.6933074808 2.18355 0.0125225
1.69958064303 2.19116 0.0113633
1.70586179344 2.19748 0.012323
1.71215172419 2.20429 0.012825
1.71843538617 2.21054 0.0123107
1.72471844694 2.21715 0.0123466
1.73099491844 2.22356 0.0115681
1.73728636032 2.23037 0.0124307
1.74356630258 2.23666 0.0122338
1.74983600778 2.24379 0.012026
1.75612327869 2.25044 0.0115278
1.76241061606 2.25744 0.0123808
1.76869357896 2.26266 0.0124282
1.77497674839 2.26924 0.0121484
1.78126362161 2.27628 0.0120954
1.78754574761 2.28205 0.012702
1.7938272923 2.28979 0.0121529
1.80010772174 2.29713 0.0118915
1.80639091391 2.30274 0.0119262
1.81267451427 2.30969 0.0123
1.81895363524 2.31677 0.0131146
1.82523850291 2.3227 0.01257
1.8315236862 2.32976 0.0124866
1.83781040898 2.33663 0.011294
1.84409642612 2.34267 0.0121154
1.8503769215 2.34924 0.0133433
1.85666074594 2.35632 0.0129201
1.86294359809 2.36235 0.0121505
1.86922204917 2.36837 0.0121136
1.87550781357 2.37613 0.0135634
1.88179499507 2.38281 0.0130046
1.88807781314 2.38894 0.0130493
1.89435244502 2.39543 0.0125779
1.90063796885 2.40194 0.0118821
1.90692833723 2.40808 0.0140294
1.91320221586 2.41499 0.0133695
1.91948223445 2.42189 0.0132637
1.92577010575 2.42952 0.0137
1.93206491035 2.43525 0.0138887
1.93834071151 2.44267 0.012317
1.94460828613 2.44756 0.0143933
1.9508968614 2.45444 0.0140548
1.95718811973 2.46244 0.013384
1.96347509207 2.46811 0.0137071
1.9697553281 2.47532 0.0144767
1.9760413775 2.48166 0.0143763
1.98233260336 2.48834 0.0135959
1.98861171931 2.49451 0.0141908
1.99488792869 2.50233 0.0158057
2.00117304134 2.50656 0.0143256
2.00745262249 2.51295 0.0159937
2.01372721862 2.52113 0.0152536
2.02001108039 2.52935 0.0155527
2.02630405283 2.53385 0.0160224
2.03258735828 2.54026 0.0141151
2.03886100377 2.54606 0.0147917
2.04514489951 2.55277 0.0149446
2.05143683626 2.55971 0.015811
2.05772382203 2.56576 0.0149245
2.0640044634 2.57017 0.0156238
2.07029278421 2.57663 0.0157231
2.07658471853 2.58185 0.0168287
2.08285424307 2.59041 0.0157351
2.08912259138 2.59554 0.0170073
2.09541730178 2.60263 0.0169335
2.10170304464 2.60685 0.0172722
2.10797273337 2.61455 0.0165261
2.11425579676 2.62013 0.0168122
2.12053788985 2.62664 0.0182435
2.12682075079 2.63068 0.0172583
2.13310670204 2.63765 0.0174894
2.13940011923 2.6451 0.018009
2.14568939859 2.65007 0.0173058
2.15195789682 2.65513 0.0187038
2.15824033347 2.65999 0.0167581
2.16453048092 2.66746 0.0182591
2.17081716829 2.67022 0.0181102
2.17709912993 2.67793 0.0190296
2.18337674027 2.6841 0.0172066
2.18965452646 2.68817 0.0182025
2.19593814184 2.69366 0.0184283
2.20221722867 2.69892 0.019831
2.20849850085 2.70691 0.0205677
2.21479372465 2.71171 0.0209272
2.22107581834 2.71787 0.0190908
2.22733812199 2.71996 0.0195111
2.23362792264 2.72769 0.0179814
2.2399287897 2.7342 0.0204681
2.24620084223 2.7399 0.0196421
2.2524810722 2.7466 0.0204768
2.25875993301 2.75233 0.0210141
2.26503776668 2.75887 0.0192951
2.27130391144 2.76759 0.0194746
2.27758972822 2.77597 0.020854
2.28389830542 2.78221 0.0221706
2.29017001225 2.78851 0.0230746
2.29645357402 2.79471 0.02101
2.30275372852 2.80304 0.0239337
2.30903325986 2.81231 0.0240748
2.31530674049 2.81808 0.0232498
2.32158490306 2.82615 0.0247058
2.3278758488 2.83158 0.0237975
2.33415543799 2.83743 0.0218226
2.34041936871 2.84176 0.0264946
2.34670710068 2.85072 0.0254736
2.3530032916 2.85669 0.0250334
2.35928989445 2.86422 0.0243521
2.36555387699 2.87005 0.0275495
2.37182578571 2.8746 0.0263257
2.3781409032 2.87918 0.0276174
2.38442809259 2.88789 0.0269577
2.39069258243 2.89155 0.0301859
2.39698813839 2.89668 0.028066
2.40330354843 2.90547 0.0254895
2.40957307365 2.91317 0.0314523
2.41583080138 2.91693 0.0321816
2.42214385676 2.92852 0.0295839
2.42843005755 2.9288 0.0339183
2.43467776878 2.93287 0.0313745
2.44097021258 2.94595 0.0333332
2.44729898127 2.95025 0.0319287
2.45356911846 2.95426 0.0358115
2.45980003814 2.96021 0.0331744
2.4661092349 2.96468 0.0334127
2.47241430729 2.9676 0.0349923
2.47866355169 2.98072 0.0377049
2.48493431628 2.98034 0.031287
2.49124283111 2.99349 0.0361126
2.49755537626 2.98924 0.037173
2.50380379021 2.99774 0.0339832
2.51005045336 3.00229 0.0376246
2.51638815336 3.00637 0.0410601
2.52269694929 3.01507 0.0387166
2.52891211798 3.01575 0.0451412
2.53519495098 3.02922 0.0464097
2.54155301509 3.036 0.0437931
2.54783359884 3.0373 0.0437313
2.55402772623 3.04169 0.0478383
2.56033571996 3.0491 0.0447508
2.56672381747 3.0609 0.045618
2.57294751341 3.05144 0.0524449
2.57911252531 3.0657 0.0525206
2.58547549612 3.06201 0.0450531
2.59185019505 3.06868 0.0466758
2.59805932148 3.0747 0.059561
2.60429715989 3.07345 0.0506026
2.61067449751 3.08497 0.0564565
2.61693283418 3.08616 0.0649124
2.62300854502 3.09351 0.0628205
2.62939753095 3.08759 0.0542351
2.63591057571 3.09368 0.0695777
2.64202978624 3.10351 0.0678338
2.64803951219 3.10232 0.072762
2.65454096229 3.10499 0.0715069
2.66118028258 3.11199 0.0757807
2.66719514746 3.12351 0.0944822
2.67309090101 3.1252 0.0726985
2.67973176445 3.12196 0.0983183
2.68646693102 3.12803 0.0867175
2.69219835647 3.11957 0.110125
2.69796467721 3.12282 0.10759
2.70489193937 3.12595 0.106983
2.71182026315 3.15731 0.0956497
2.71709790339 3.13429 0.163843
2.7227864466 3.12873 0.136025
2.72994784687 3.13902 0.155035
2.73706528781 3.12624 0.197284
2.74248820391 3.13002 0.286329
2.74787331837 3.0876 0.221583
2.75504313834 3.14799 0.272869
2.76219934437 3.10859 0.358081
2.76789278819 3.19607 0.639433
2.77283198247 3.14686 0.695072
2.77965581172 3.21653 1.37637
2.78599582346 -28.4992 256.395
