0.0088996412247 0.805159 0.124338
0.0150791221651 0.80629 0.0692284
0.0214479018646 0.811891 0.0453551
0.0278366077649 0.820689 0.0430909
0.034350997858 0.82802 0.0341349
0.0404788676143 0.825508 0.0302949
0.0467671668358 0.827344 0.0267867
0.0530822510177 0.832586 0.0252854
0.0594536244094 0.834483 0.0238277
0.0657622481459 0.837398 0.0220004
0.071966329067 0.838638 0.0210012
0.0782786091569 0.841023 0.0172893
0.0847039894583 0.837702 0.0176181
0.0909685462053 0.83885 0.0186741
0.0972078977683 0.834533 0.0179766
0.103476303896 0.831613 0.0160915
0.109757644425 0.837073 0.0181698
0.116054308478 0.832656 0.0161282
0.122366966654 0.834918 0.0166039
0.128681726309 0.838521 0.0181905
0.134950080166 0.838458 0.0175494
0.141194955884 0.835484 0.0167243
0.147513357575 0.833286 0.0161128
0.153786507425 0.828347 0.0143198
0.160065754405 0.829014 0.0153772
0.166399116869 0.825914 0.0152385
0.172719564578 0.825514 0.0140417
0.178976521338 0.824437 0.0133188
0.185235369065 0.829611 0.0141066
0.191480678734 0.831939 0.0130477
0.197788986865 0.832668 0.0148934
0.204093773545 0.830597 0.0125716
0.210393930261 0.831738 0.0123661
0.216690970982 0.829771 0.0139489
0.222970028122 0.832112 0.0127103
0.229262002709 0.831493 0.0137201
0.235514150837 0.83074 0.0149726
0.241791058382 0.832205 0.0122715
0.248085653944 0.838596 0.0140532
0.254349225687 0.839198 0.0112375
0.260633425188 0.842104 0.0110967
0.26692573709 0.842696 0.0136317
0.273242334314 0.845236 0.0105586
0.279552968008 0.848526 0.0133529
0.285836629231 0.851275 0.0116782
0.292087627139 0.852227 0.0108691
0.298344984444 0.856265 0.0125461
0.304638263941 0.8599 0.0115271
0.3109279127 0.860529 0.011335
0.317216817162 0.866885 0.0124286
0.323518756794 0.869485 0.0126893
0.329816821755 0.875696 0.0121493
0.336117642946 0.880754 0.0116802
0.342370037571 0.884192 0.0111479
0.348647819267 0.888409 0.0106625
0.354941161441 0.891683 0.0119187
0.361191693542 0.896309 0.0110654
0.367476708956 0.902368 0.0115466
0.373764779528 0.907063 0.0118839
0.380065403148 0.912196 0.0101973
0.386353986126 0.917905 0.0110772
0.392614018136 0.92352 0.0100902
0.398926450032 0.929086 0.0116084
0.405207324458 0.933461 0.00955722
0.411491647757 0.938848 0.0104438
0.417781427212 0.945393 0.0116757
0.424040064873 0.950933 0.0115063
0.430342569027 0.956704 0.010104
0.436635856026 0.96323 0.0120316
0.442899618322 0.968567 0.0101323
0.449163441853 0.973508 0.0111585
0.455441414625 0.980523 0.0113403
0.46176344703 0.986472 0.0107661
0.468064424202 0.993815 0.0108683
0.474348524276 0.999501 0.011744
0.480635613682 1.00747 0.0104386
0.486901925839 1.01405 0.010216
0.49316970996 1.01977 0.0114622
0.499450674714 1.0283 0.0110017
0.505715905134 1.03324 0.0110123
0.511992399627 1.03943 0.0111835
0.518312609777 1.04726 0.0102467
0.524608963803 1.05159 0.0101774
0.530875730848 1.0598 0.0104074
0.537157352795 1.06696 0.0102423
0.543457956378 1.07224 0.010823
0.549743065239 1.08059 0.0108979
0.55599374275 1.08646 0.0104006
0.562285467661 1.09473 0.00943814
0.568601153723 1.10314 0.0103671
0.574880458942 1.10865 0.0103096
0.581155021034 1.11547 0.0104666
0.587439449666 1.12171 0.01138
0.59371762203 1.1285 0.00994159
0.599997195479 1.13592 0.0114711
0.606267911512 1.14161 0.0106827
0.612546957644 1.14922 0.0099567
0.618847773304 1.1563 0.0113037
0.625131056744 1.16395 0.0111478
0.631402745038 1.17003 0.00948572
0.637700356273 1.17644 0.0118827
0.643985778331 1.18394 0.0108343
0.650268541717 1.19013 0.0106524
0.65655861177 1.19721 0.00998303
0.662836928236 1.20448 0.0106575
0.669118544496 1.21091 0.0103645
0.675407019858 1.21732 0.0112694
0.681683551459 1.22467 0.0111832
0.687959253386 1.23177 0.0117844
0.694234431704 1.23921 0.0103134
0.700517540243 1.24534 0.00972211
0.706812495661 1.25152 0.0104792
0.713101900967 1.25819 0.00983394
0.719391825117 1.2657 0.0102515
0.72568338076 1.27175 0.0113445
0.731965268271 1.27838 0.0107925
0.738250799048 1.28419 0.0104155
0.744526584212 1.29004 0.00961886
0.750787110194 1.29825 0.0107612
0.757075846532 1.30317 0.0114992
0.76336412336 1.312 0.0102809
0.769646295986 1.31696 0.0103948
0.775939486518 1.32315 0.00995294
0.782232914199 1.3298 0.0107104
0.788531493652 1.33695 0.0108409
0.794789656698 1.3423 0.0106734
0.801049109659 1.347 0.0112602
0.807336406173 1.35455 0.0118575
0.813622948837 1.3606 0.0101707
0.819915299896 1.36627 0.0115495
0.826195263639 1.37287 0.0116128
0.832489707008 1.37974 0.0108577
0.838795930921 1.384 0.0105483
0.84506346397 1.39034 0.0110569
0.851328286756 1.39652 0.00932279
0.85761982639 1.40197 0.0108309
0.863905847706 1.40813 0.0109968
0.870183874549 1.41276 0.0106494
0.876464109608 1.41962 0.0100085
0.88275038734 1.42688 0.0105352
0.889033276839 1.43073 0.0105087
0.895308424711 1.43712 0.0109371
0.901595652167 1.4426 0.0105599
0.907883332809 1.44787 0.0111208
0.914174410632 1.45211 0.0106384
0.920463081772 1.45882 0.0110944
0.926743441526 1.46586 0.0106999
0.933032419735 1.47148 0.0106249
0.939326578557 1.47631 0.0100079
0.94559748104 1.48119 0.00976537
0.951866001855 1.48722 0.0115363
0.958141325553 1.49144 0.0104319
0.964435094511 1.49723 0.0105053
0.970735563357 1.50398 0.00961879
0.977008076845 1.51032 0.0111827
0.983282332536 1.51424 0.00978312
0.989556969197 1.51957 0.010845
0.995845630192 1.52548 0.00900716
1.00213621074 1.53015 0.0100117
1.00840482534 1.53654 0.0114891
1.01469414984 1.54043 0.0104922
1.02099255544 1.54671 0.0104094
1.02727398044 1.55194 0.0108612
1.0335591819 1.55813 0.0108238
1.03984755739 1.56348 0.0108938
1.04612697494 1.56857 0.0104856
1.05240343681 1.57183 0.0099934
1.05868070465 1.57772 0.0102717
1.06496433307 1.58392 0.0107394
1.07125677744 1.58889 0.0109474
1.0775440488 1.59269 0.0103866
1.08382482019 1.59978 0.0116972
1.09010802394 1.60484 0.010586
1.09638966596 1.60938 0.0100266
1.10268113206 1.61453 0.00958463
1.10896304759 1.61949 0.0102799
1.11522542846 1.62547 0.00984552
1.12150212761 1.63125 0.0119103
1.12779257382 1.63458 0.0100277
1.13408955267 1.64215 0.010294
1.14036404965 1.64632 0.0110864
1.14663918032 1.65146 0.0107022
1.15294241299 1.65684 0.0107709
1.15922890675 1.66187 0.0114139
1.16550872189 1.66638 0.011448
1.17179307626 1.67126 0.00982788
1.17808743637 1.67837 0.0109314
1.18436765425 1.68302 0.0103466
1.1906346423 1.68845 0.0104182
1.19691220883 1.69262 0.00989925
1.20320157735 1.6979 0.0109697
1.20948684444 1.70429 0.010472
1.21576390207 1.70999 0.0110105
1.22204975517 1.71381 0.0105248
1.22834061662 1.72007 0.0109814
1.23463298658 1.72533 0.010546
1.24090224718 1.73062 0.0104618
1.24717483914 1.73593 0.00999772
1.25346545993 1.74219 0.0109049
1.25974995189 1.74639 0.00997205
1.26603214313 1.75157 0.0104493
1.27231628847 1.75686 0.0107211
1.27860415506 1.76257 0.0100463
1.28488658893 1.76797 0.0105728
1.29117542007 1.77334 0.0100366
1.29746572637 1.77852 0.0100098
1.30374182701 1.78401 0.00997815
1.31001732292 1.78946 0.0108488
1.31630144766 1.79553 0.0104715
1.32258676036 1.80031 0.0102957
1.32886549245 1.80606 0.00996068
1.33514480495 1.8115 0.0102301
1.34144051627 1.81652 0.0106751
1.34773086842 1.82287 0.0107562
1.35400158999 1.8278 0.0103221
1.3602826093 1.83366 0.0110844
1.36656568646 1.8393 0.0107626
1.37285149848 1.84363 0.00961065
1.37913537293 1.84958 0.0110692
1.38540956715 1.85587 0.00993725
1.39169864122 1.86073 0.0107465
1.39798445144 1.86766 0.00975962
1.40426788341 1.87204 0.0102055
1.41055477948 1.87769 0.0101063
1.41683783355 1.88324 0.0108096
1.42311817719 1.88831 0.0115218
1.42939780116 1.89375 0.00996164
1.43568692182 1.89824 0.0117944
1.44197712177 1.90537 0.010792
1.44825366785 1.91026 0.00989188
1.45453234897 1.91545 0.010091
1.46081931915 1.92129 0.0106052
1.4671103644 1.92648 0.0113449
1.47339290895 1.93175 0.0106758
1.47966996524 1.93669 0.0105136
1.4859561446 1.94232 0.0109297
1.49223361076 1.94728 0.0107646
1.49850247038 1.95289 0.0103055
1.50478575205 1.95777 0.011026
1.51107599189 1.96344 0.0102477
1.51736163499 1.96729 0.0108035
1.52364857097 1.97296 0.0105502
1.52993803572 1.9791 0.0107938
1.53623017691 1.98235 0.0108342
1.54251071878 1.98821 0.0110848
1.54878396308 1.99359 0.0102865
1.55507306978 1.99781 0.0110578
1.56135732493 2.00323 0.0112179
1.56762912105 2.0081 0.0116781
1.5739136974 2.01242 0.0109511
1.58020354523 2.01769 0.0104302
1.58648539343 2.02098 0.0106755
1.59276001426 2.02565 0.0108361
1.59904643639 2.0305 0.0101834
1.60534213664 2.03409 0.010834
1.61161976836 2.04276 0.0122717
1.61789716835 2.04533 0.0107876
1.62418270854 2.05141 0.0108539
1.63046407995 2.05722 0.0109376
1.63674824683 2.06325 0.0104738
1.64303013827 2.06878 0.0112754
1.64930808063 2.07481 0.00993621
1.65559224863 2.08153 0.0117887
1.66187827598 2.08666 0.011898
1.66816823994 2.0923 0.0105231
1.6744495611 2.09794 0.0105782
1.68072138563 2.10323 0.0116528
1.68701215424 2.10972 0.0118391
1.6933074808 2.11579 0.0113278
1.69958064303 2.12166 0.0103325
1.70586179344 2.1267 0.012127
1.71215172419 2.13256 0.0117871
1.71843538617 2.13896 0.0110828
1.72471844694 2.1435 0.0112335
1.73099491844 2.1489 0.011812
1.73728636032 2.15609 0.0121002
1.74356630258 2.16014 0.0111407
1.74983600778 2.16688 0.010786
1.75612327869 2.1727 0.0109016
1.76241061606 2.17866 0.0124813
1.76869357896 2.18326 0.0123208
1.77497674839 2.19044 0.0119241
1.78126362161 2.19523 0.0115968
1.78754574761 2.2 0.0120432
1.7938272923 2.20684 0.0123949
1.80010772174 2.21277 0.0120497
1.80639091391 2.21795 0.0133047
1.81267451427 2.22417 0.0133261
1.81895363524 2.22932 0.0117075
1.82523850291 2.23504 0.0130614
1.8315236862 2.24114 0.0119156
1.83781040898 2.24733 0.0112278
1.84409642612 2.25226 0.0132554
1.8503769215 2.25794 0.014228
1.85666074594 2.26411 0.012557
1.86294359809 2.26787 0.0126194
1.86922204917 2.27383 0.0119795
1.87550781357 2.2801 0.0128312
1.88179499507 2.28596 0.0130538
1.88807781314 2.29127 0.011773
1.89435244502 2.29632 0.0119798
1.90063796885 2.30234 0.0121342
1.90692833723 2.30777 0.0123563
1.91320221586 2.31356 0.0136992
1.91948223445 2.31884 0.0137199
1.92577010575 2.32518 0.0128643
1.93206491035 2.32926 0.0135704
1.93834071151 2.33424 0.0133437
1.94460828613 2.33885 0.0135484
1.9508968614 2.34524 0.0134863
1.95718811973 2.3515 0.0140896
1.96347509207 2.35633 0.0128376
1.9697553281 2.36118 0.0137193
1.9760413775 2.36804 0.0135814
1.98233260336 2.37319 0.0138006
1.98861171931 2.37761 0.0125381
1.99488792869 2.38359 0.0145222
2.00117304134 2.38758 0.0145836
2.00745262249 2.39426 0.0139957
2.01372721862 2.39964 0.0152341
2.02001108039 2.40482 0.01379
2.02630405283 2.40954 0.0140861
2.03258735828 2.41459 0.0151744
2.03886100377 2.41927 0.0156538
2.04514489951 2.42546 0.0158118
2.05143683626 2.43023 0.0151284
2.05772382203 2.4351 0.0146104
2.0640044634 2.43963 0.0142511
2.07029278421 2.44345 0.0136134
2.07658471853 2.44954 0.0151986
2.08285424307 2.45613 0.0145404
2.08912259138 2.45806 0.0144459
2.09541730178 2.46527 0.0156605
2.10170304464 2.46945 0.0161691
2.10797273337 2.47283 0.0135972
2.11425579676 2.47815 0.0161513
2.12053788985 2.48306 0.0167678
2.12682075079 2.4872 0.0165499
2.13310670204 2.49215 0.0174243
2.13940011923 2.49605 0.0164952
2.14568939859 2.50234 0.0151812
2.15195789682 2.50723 0.0165423
2.15824033347 2.50926 0.016816
2.16453048092 2.51336 0.0156045
2.17081716829 2.51798 0.0164641
2.17709912993 2.52432 0.0163727
2.18337674027 2.52829 0.0166166
2.18965452646 2.53167 0.0154539
2.19593814184 2.53723 0.0164757
2.20221722867 2.53799 0.0173387
2.20849850085 2.54635 0.0178089
2.21479372465 2.54971 0.018287
2.22107581834 2.55498 0.0171694
2.22733812199 2.55904 0.0181651
2.23362792264 2.56168 0.0166389
2.2399287897 2.56997 0.0196528
2.24620084223 2.57249 0.0191507
2.2524810722 2.57744 0.020476
2.25875993301 2.58356 0.0199439
2.26503776668 2.59016 0.0182595
2.27130391144 2.59243 0.0199506
2.27758972822 2.60136 0.0177129
2.28389830542 2.60486 0.0228311
2.29017001225 2.61391 0.0218993
2.29645357402 2.61762 0.0210612
2.30275372852 2.62095 0.0235807
2.30903325986 2.6272 0.0227319
2.31530674049 2.63481 0.020994
2.32158490306 2.63612 0.0209114
2.3278758488 2.6393 0.0226151
2.33415543799 2.64755 0.0205825
2.34041936871 2.65169 0.0197099
2.34670710068 2.65522 0.0232245
2.3530032916 2.66377 0.0231484
2.35928989445 2.66575 0.0210116
2.36555387699 2.67227 0.0256674
2.37182578571 2.67304 0.0240516
2.3781409032 2.6803 0.0237591
2.38442809259 2.68629 0.0242002
2.39069258243 2.68843 0.0248206
2.39698813839 2.69208 0.0235263
2.40330354843 2.69882 0.0257511
2.40957307365 2.70277 0.0235502
2.41583080138 2.70767 0.0275218
2.42214385676 2.71001 0.0300704
2.42843005755 2.71618 0.0285489
2.43467776878 2.72297 0.0266723
2.44097021258 2.72525 0.0266042
2.44729898127 2.73317 0.0314193
2.45356911846 2.73146 0.0289133
2.45980003814 2.73655 0.0318986
2.4661092349 2.74307 0.0307265
2.47241430729 2.74189 0.0309073
2.47866355169 2.7537 0.0337826
2.48493431628 2.75455 0.0308586
2.49124283111 2.7568 0.0361588
2.49755537626 2.76479 0.0319856
2.50380379021 2.76962 0.0306809
2.51005045336 2.77424 0.0367256
2.51638815336 2.76836 0.0366776
2.52269694929 2.77481 0.0321842
2.52891211798 2.77855 0.0382904
2.53519495098 2.78184 0.035608
2.54155301509 2.78817 0.0379935
2.54783359884 2.78656 0.0438135
2.55402772623 2.80205 0.0395646
2.56033571996 2.79864 0.0423007
2.56672381747 2.80101 0.0483327
2.57294751341 2.80193 0.0419988
2.57911252531 2.81358 0.0416264
2.58547549612 2.81196 0.0471733
2.59185019505 2.81257 0.0481831
2.59805932148 2.81262 0.0487612
2.60429715989 2.8243 0.0411157
2.61067449751 2.83478 0.0515356
2.61693283418 2.82317 0.061967
2.62300854502 2.82949 0.0562861
2.62939753095 2.82556 0.0572643
2.63591057571 2.83066 0.0643305
2.64202978624 2.83066 0.070869
2.64803951219 2.84263 0.0615514
2.65454096229 2.84127 0.0682788
2.66118028258 2.83357 0.0725608
2.66719514746 2.84091 0.0668961
2.67309090101 2.84179 0.0664381
2.67973176445 2.84437 0.0801558
2.68646693102 2.85869 0.0824588
2.69219835647 2.83772 0.0917636
2.69796467721 2.83796 0.0956061
2.70489193937 2.84077 0.0999919
2.71182026315 2.83999 0.11177
2.71709790339 2.8693 0.155567
2.7227864466 2.84937 0.115624
2.72994784687 2.83979 0.136557
2.73706528781 2.84329 0.182875
2.74248820391 2.86906 0.245944
2.74787331837 2.85524 0.223429
2.75504313834 2.88447 0.241883
2.76219934437 2.88274 0.35904
2.76789278819 2.78979 0.526245
2.77283198247 2.84935 0.618981
2.77965581172 2.82702 1.55381
2.78599582346 -78.8219 3393.57
