0.0088996412247 -2.36049 0.282668
0.0150791221651 -2.29325 0.172261
0.0214479018646 -2.11194 0.101655
0.0278366077649 -1.95081 0.0895632
0.034350997858 -1.72328 0.0826674
0.0404788676143 -1.48882 0.0693922
0.0467671668358 -1.24239 0.0560346
0.0530822510177 -0.978191 0.0631896
0.0594536244094 -0.705155 0.0557882
0.0657622481459 -0.442723 0.0448981
0.071966329067 -0.197065 0.0416039
0.0782786091569 0.0356374 0.0360466
0.0847039894583 0.251827 0.0332415
0.0909685462053 0.430009 0.0351247
0.0972078977683 0.579107 0.0331215
0.103476303896 0.723347 0.0291069
0.109757644425 0.850924 0.0289978
0.116054308478 0.953309 0.0257844
0.122366966654 1.04509 0.0268718
0.128681726309 1.11327 0.0268766
0.134950080166 1.1631 0.0250702
0.141194955884 1.19014 0.0251177
0.147513357575 1.20547 0.0221704
0.153786507425 1.21504 0.0176975
0.160065754405 1.22277 0.0251903
0.166399116869 1.22404 0.0217949
0.172719564578 1.23024 0.0170905
0.178976521338 1.23429 0.0192086
0.185235369065 1.24193 0.0202438
0.191480678734 1.24136 0.0198433
0.197788986865 1.24211 0.0196821
0.204093773545 1.23479 0.0181699
0.210393930261 1.23897 0.0177974
0.216690970982 1.23156 0.0166706
0.222970028122 1.23095 0.0170241
0.229262002709 1.23375 0.0200291
0.235514150837 1.23333 0.0165846
0.241791058382 1.23619 0.0155285
0.248085653944 1.23632 0.017285
0.254349225687 1.24088 0.0154733
0.260633425188 1.24383 0.0147445
0.26692573709 1.24493 0.0158687
0.273242334314 1.24561 0.0149828
0.279552968008 1.24711 0.0152027
0.285836629231 1.24837 0.0146215
0.292087627139 1.2508 0.0155207
0.298344984444 1.25301 0.0160426
0.304638263941 1.25388 0.014357
0.3109279127 1.25456 0.013396
0.317216817162 1.26099 0.0145516
0.323518756794 1.26133 0.012736
0.329816821755 1.26423 0.014149
0.336117642946 1.26765 0.0156228
0.342370037571 1.26884 0.015552
0.348647819267 1.26993 0.0128424
0.354941161441 1.27181 0.0142612
0.361191693542 1.27285 0.0134105
0.367476708956 1.27669 0.0134904
0.373764779528 1.28088 0.0137185
0.380065403148 1.28062 0.0130306
0.386353986126 1.28428 0.0128408
0.392614018136 1.28541 0.0129787
0.398926450032 1.28788 0.013397
0.405207324458 1.29006 0.0126866
0.411491647757 1.28918 0.0123071
0.417781427212 1.29456 0.0144853
0.424040064873 1.29466 0.0127838
0.430342569027 1.298 0.0128889
0.436635856026 1.30103 0.0139268
0.442899618322 1.30278 0.0122431
0.449163441853 1.30399 0.0143323
0.455441414625 1.30673 0.0124361
0.46176344703 1.30774 0.0130061
0.468064424202 1.30993 0.0112734
0.474348524276 1.31264 0.0125159
0.480635613682 1.31571 0.0109831
0.486901925839 1.31823 0.0125121
0.49316970996 1.31777 0.0126444
0.499450674714 1.32256 0.0120449
0.505715905134 1.32309 0.012275
0.511992399627 1.32445 0.0137499
0.518312609777 1.32852 0.0119122
0.524608963803 1.32932 0.0112618
0.530875730848 1.33333 0.0128888
0.537157352795 1.33676 0.0111737
0.543457956378 1.33687 0.0131094
0.549743065239 1.34052 0.0125993
0.55599374275 1.34172 0.0127767
0.562285467661 1.34611 0.0131954
0.568601153723 1.3499 0.0129242
0.574880458942 1.34982 0.0125622
0.581155021034 1.35257 0.0134784
0.587439449666 1.35547 0.0133018
0.59371762203 1.35742 0.0120789
0.599997195479 1.36091 0.0135355
0.606267911512 1.36283 0.0130629
0.612546957644 1.36579 0.0121037
0.618847773304 1.36903 0.0127761
0.625131056744 1.37059 0.0120453
0.631402745038 1.37491 0.0114374
0.637700356273 1.37696 0.0122696
0.643985778331 1.38006 0.0118704
0.650268541717 1.38193 0.0110493
0.65655861177 1.38638 0.0117797
0.662836928236 1.38835 0.0117673
0.669118544496 1.39079 0.0116224
0.675407019858 1.39449 0.0131722
0.681683551459 1.39746 0.0119912
0.687959253386 1.40126 0.0128202
0.694234431704 1.40198 0.0113004
0.700517540243 1.40559 0.0102392
0.706812495661 1.40878 0.0106642
0.713101900967 1.41156 0.0114015
0.719391825117 1.41616 0.0115288
0.72568338076 1.41927 0.0122154
0.731965268271 1.42237 0.0115892
0.738250799048 1.42514 0.0109364
0.744526584212 1.42802 0.0114963
0.750787110194 1.43263 0.0115244
0.757075846532 1.43388 0.0114915
0.76336412336 1.43897 0.012471
0.769646295986 1.44221 0.0123502
0.775939486518 1.44538 0.011363
0.782232914199 1.44929 0.012179
0.788531493652 1.45225 0.0112104
0.794789656698 1.45678 0.0118442
0.801049109659 1.45882 0.0116393
0.807336406173 1.46323 0.0114995
0.813622948837 1.46645 0.0101397
0.819915299896 1.46965 0.0118357
0.826195263639 1.47355 0.0107234
0.832489707008 1.47684 0.012104
0.838795930921 1.47988 0.0111023
0.84506346397 1.48426 0.011754
0.851328286756 1.48888 0.00964186
0.85761982639 1.49113 0.0114082
0.863905847706 1.49538 0.0120918
0.870183874549 1.49991 0.0106944
0.876464109608 1.50372 0.010455
0.88275038734 1.50698 0.0117687
0.889033276839 1.5108 0.0107832
0.895308424711 1.51556 0.0116996
0.901595652167 1.52031 0.0108163
0.907883332809 1.52285 0.0115717
0.914174410632 1.52611 0.0117145
0.920463081772 1.53107 0.0111851
0.926743441526 1.53613 0.0112324
0.933032419735 1.5407 0.0109264
0.939326578557 1.54394 0.0111584
0.94559748104 1.54735 0.0111838
0.951866001855 1.55284 0.0119089
0.958141325553 1.55602 0.010166
0.964435094511 1.55957 0.0109614
0.970735563357 1.56578 0.0102061
0.977008076845 1.57091 0.0106751
0.983282332536 1.57378 0.0105915
0.989556969197 1.57839 0.0100847
0.995845630192 1.58262 0.00946055
1.00213621074 1.58798 0.0110198
1.00840482534 1.59206 0.0111691
1.01469414984 1.59629 0.0103725
1.02099255544 1.6018 0.0107121
1.02727398044 1.60543 0.0116977
1.0335591819 1.61114 0.0111789
1.03984755739 1.61522 0.0105268
1.04612697494 1.62026 0.0112726
1.05240343681 1.62413 0.0107161
1.05868070465 1.6294 0.0104706
1.06496433307 1.63469 0.0110553
1.07125677744 1.63822 0.0109966
1.0775440488 1.64199 0.0109848
1.08382482019 1.64938 0.0114394
1.09010802394 1.65292 0.0105615
1.09638966596 1.65919 0.0103722
1.10268113206 1.66333 0.0112962
1.10896304759 1.66826 0.0114507
1.11522542846 1.67431 0.0107359
1.12150212761 1.6788 0.011937
1.12779257382 1.68271 0.00972694
1.13408955267 1.68911 0.0112111
1.14036404965 1.69402 0.0112352
1.14663918032 1.69979 0.0107065
1.15294241299 1.70526 0.0106087
1.15922890675 1.70959 0.0111426
1.16550872189 1.7143 0.0102453
1.17179307626 1.72042 0.0103813
1.17808743637 1.72671 0.0106566
1.18436765425 1.73112 0.00962559
1.1906346423 1.73708 0.0105903
1.19691220883 1.74171 0.0101813
1.20320157735 1.74713 0.010835
1.20948684444 1.75389 0.0107498
1.21576390207 1.75897 0.0106461
1.22204975517 1.76448 0.00992538
1.22834061662 1.7706 0.0108676
1.23463298658 1.77563 0.0113257
1.24090224718 1.78106 0.0100089
1.24717483914 1.78798 0.010634
1.25346545993 1.79311 0.0109055
1.25974995189 1.79843 0.0103047
1.26603214313 1.80406 0.0100646
1.27231628847 1.80969 0.00947533
1.27860415506 1.81506 0.0113409
1.28488658893 1.8219 0.0112483
1.29117542007 1.82686 0.0103069
1.29746572637 1.83343 0.00972537
1.30374182701 1.83961 0.0102929
1.31001732292 1.84538 0.0116314
1.31630144766 1.85096 0.0104404
1.32258676036 1.85688 0.0105044
1.32886549245 1.86369 0.0103388
1.33514480495 1.86906 0.0104088
1.34144051627 1.87476 0.0100623
1.34773086842 1.88206 0.0109168
1.35400158999 1.88764 0.0107045
1.3602826093 1.89381 0.0108023
1.36656568646 1.90002 0.011613
1.37285149848 1.90612 0.0100836
1.37913537293 1.91162 0.0108163
1.38540956715 1.91847 0.00942643
1.39169864122 1.92377 0.0109776
1.39798445144 1.93096 0.0102412
1.40426788341 1.93637 0.0112184
1.41055477948 1.94319 0.0101533
1.41683783355 1.94979 0.0111918
1.42311817719 1.95478 0.0104142
1.42939780116 1.96139 0.0104593
1.43568692182 1.96707 0.0107484
1.44197712177 1.97534 0.0107783
1.44825366785 1.97958 0.0100651
1.45453234897 1.98628 0.0106365
1.46081931915 1.99246 0.0115764
1.4671103644 1.99803 0.0111646
1.47339290895 2.00436 0.011437
1.47966996524 2.01104 0.0105785
1.4859561446 2.01635 0.0110559
1.49223361076 2.02298 0.0104751
1.49850247038 2.029 0.00941074
1.50478575205 2.03472 0.0107883
1.51107599189 2.04022 0.0101813
1.51736163499 2.04615 0.0103462
1.52364857097 2.05236 0.0103512
1.52993803572 2.05818 0.00983131
1.53623017691 2.06358 0.0114655
1.54251071878 2.06908 0.0106676
1.54878396308 2.07491 0.00981603
1.55507306978 2.08135 0.0103655
1.56135732493 2.08657 0.0111585
1.56762912105 2.0927 0.0114405
1.5739136974 2.09701 0.0101577
1.58020354523 2.10343 0.010723
1.58648539343 2.10793 0.0105524
1.59276001426 2.11282 0.0106904
1.59904643639 2.11794 0.0104522
1.60534213664 2.12325 0.010572
1.61161976836 2.12921 0.0114014
1.61789716835 2.13611 0.0110658
1.62418270854 2.14259 0.0100536
1.63046407995 2.14975 0.0110266
1.63674824683 2.15618 0.0108635
1.64303013827 2.1625 0.0111624
1.64930808063 2.17001 0.0105918
1.65559224863 2.17712 0.0112917
1.66187827598 2.18272 0.0112898
1.66816823994 2.19047 0.0113391
1.6744495611 2.19572 0.0113944
1.68072138563 2.20309 0.0125151
1.68701215424 2.20943 0.0111822
1.6933074808 2.21673 0.0116498
1.69958064303 2.22351 0.01083
1.70586179344 2.22877 0.0113838
1.71215172419 2.23631 0.0117599
1.71843538617 2.24334 0.0117838
1.72471844694 2.24956 0.0111462
1.73099491844 2.25573 0.0116838
1.73728636032 2.26357 0.0112721
1.74356630258 2.269 0.012331
1.74983600778 2.27655 0.0122412
1.75612327869 2.28354 0.0108184
1.76241061606 2.29034 0.0116675
1.76869357896 2.29643 0.0118376
1.77497674839 2.30455 0.0117465
1.78126362161 2.30929 0.0116258
1.78754574761 2.31696 0.0118421
1.7938272923 2.32352 0.011809
1.80010772174 2.32965 0.0132343
1.80639091391 2.33758 0.0126375
1.81267451427 2.34432 0.0125238
1.81895363524 2.34961 0.0116575
1.82523850291 2.35753 0.0124227
1.8315236862 2.3646 0.0124752
1.83781040898 2.37129 0.0118414
1.84409642612 2.37752 0.0125948
1.8503769215 2.38431 0.0127648
1.85666074594 2.39255 0.0126183
1.86294359809 2.39753 0.0119992
1.86922204917 2.40562 0.0125989
1.87550781357 2.41112 0.0124707
1.88179499507 2.41854 0.012221
1.88807781314 2.42502 0.0119747
1.89435244502 2.43145 0.0116896
1.90063796885 2.43969 0.0135771
1.90692833723 2.44627 0.0112561
1.91320221586 2.4527 0.0132705
1.91948223445 2.45909 0.0140059
1.92577010575 2.4673 0.0116681
1.93206491035 2.47317 0.0130686
1.93834071151 2.47906 0.0135522
1.94460828613 2.48556 0.0131394
1.9508968614 2.49373 0.0129355
1.95718811973 2.49982 0.0134182
1.96347509207 2.50549 0.0119948
1.9697553281 2.51255 0.0133771
1.9760413775 2.52108 0.0124427
1.98233260336 2.52665 0.0146097
1.98861171931 2.53414 0.0137786
1.99488792869 2.53857 0.0129542
2.00117304134 2.5462 0.0140772
2.00745262249 2.55333 0.0119848
2.01372721862 2.56057 0.0138296
2.02001108039 2.56703 0.0135427
2.02630405283 2.57343 0.0146216
2.03258735828 2.57972 0.0140546
2.03886100377 2.58508 0.0145819
2.04514489951 2.59237 0.0144251
2.05143683626 2.59897 0.0141046
2.05772382203 2.60621 0.0145078
2.0640044634 2.61317 0.0151174
2.07029278421 2.61737 0.0141859
2.07658471853 2.6258 0.0149624
2.08285424307 2.63224 0.0151611
2.08912259138 2.63819 0.0156715
2.09541730178 2.64474 0.0156475
2.10170304464 2.6503 0.0167769
2.10797273337 2.65576 0.0152099
2.11425579676 2.66283 0.0163722
2.12053788985 2.66903 0.0149418
2.12682075079 2.67387 0.0158967
2.13310670204 2.67895 0.0178014
2.13940011923 2.68496 0.017175
2.14568939859 2.69309 0.0163304
2.15195789682 2.69826 0.0165687
2.15824033347 2.70396 0.0170714
2.16453048092 2.70831 0.0168172
2.17081716829 2.71778 0.0158385
2.17709912993 2.72078 0.0154738
2.18337674027 2.72679 0.0176194
2.18965452646 2.73238 0.0160841
2.19593814184 2.739 0.016856
2.20221722867 2.74179 0.0178638
2.20849850085 2.749 0.0178631
2.21479372465 2.75587 0.0155505
2.22107581834 2.76149 0.0167911
2.22733812199 2.76968 0.0176168
2.23362792264 2.77221 0.0176345
2.2399287897 2.78254 0.0197176
2.24620084223 2.78684 0.0189313
2.2524810722 2.79397 0.0191531
2.25875993301 2.80202 0.0177618
2.26503776668 2.80932 0.0187358
2.27130391144 2.81373 0.0205888
2.27758972822 2.8215 0.0190248
2.28389830542 2.83007 0.019509
2.29017001225 2.84133 0.0224862
2.29645357402 2.84572 0.0232809
2.30275372852 2.85354 0.0215251
2.30903325986 2.85943 0.0216654
2.31530674049 2.86589 0.0206692
2.32158490306 2.87266 0.0218445
2.3278758488 2.87735 0.020729
2.33415543799 2.88845 0.0216671
2.34041936871 2.89449 0.0222944
2.34670710068 2.89868 0.0220027
2.3530032916 2.90767 0.0247067
2.35928989445 2.91148 0.0215382
2.36555387699 2.92403 0.0238181
2.37182578571 2.92389 0.0217989
2.3781409032 2.93214 0.0251136
2.38442809259 2.93866 0.0250502
2.39069258243 2.94511 0.0247251
2.39698813839 2.95311 0.0283408
2.40330354843 2.95978 0.0269398
2.40957307365 2.9659 0.0239915
2.41583080138 2.97384 0.0296751
2.42214385676 2.97841 0.0289122
2.42843005755 2.98575 0.0277278
2.43467776878 2.99461 0.0261174
2.44097021258 2.99532 0.0261271
2.44729898127 3.00793 0.0297776
2.45356911846 3.00778 0.0274942
2.45980003814 3.0145 0.033453
2.4661092349 3.02266 0.0292681
2.47241430729 3.02839 0.0312135
2.47866355169 3.03444 0.0306027
2.48493431628 3.03937 0.0308176
2.49124283111 3.04389 0.0350918
2.49755537626 3.05798 0.0310466
2.50380379021 3.05924 0.034619
2.51005045336 3.06711 0.0371479
2.51638815336 3.0702 0.0348725
2.52269694929 3.07587 0.0362397
2.52891211798 3.08059 0.0379194
2.53519495098 3.08626 0.039168
2.54155301509 3.08699 0.0414301
2.54783359884 3.0894 0.0415857
2.55402772623 3.10296 0.0369628
2.56033571996 3.10616 0.0409171
2.56672381747 3.10575 0.0490284
2.57294751341 3.11931 0.0365866
2.57911252531 3.12048 0.0392703
2.58547549612 3.12379 0.0437855
2.59185019505 3.13301 0.0478232
2.59805932148 3.12816 0.0502583
2.60429715989 3.13987 0.0445059
2.61067449751 3.15486 0.0551795
2.61693283418 3.15092 0.0514572
2.62300854502 3.14503 0.0557849
2.62939753095 3.1527 0.0611542
2.63591057571 3.15668 0.0646304
2.64202978624 3.16125 0.0610239
2.64803951219 3.16808 0.066709
2.65454096229 3.16792 0.0687058
2.66118028258 3.16865 0.0810909
2.66719514746 3.16458 0.0802915
2.67309090101 3.18 0.0808402
2.67973176445 3.18376 0.0727525
2.68646693102 3.1822 0.0860326
2.69219835647 3.16824 0.11543
2.69796467721 3.16743 0.101986
2.70489193937 3.19442 0.0993448
2.71182026315 3.17136 0.119871
2.71709790339 3.20424 0.16479
2.7227864466 3.20038 0.126581
2.72994784687 3.17262 0.164796
2.73706528781 3.21472 0.166738
2.74248820391 3.22666 0.281493
2.74787331837 3.2442 0.229143
2.75504313834 3.25043 0.283754
2.76219934437 3.22676 0.328456
2.76789278819 3.12476 0.626917
2.77283198247 3.21321 0.570942
2.77965581172 2.96275 1.23496
2.78599582346 52.575 547.846
