0.0088996412247 0.308811 0.138222
0.0150791221651 0.320056 0.0903517
0.0214479018646 0.328369 0.0469378
0.0278366077649 0.331521 0.0526887
0.034350997858 0.348022 0.0379838
0.0404788676143 0.344748 0.0344192
0.0467671668358 0.354177 0.0358528
0.0530822510177 0.365143 0.0312454
0.0594536244094 0.370542 0.0292676
0.0657622481459 0.376037 0.0280224
0.071966329067 0.388757 0.0258149
0.0782786091569 0.396614 0.0204006
0.0847039894583 0.401813 0.0192496
0.0909685462053 0.407796 0.021094
0.0972078977683 0.407473 0.0217374
0.103476303896 0.41428 0.0206553
0.109757644425 0.430102 0.0202186
0.116054308478 0.436726 0.0185655
0.122366966654 0.450961 0.0189646
0.128681726309 0.464571 0.0187614
0.134950080166 0.47598 0.0197466
0.141194955884 0.482015 0.0174126
0.147513357575 0.49096 0.0167834
0.153786507425 0.496227 0.0154281
0.160065754405 0.509768 0.0173772
0.166399116869 0.517759 0.0154745
0.172719564578 0.530831 0.0147142
0.178976521338 0.545005 0.0159779
0.185235369065 0.562157 0.0156509
0.191480678734 0.578573 0.0140678
0.197788986865 0.594687 0.0145282
0.204093773545 0.606557 0.0136915
0.210393930261 0.62099 0.0129717
0.216690970982 0.633228 0.013198
0.222970028122 0.648645 0.0133758
0.229262002709 0.659666 0.0150987
0.235514150837 0.676532 0.0152844
0.241791058382 0.692261 0.0122205
0.248085653944 0.711276 0.0144108
0.254349225687 0.728455 0.0126852
0.260633425188 0.74439 0.0122192
0.26692573709 0.758741 0.0126508
0.273242334314 0.775607 0.0122938
0.279552968008 0.79087 0.0135404
0.285836629231 0.806832 0.0117075
0.292087627139 0.820042 0.0125881
0.298344984444 0.83537 0.0123451
0.304638263941 0.851698 0.011622
0.3109279127 0.864732 0.0122738
0.317216817162 0.883963 0.0129073
0.323518756794 0.897475 0.0120713
0.329816821755 0.913723 0.0124682
0.336117642946 0.928762 0.0104172
0.342370037571 0.942268 0.0120376
0.348647819267 0.957001 0.0102636
0.354941161441 0.970162 0.0126718
0.361191693542 0.981097 0.0108347
0.367476708956 0.997038 0.0115551
0.373764779528 1.00905 0.0128323
0.380065403148 1.02156 0.0114452
0.386353986126 1.03501 0.0118972
0.392614018136 1.04729 0.011556
0.398926450032 1.05921 0.0112874
0.405207324458 1.06839 0.0105644
0.411491647757 1.07893 0.0111495
0.417781427212 1.09042 0.0122517
0.424040064873 1.10017 0.012546
0.430342569027 1.10976 0.0117146
0.436635856026 1.12011 0.0106484
0.442899618322 1.12937 0.010813
0.449163441853 1.13594 0.0131571
0.455441414625 1.14607 0.0110764
0.46176344703 1.15287 0.011795
0.468064424202 1.16251 0.0109669
0.474348524276 1.16941 0.0109761
0.480635613682 1.17814 0.0104263
0.486901925839 1.18599 0.0112963
0.49316970996 1.19162 0.0121753
0.499450674714 1.20116 0.011946
0.505715905134 1.2041 0.0113838
0.511992399627 1.21065 0.0131725
0.518312609777 1.21681 0.00995604
0.524608963803 1.22195 0.0104525
0.530875730848 1.22876 0.0114447
0.537157352795 1.23528 0.0112006
0.543457956378 1.23839 0.0119407
0.549743065239 1.24468 0.010828
0.55599374275 1.24822 0.0116284
0.562285467661 1.25451 0.0110103
0.568601153723 1.26208 0.0127123
0.574880458942 1.26323 0.0108026
0.581155021034 1.268 0.0124867
0.587439449666 1.27149 0.0115914
0.59371762203 1.27598 0.0106398
0.599997195479 1.28162 0.0124751
0.606267911512 1.28306 0.0114958
0.612546957644 1.28863 0.010989
0.618847773304 1.29357 0.0118924
0.625131056744 1.29575 0.0115644
0.631402745038 1.30085 0.0101931
0.637700356273 1.30407 0.0118129
0.643985778331 1.30882 0.011536
0.650268541717 1.31136 0.0112887
0.65655861177 1.31648 0.0115859
0.662836928236 1.31986 0.0110099
0.669118544496 1.32337 0.0115018
0.675407019858 1.32739 0.0116562
0.681683551459 1.33084 0.0124718
0.687959253386 1.33448 0.0119081
0.694234431704 1.33889 0.0110435
0.700517540243 1.34255 0.0106323
0.706812495661 1.34585 0.0110114
0.713101900967 1.35104 0.0111827
0.719391825117 1.35514 0.0104403
0.72568338076 1.35835 0.0115565
0.731965268271 1.36217 0.0114862
0.738250799048 1.36643 0.011064
0.744526584212 1.3703 0.0105263
0.750787110194 1.37489 0.0109135
0.757075846532 1.37802 0.0111527
0.76336412336 1.38357 0.0112655
0.769646295986 1.38774 0.0113555
0.775939486518 1.39108 0.0102473
0.782232914199 1.39589 0.0114382
0.788531493652 1.40082 0.0114716
0.794789656698 1.4052 0.011553
0.801049109659 1.40788 0.01158
0.807336406173 1.41547 0.0118162
0.813622948837 1.41765 0.00966881
0.819915299896 1.42336 0.0116078
0.826195263639 1.42712 0.0103756
0.832489707008 1.43241 0.0117857
0.838795930921 1.43543 0.0104031
0.84506346397 1.44054 0.0109027
0.851328286756 1.44575 0.00946867
0.85761982639 1.44967 0.0107074
0.863905847706 1.45549 0.0103608
0.870183874549 1.45898 0.0102129
0.876464109608 1.46461 0.0100575
0.88275038734 1.46947 0.0105281
0.889033276839 1.47365 0.0101346
0.895308424711 1.47866 0.0106302
0.901595652167 1.48356 0.0111045
0.907883332809 1.48786 0.0110062
0.914174410632 1.49178 0.0105809
0.920463081772 1.49809 0.0107701
0.926743441526 1.5032 0.0117713
0.933032419735 1.50844 0.0108704
0.939326578557 1.51323 0.0103644
0.94559748104 1.51759 0.010021
0.951866001855 1.52228 0.0120911
0.958141325553 1.527 0.0101418
0.964435094511 1.53227 0.0104941
0.970735563357 1.53904 0.0098116
0.977008076845 1.54452 0.0117723
0.983282332536 1.54825 0.0105178
0.989556969197 1.55306 0.0107122
0.995845630192 1.55944 0.00947166
1.00213621074 1.56418 0.00992334
1.00840482534 1.56969 0.0110531
1.01469414984 1.57345 0.0104752
1.02099255544 1.57971 0.0106925
1.02727398044 1.58431 0.0112462
1.0335591819 1.59066 0.0118301
1.03984755739 1.59539 0.011211
1.04612697494 1.60129 0.0113989
1.05240343681 1.60538 0.0100819
1.05868070465 1.61116 0.0104514
1.06496433307 1.61798 0.0108929
1.07125677744 1.62167 0.010974
1.0775440488 1.62589 0.0110385
1.08382482019 1.63354 0.0122119
1.09010802394 1.63817 0.0104992
1.09638966596 1.64397 0.00932536
1.10268113206 1.64928 0.0102686
1.10896304759 1.65452 0.0102646
1.11522542846 1.66015 0.0110072
1.12150212761 1.66635 0.0120568
1.12779257382 1.67071 0.00993638
1.13408955267 1.67747 0.0111268
1.14036404965 1.6826 0.0111356
1.14663918032 1.68812 0.0107097
1.15294241299 1.69427 0.0103558
1.15922890675 1.69925 0.0106772
1.16550872189 1.70455 0.0110987
1.17179307626 1.70976 0.00996054
1.17808743637 1.71758 0.0108261
1.18436765425 1.72253 0.0103848
1.1906346423 1.72753 0.0104272
1.19691220883 1.73391 0.0100688
1.20320157735 1.73847 0.0105588
1.20948684444 1.74581 0.0100958
1.21576390207 1.75178 0.0107103
1.22204975517 1.75719 0.0104451
1.22834061662 1.76379 0.0116398
1.23463298658 1.76938 0.0110461
1.24090224718 1.77513 0.0108219
1.24717483914 1.7815 0.00927821
1.25346545993 1.78837 0.0108691
1.25974995189 1.7934 0.00997306
1.26603214313 1.79928 0.0104588
1.27231628847 1.80489 0.0102007
1.27860415506 1.81109 0.0100192
1.28488658893 1.81766 0.0106385
1.29117542007 1.82346 0.0100682
1.29746572637 1.82961 0.00964403
1.30374182701 1.83583 0.0104998
1.31001732292 1.842 0.0114263
1.31630144766 1.84846 0.0105783
1.32258676036 1.85371 0.0100879
1.32886549245 1.86076 0.0101295
1.33514480495 1.86658 0.00999085
1.34144051627 1.87264 0.010544
1.34773086842 1.8797 0.0116955
1.35400158999 1.88577 0.010776
1.3602826093 1.89228 0.0104642
1.36656568646 1.89851 0.0109821
1.37285149848 1.90386 0.0102881
1.37913537293 1.91049 0.0105447
1.38540956715 1.91711 0.00962351
1.39169864122 1.92247 0.0106342
1.39798445144 1.93022 0.0100471
1.40426788341 1.93614 0.0100949
1.41055477948 1.94225 0.0102377
1.41683783355 1.9485 0.0105406
1.42311817719 1.95396 0.011078
1.42939780116 1.96078 0.00978523
1.43568692182 1.96623 0.0115032
1.44197712177 1.97446 0.0103582
1.44825366785 1.98004 0.0103615
1.45453234897 1.98586 0.0101382
1.46081931915 1.99196 0.0107119
1.4671103644 1.99825 0.0111763
1.47339290895 2.0041 0.0107853
1.47966996524 2.01001 0.0108071
1.4859561446 2.01745 0.0110996
1.49223361076 2.0228 0.0100894
1.49850247038 2.02916 0.0104029
1.50478575205 2.03494 0.010433
1.51107599189 2.04095 0.0104677
1.51736163499 2.04613 0.0102927
1.52364857097 2.05274 0.00998842
1.52993803572 2.05915 0.011093
1.53623017691 2.06348 0.010598
1.54251071878 2.06979 0.0104416
1.54878396308 2.07603 0.0104546
1.55507306978 2.08143 0.0105367
1.56135732493 2.08668 0.0114287
1.56762912105 2.09249 0.0116224
1.5739136974 2.09787 0.0106295
1.58020354523 2.10403 0.0106872
1.58648539343 2.10814 0.00998535
1.59276001426 2.1129 0.0105467
1.59904643639 2.11814 0.00926654
1.60534213664 2.12385 0.0117265
1.61161976836 2.12959 0.0114704
1.61789716835 2.13584 0.0113965
1.62418270854 2.14311 0.0109909
1.63046407995 2.14981 0.0100498
1.63674824683 2.15724 0.0107861
1.64303013827 2.16331 0.010616
1.64930808063 2.17033 0.0102435
1.65559224863 2.17762 0.0109845
1.66187827598 2.1831 0.0118477
1.66816823994 2.19045 0.010815
1.6744495611 2.19621 0.010884
1.68072138563 2.20249 0.0112524
1.68701215424 2.20972 0.0113368
1.6933074808 2.21683 0.0109534
1.69958064303 2.22359 0.010174
1.70586179344 2.22845 0.0113287
1.71215172419 2.23653 0.0124693
1.71843538617 2.2432 0.0111204
1.72471844694 2.2495 0.011088
1.73099491844 2.25576 0.0111562
1.73728636032 2.26356 0.01162
1.74356630258 2.26907 0.0119006
1.74983600778 2.27662 0.0117129
1.75612327869 2.28366 0.0107654
1.76241061606 2.2901 0.0118156
1.76869357896 2.29583 0.0115349
1.77497674839 2.30328 0.0114829
1.78126362161 2.3086 0.0119652
1.78754574761 2.31571 0.0113398
1.7938272923 2.32336 0.0119894
1.80010772174 2.32912 0.0122561
1.80639091391 2.3362 0.0126608
1.81267451427 2.34289 0.011708
1.81895363524 2.34958 0.0113231
1.82523850291 2.35602 0.0125019
1.8315236862 2.3634 0.011975
1.83781040898 2.37038 0.0111838
1.84409642612 2.37713 0.0126358
1.8503769215 2.38314 0.0130761
1.85666074594 2.3902 0.0127245
1.86294359809 2.39633 0.0116675
1.86922204917 2.40336 0.0123354
1.87550781357 2.40963 0.0118538
1.88179499507 2.41742 0.0126835
1.88807781314 2.4235 0.0116864
1.89435244502 2.42927 0.0115728
1.90063796885 2.4373 0.0125662
1.90692833723 2.44307 0.0118106
1.91320221586 2.45043 0.0136247
1.91948223445 2.4558 0.0128835
1.92577010575 2.46449 0.0118163
1.93206491035 2.47 0.0132055
1.93834071151 2.47654 0.0131937
1.94460828613 2.48235 0.0135457
1.9508968614 2.48994 0.0133728
1.95718811973 2.49697 0.0131751
1.96347509207 2.50218 0.0129465
1.9697553281 2.50809 0.0135646
1.9760413775 2.51669 0.0130957
1.98233260336 2.52243 0.0133736
1.98861171931 2.53029 0.0129299
1.99488792869 2.53549 0.0136469
2.00117304134 2.54179 0.0138932
2.00745262249 2.54947 0.0130374
2.01372721862 2.55633 0.01387
2.02001108039 2.56283 0.0133506
2.02630405283 2.5681 0.0139853
2.03258735828 2.57342 0.014315
2.03886100377 2.58052 0.0141392
2.04514489951 2.58791 0.0138563
2.05143683626 2.59341 0.01511
2.05772382203 2.60042 0.0140166
2.0640044634 2.60689 0.0146245
2.07029278421 2.61094 0.0147009
2.07658471853 2.61925 0.0147948
2.08285424307 2.62591 0.0146739
2.08912259138 2.62922 0.0147677
2.09541730178 2.63796 0.0145547
2.10170304464 2.64347 0.0149463
2.10797273337 2.64894 0.013939
2.11425579676 2.65544 0.0148872
2.12053788985 2.66191 0.015217
2.12682075079 2.66726 0.0149629
2.13310670204 2.67203 0.0167855
2.13940011923 2.6783 0.0166532
2.14568939859 2.68564 0.0157839
2.15195789682 2.6914 0.0162364
2.15824033347 2.69559 0.0163224
2.16453048092 2.70056 0.0160517
2.17081716829 2.70744 0.0154615
2.17709912993 2.71223 0.0165855
2.18337674027 2.71886 0.0166731
2.18965452646 2.72363 0.0151168
2.19593814184 2.72973 0.0160443
2.20221722867 2.73285 0.0167838
2.20849850085 2.74006 0.0172421
2.21479372465 2.74623 0.0165565
2.22107581834 2.75146 0.017567
2.22733812199 2.75905 0.0168572
2.23362792264 2.76328 0.017139
2.2399287897 2.77121 0.0182415
2.24620084223 2.77542 0.0178483
2.2524810722 2.78253 0.0183944
2.25875993301 2.78962 0.0173981
2.26503776668 2.79802 0.0191567
2.27130391144 2.80441 0.0213503
2.27758972822 2.81151 0.017551
2.28389830542 2.81734 0.0207797
2.29017001225 2.82872 0.0211481
2.29645357402 2.83378 0.020256
2.30275372852 2.83863 0.0215946
2.30903325986 2.84621 0.0202226
2.31530674049 2.85448 0.0190284
2.32158490306 2.85915 0.0219655
2.3278758488 2.86367 0.0195052
2.33415543799 2.87512 0.0215156
2.34041936871 2.87976 0.0209273
2.34670710068 2.88733 0.0195564
2.3530032916 2.89439 0.0237128
2.35928989445 2.89967 0.0227235
2.36555387699 2.91039 0.0239354
2.37182578571 2.90923 0.0210751
2.3781409032 2.91623 0.0246177
2.38442809259 2.92305 0.0244149
2.39069258243 2.93246 0.0244678
2.39698813839 2.93703 0.0225372
2.40330354843 2.94307 0.0262389
2.40957307365 2.9477 0.0229869
2.41583080138 2.9553 0.0266038
2.42214385676 2.96421 0.0271224
2.42843005755 2.96913 0.0269058
2.43467776878 2.97611 0.0253688
2.44097021258 2.98055 0.0268324
2.44729898127 2.99129 0.0293331
2.45356911846 2.99241 0.0297871
2.45980003814 2.99478 0.0301858
2.4661092349 3.00665 0.0333898
2.47241430729 3.00795 0.0307285
2.47866355169 3.01536 0.0298025
2.48493431628 3.02098 0.0328552
2.49124283111 3.02599 0.0373645
2.49755537626 3.03697 0.0302788
2.50380379021 3.03955 0.0320727
2.51005045336 3.0432 0.0342472
2.51638815336 3.04569 0.0300299
2.52269694929 3.05624 0.0383394
2.52891211798 3.06139 0.0377885
2.53519495098 3.06268 0.0366697
2.54155301509 3.071 0.0360752
2.54783359884 3.06789 0.042047
2.55402772623 3.08197 0.0386985
2.56033571996 3.08373 0.0369303
2.56672381747 3.09476 0.0477055
2.57294751341 3.08776 0.0423346
2.57911252531 3.10321 0.0370966
2.58547549612 3.10039 0.0428825
2.59185019505 3.11094 0.0501571
2.59805932148 3.10167 0.053684
2.60429715989 3.12057 0.0460067
2.61067449751 3.13092 0.0516776
2.61693283418 3.12499 0.0560882
2.62300854502 3.12322 0.0567814
2.62939753095 3.13486 0.0579406
2.63591057571 3.13839 0.0637011
2.64202978624 3.13989 0.0671984
2.64803951219 3.15281 0.0645888
2.65454096229 3.14045 0.0584326
2.66118028258 3.14467 0.0689567
2.66719514746 3.14791 0.0786886
2.67309090101 3.15816 0.0790134
2.67973176445 3.15272 0.0760562
2.68646693102 3.1593 0.0936265
2.69219835647 3.14793 0.0924853
2.69796467721 3.15277 0.089426
2.70489193937 3.15065 0.0995021
2.71182026315 3.15651 0.114614
2.71709790339 3.16816 0.161012
2.7227864466 3.16387 0.11242
2.72994784687 3.14896 0.156196
2.73706528781 3.17259 0.181747
2.74248820391 3.18429 0.289367
2.74787331837 3.16461 0.248987
2.75504313834 3.20476 0.268801
2.76219934437 3.1515 0.341895
2.76789278819 3.09849 0.639573
2.77283198247 3.10748 0.584255
2.77965581172 3.12085 1.39435
2.78599582346 37.1377 454.311
