0.0088996412247 -0.560869 0.194493
0.0150791221651 -0.537493 0.120162
0.0214479018646 -0.498762 0.0660516
0.0278366077649 -0.483806 0.0646064
0.034350997858 -0.440709 0.0516756
0.0404788676143 -0.404924 0.0474946
0.0467671668358 -0.369618 0.0438958
0.0530822510177 -0.319992 0.0427058
0.0594536244094 -0.271687 0.0343534
0.0657622481459 -0.221562 0.0346188
0.071966329067 -0.165107 0.0305181
0.0782786091569 -0.107579 0.0233425
0.0847039894583 -0.0497545 0.0252167
0.0909685462053 -0.000533758 0.0275006
0.0972078977683 0.0493049 0.0284238
0.103476303896 0.106026 0.0254939
0.109757644425 0.173253 0.025385
0.116054308478 0.237937 0.0214063
0.122366966654 0.302822 0.0234444
0.128681726309 0.366618 0.0227812
0.134950080166 0.430391 0.0234117
0.141194955884 0.478125 0.021356
0.147513357575 0.527995 0.02028
0.153786507425 0.573478 0.0165821
0.160065754405 0.626229 0.0201881
0.166399116869 0.670456 0.0181014
0.172719564578 0.720432 0.016276
0.178976521338 0.766143 0.01634
0.185235369065 0.81607 0.0152823
0.191480678734 0.855798 0.0170001
0.197788986865 0.893611 0.0171005
0.204093773545 0.926597 0.0169138
0.210393930261 0.957925 0.0148519
0.216690970982 0.982706 0.0143976
0.222970028122 1.00642 0.016014
0.229262002709 1.02916 0.0166872
0.235514150837 1.04969 0.016778
0.241791058382 1.06965 0.0147339
0.248085653944 1.08887 0.0162185
0.254349225687 1.10564 0.0138593
0.260633425188 1.12043 0.0137379
0.26692573709 1.13083 0.0139799
0.273242334314 1.14179 0.0126066
0.279552968008 1.14868 0.0154387
0.285836629231 1.15673 0.0133816
0.292087627139 1.15979 0.0147375
0.298344984444 1.16632 0.0130808
0.304638263941 1.17107 0.0140535
0.3109279127 1.17466 0.0137574
0.317216817162 1.18118 0.0133939
0.323518756794 1.18297 0.0129073
0.329816821755 1.186 0.0139808
0.336117642946 1.18912 0.0134842
0.342370037571 1.19007 0.0153504
0.348647819267 1.19282 0.0125799
0.354941161441 1.19614 0.013375
0.361191693542 1.19506 0.0130432
0.367476708956 1.1982 0.0130275
0.373764779528 1.20316 0.0137666
0.380065403148 1.2026 0.0128238
0.386353986126 1.20628 0.0129106
0.392614018136 1.20876 0.0134588
0.398926450032 1.21043 0.0125509
0.405207324458 1.21132 0.0128849
0.411491647757 1.2131 0.0126457
0.417781427212 1.21897 0.0136447
0.424040064873 1.22 0.0128076
0.430342569027 1.22209 0.0131584
0.436635856026 1.22763 0.0133419
0.442899618322 1.23063 0.0117761
0.449163441853 1.23184 0.0131248
0.455441414625 1.2355 0.0125382
0.46176344703 1.2383 0.0119555
0.468064424202 1.24133 0.0120237
0.474348524276 1.24431 0.0116321
0.480635613682 1.25003 0.0113758
0.486901925839 1.25382 0.0119313
0.49316970996 1.25534 0.0119788
0.499450674714 1.26055 0.0120996
0.505715905134 1.26283 0.0107325
0.511992399627 1.26505 0.0133161
0.518312609777 1.26956 0.0106749
0.524608963803 1.27177 0.0116416
0.530875730848 1.27657 0.012754
0.537157352795 1.28152 0.0123415
0.543457956378 1.28356 0.0124351
0.549743065239 1.28694 0.0117342
0.55599374275 1.28994 0.0120202
0.562285467661 1.29584 0.0114462
0.568601153723 1.30059 0.0120806
0.574880458942 1.30235 0.0110258
0.581155021034 1.30652 0.0126483
0.587439449666 1.30945 0.0129722
0.59371762203 1.31242 0.0113132
0.599997195479 1.31759 0.0119498
0.606267911512 1.31944 0.012236
0.612546957644 1.32291 0.010736
0.618847773304 1.3285 0.0124727
0.625131056744 1.33075 0.0115721
0.631402745038 1.33586 0.0104295
0.637700356273 1.33876 0.0123518
0.643985778331 1.34298 0.0113322
0.650268541717 1.34545 0.0114841
0.65655861177 1.35021 0.0121098
0.662836928236 1.35373 0.0119314
0.669118544496 1.35648 0.0117977
0.675407019858 1.36113 0.0122707
0.681683551459 1.36403 0.0123143
0.687959253386 1.36919 0.0124128
0.694234431704 1.37182 0.0111747
0.700517540243 1.37592 0.0101483
0.706812495661 1.37812 0.0107417
0.713101900967 1.38398 0.0115158
0.719391825117 1.38841 0.0110131
0.72568338076 1.3915 0.0120878
0.731965268271 1.39561 0.0118135
0.738250799048 1.39881 0.011097
0.744526584212 1.40256 0.011196
0.750787110194 1.40718 0.0111585
0.757075846532 1.40932 0.0118848
0.76336412336 1.4154 0.012122
0.769646295986 1.4198 0.0117815
0.775939486518 1.42298 0.0104504
0.782232914199 1.42672 0.0112611
0.788531493652 1.4311 0.011661
0.794789656698 1.43529 0.0117245
0.801049109659 1.43879 0.0115169
0.807336406173 1.44412 0.0113014
0.813622948837 1.44699 0.00985378
0.819915299896 1.45184 0.0123728
0.826195263639 1.45602 0.0109801
0.832489707008 1.45952 0.012756
0.838795930921 1.46309 0.0109484
0.84506346397 1.46828 0.0108849
0.851328286756 1.47286 0.0103933
0.85761982639 1.47544 0.0115098
0.863905847706 1.48144 0.0111736
0.870183874549 1.48519 0.0107298
0.876464109608 1.48983 0.0102426
0.88275038734 1.49386 0.0105758
0.889033276839 1.49822 0.0104321
0.895308424711 1.50272 0.0116887
0.901595652167 1.50761 0.0108044
0.907883332809 1.51102 0.0113139
0.914174410632 1.51472 0.0109464
0.920463081772 1.52045 0.0111246
0.926743441526 1.5249 0.0118473
0.933032419735 1.53034 0.0116483
0.939326578557 1.53387 0.0115635
0.94559748104 1.53725 0.0105828
0.951866001855 1.54262 0.0118799
0.958141325553 1.54644 0.0103593
0.964435094511 1.55085 0.0107703
0.970735563357 1.55768 0.0104502
0.977008076845 1.56342 0.0112269
0.983282332536 1.56565 0.0103548
0.989556969197 1.5715 0.0105332
0.995845630192 1.57598 0.00922298
1.00213621074 1.58061 0.0105489
1.00840482534 1.58616 0.0116027
1.01469414984 1.59073 0.0104838
1.02099255544 1.59626 0.0110224
1.02727398044 1.59964 0.0115907
1.0335591819 1.60641 0.0104866
1.03984755739 1.61022 0.0116355
1.04612697494 1.61518 0.0112671
1.05240343681 1.61958 0.0102772
1.05868070465 1.62507 0.010601
1.06496433307 1.63127 0.0113936
1.07125677744 1.63539 0.0104338
1.0775440488 1.63862 0.0107754
1.08382482019 1.64659 0.0120701
1.09010802394 1.65007 0.0100965
1.09638966596 1.65655 0.00964806
1.10268113206 1.66119 0.0109159
1.10896304759 1.66673 0.0104139
1.11522542846 1.67216 0.0110087
1.12150212761 1.67723 0.0126393
1.12779257382 1.68145 0.00958277
1.13408955267 1.68817 0.0109604
1.14036404965 1.69362 0.011637
1.14663918032 1.69867 0.01113
1.15294241299 1.70458 0.0100457
1.15922890675 1.70921 0.0103783
1.16550872189 1.71423 0.0112601
1.17179307626 1.71978 0.0106428
1.17808743637 1.72721 0.0107456
1.18436765425 1.73133 0.010167
1.1906346423 1.7367 0.0104769
1.19691220883 1.74306 0.0105419
1.20320157735 1.74751 0.0112845
1.20948684444 1.7545 0.00985807
1.21576390207 1.7602 0.0106487
1.22204975517 1.76572 0.0107738
1.22834061662 1.77119 0.0110777
1.23463298658 1.77711 0.0105493
1.24090224718 1.78315 0.0105747
1.24717483914 1.78992 0.0103056
1.25346545993 1.79581 0.0110258
1.25974995189 1.80056 0.0102744
1.26603214313 1.80672 0.0100333
1.27231628847 1.81278 0.0100407
1.27860415506 1.8186 0.0105865
1.28488658893 1.82495 0.0108546
1.29117542007 1.83019 0.00960425
1.29746572637 1.83695 0.00999949
1.30374182701 1.84256 0.0107415
1.31001732292 1.84901 0.0116105
1.31630144766 1.85503 0.0111988
1.32258676036 1.86073 0.0104482
1.32886549245 1.8669 0.010128
1.33514480495 1.87252 0.0098808
1.34144051627 1.87889 0.0110364
1.34773086842 1.88624 0.0111366
1.35400158999 1.8914 0.0107198
1.3602826093 1.89843 0.0108811
1.36656568646 1.90425 0.0115372
1.37285149848 1.90977 0.0109903
1.37913537293 1.91675 0.0110557
1.38540956715 1.92297 0.00955713
1.39169864122 1.92841 0.0106265
1.39798445144 1.93557 0.00995247
1.40426788341 1.94128 0.0102679
1.41055477948 1.94853 0.00982849
1.41683783355 1.95466 0.0110042
1.42311817719 1.95981 0.0108688
1.42939780116 1.96615 0.0096562
1.43568692182 1.97229 0.0109651
1.44197712177 1.98037 0.0107347
1.44825366785 1.98499 0.010271
1.45453234897 1.99152 0.0103924
1.46081931915 1.99799 0.0110425
1.4671103644 2.00412 0.0114232
1.47339290895 2.01009 0.0113364
1.47966996524 2.01643 0.0105278
1.4859561446 2.02266 0.0111258
1.49223361076 2.02803 0.0101694
1.49850247038 2.03517 0.0100969
1.50478575205 2.03988 0.0104165
1.51107599189 2.04668 0.0104768
1.51736163499 2.05175 0.0107245
1.52364857097 2.05823 0.00984552
1.52993803572 2.0646 0.0107238
1.53623017691 2.06981 0.0109685
1.54251071878 2.0751 0.0107531
1.54878396308 2.08203 0.0103775
1.55507306978 2.08733 0.0106537
1.56135732493 2.09211 0.0119379
1.56762912105 2.09855 0.0118681
1.5739136974 2.1038 0.0109604
1.58020354523 2.10993 0.0111096
1.58648539343 2.11431 0.010834
1.59276001426 2.11933 0.0107407
1.59904643639 2.12448 0.0101068
1.60534213664 2.12961 0.0105038
1.61161976836 2.13528 0.0119535
1.61789716835 2.14175 0.0113214
1.62418270854 2.14911 0.0111327
1.63046407995 2.15583 0.0106569
1.63674824683 2.16339 0.011111
1.64303013827 2.16923 0.0113489
1.64930808063 2.17636 0.0107601
1.65559224863 2.18353 0.0115132
1.66187827598 2.18939 0.0120913
1.66816823994 2.19664 0.0105099
1.6744495611 2.20265 0.0111282
1.68072138563 2.20949 0.0121858
1.68701215424 2.21629 0.0116302
1.6933074808 2.22362 0.0116567
1.69958064303 2.23015 0.0114053
1.70586179344 2.23489 0.0116266
1.71215172419 2.24314 0.0117672
1.71843538617 2.24928 0.0121021
1.72471844694 2.25659 0.0120017
1.73099491844 2.26244 0.012049
1.73728636032 2.27034 0.0116722
1.74356630258 2.27574 0.0116616
1.74983600778 2.28391 0.0113537
1.75612327869 2.29102 0.010914
1.76241061606 2.29764 0.011757
1.76869357896 2.30321 0.0118939
1.77497674839 2.31134 0.0117712
1.78126362161 2.31563 0.0115486
1.78754574761 2.32356 0.0111329
1.7938272923 2.33128 0.012391
1.80010772174 2.33693 0.0120092
1.80639091391 2.34405 0.0130443
1.81267451427 2.35162 0.0125315
1.81895363524 2.3569 0.0110729
1.82523850291 2.36372 0.0120179
1.8315236862 2.37136 0.0124561
1.83781040898 2.37895 0.0117223
1.84409642612 2.3858 0.0123497
1.8503769215 2.39132 0.0130718
1.85666074594 2.39918 0.0126667
1.86294359809 2.40528 0.0121032
1.86922204917 2.41247 0.01218
1.87550781357 2.41854 0.012754
1.88179499507 2.42615 0.0129762
1.88807781314 2.43331 0.0126006
1.89435244502 2.43897 0.0121052
1.90063796885 2.44676 0.0135079
1.90692833723 2.453 0.0116779
1.91320221586 2.4602 0.0134945
1.91948223445 2.46662 0.0137949
1.92577010575 2.47546 0.0117936
1.93206491035 2.4805 0.0136128
1.93834071151 2.48596 0.0134841
1.94460828613 2.49288 0.0136627
1.9508968614 2.50096 0.0140146
1.95718811973 2.50812 0.0136402
1.96347509207 2.51307 0.0127436
1.9697553281 2.51985 0.0133751
1.9760413775 2.52906 0.0127794
1.98233260336 2.53397 0.013518
1.98861171931 2.54166 0.0140768
1.99488792869 2.54703 0.0129546
2.00117304134 2.55382 0.0142238
2.00745262249 2.5613 0.0130873
2.01372721862 2.56815 0.0145509
2.02001108039 2.57521 0.0132877
2.02630405283 2.57993 0.0142417
2.03258735828 2.58701 0.0140663
2.03886100377 2.59281 0.0142557
2.04514489951 2.60042 0.0143594
2.05143683626 2.6066 0.0140911
2.05772382203 2.61347 0.0140126
2.0640044634 2.62116 0.0143436
2.07029278421 2.62476 0.0143697
2.07658471853 2.63318 0.0147958
2.08285424307 2.64081 0.014509
2.08912259138 2.6452 0.0147645
2.09541730178 2.65272 0.0153517
2.10170304464 2.65751 0.016025
2.10797273337 2.66277 0.0143388
2.11425579676 2.67125 0.0163785
2.12053788985 2.67692 0.015605
2.12682075079 2.6818 0.0159871
2.13310670204 2.68789 0.0174973
2.13940011923 2.69337 0.0165447
2.14568939859 2.70133 0.0159347
2.15195789682 2.70549 0.0156013
2.15824033347 2.7121 0.0170055
2.16453048092 2.71601 0.0150086
2.17081716829 2.72397 0.0155845
2.17709912993 2.72926 0.0166125
2.18337674027 2.73567 0.0169542
2.18965452646 2.74071 0.0150915
2.19593814184 2.74639 0.0168596
2.20221722867 2.74939 0.0178799
2.20849850085 2.75706 0.0178644
2.21479372465 2.76295 0.016193
2.22107581834 2.76937 0.0179335
2.22733812199 2.77741 0.0162822
2.23362792264 2.78059 0.0167649
2.2399287897 2.79068 0.0184516
2.24620084223 2.79332 0.0193719
2.2524810722 2.80167 0.0181857
2.25875993301 2.80966 0.0186498
2.26503776668 2.81649 0.0194777
2.27130391144 2.82166 0.020295
2.27758972822 2.83027 0.0191538
2.28389830542 2.83772 0.0203061
2.29017001225 2.84915 0.02134
2.29645357402 2.85473 0.0221528
2.30275372852 2.86041 0.022741
2.30903325986 2.86782 0.0190592
2.31530674049 2.8741 0.0215546
2.32158490306 2.88058 0.0221877
2.3278758488 2.88451 0.0217238
2.33415543799 2.89448 0.0220914
2.34041936871 2.90247 0.0213077
2.34670710068 2.90751 0.019405
2.3530032916 2.91689 0.0235018
2.35928989445 2.92128 0.0213701
2.36555387699 2.93183 0.0241491
2.37182578571 2.93256 0.0210505
2.3781409032 2.93952 0.0256597
2.38442809259 2.94644 0.0252607
2.39069258243 2.95441 0.0233607
2.39698813839 2.95988 0.0240435
2.40330354843 2.9672 0.0267957
2.40957307365 2.97319 0.0239885
2.41583080138 2.98271 0.0276139
2.42214385676 2.98802 0.0272526
2.42843005755 2.99298 0.0271591
2.43467776878 3.00518 0.0249174
2.44097021258 3.00431 0.0242805
2.44729898127 3.01742 0.0282874
2.45356911846 3.01634 0.0271251
2.45980003814 3.02183 0.0321081
2.4661092349 3.03032 0.0304679
2.47241430729 3.03629 0.0288907
2.47866355169 3.04205 0.031912
2.48493431628 3.04616 0.0328728
2.49124283111 3.05059 0.0362573
2.49755537626 3.06351 0.0286299
2.50380379021 3.06686 0.0321388
2.51005045336 3.07296 0.0384722
2.51638815336 3.07324 0.0316571
2.52269694929 3.08591 0.0380563
2.52891211798 3.08953 0.0368271
2.53519495098 3.08913 0.0382306
2.54155301509 3.09856 0.0371981
2.54783359884 3.09827 0.0408966
2.55402772623 3.1105 0.0366047
2.56033571996 3.1159 0.0354663
2.56672381747 3.11895 0.0447195
2.57294751341 3.12026 0.0400457
2.57911252531 3.13002 0.0368437
2.58547549612 3.13152 0.0440416
2.59185019505 3.14385 0.0500011
2.59805932148 3.13256 0.0511088
2.60429715989 3.15336 0.051057
2.61067449751 3.16608 0.0546684
2.61693283418 3.15885 0.0526672
2.62300854502 3.15411 0.0555641
2.62939753095 3.16338 0.0573002
2.63591057571 3.16617 0.0621762
2.64202978624 3.17111 0.0600881
2.64803951219 3.17931 0.0678711
2.65454096229 3.17946 0.0603398
2.66118028258 3.18476 0.0747313
2.66719514746 3.18952 0.0840186
2.67309090101 3.18477 0.0858564
2.67973176445 3.18991 0.0780915
2.68646693102 3.19702 0.0918138
2.69219835647 3.1827 0.0942913
2.69796467721 3.18625 0.0945314
2.70489193937 3.18836 0.102733
2.71182026315 3.18631 0.122731
2.71709790339 3.21087 0.16141
2.7227864466 3.20763 0.122797
2.72994784687 3.18793 0.148983
2.73706528781 3.2244 0.176848
2.74248820391 3.22861 0.290452
2.74787331837 3.21811 0.241847
2.75504313834 3.25467 0.276782
2.76219934437 3.24474 0.341752
2.76789278819 3.16396 0.591223
2.77283198247 3.18659 0.583415
2.77965581172 2.97466 1.39903
2.78599582346 29.8439 383.926
