0.0088996412247 2.02512 0.113051
0.0150791221651 2.02539 0.0634978
0.0214479018646 2.03278 0.0431762
0.0278366077649 2.0322 0.034593
0.034350997858 2.03406 0.0283521
0.0404788676143 2.03312 0.0331
0.0467671668358 2.042 0.0266165
0.0530822510177 2.03846 0.0245838
0.0594536244094 2.0399 0.0220478
0.0657622481459 2.03868 0.0230734
0.071966329067 2.04648 0.0216733
0.0782786091569 2.04954 0.0190216
0.0847039894583 2.05101 0.0199427
0.0909685462053 2.05656 0.0206225
0.0972078977683 2.06335 0.0205652
0.103476303896 2.06671 0.0188402
0.109757644425 2.06988 0.0186521
0.116054308478 2.0727 0.0172882
0.122366966654 2.07365 0.0183312
0.128681726309 2.07215 0.0167357
0.134950080166 2.0742 0.0177839
0.141194955884 2.07418 0.015899
0.147513357575 2.08128 0.0165401
0.153786507425 2.08396 0.0177568
0.160065754405 2.08352 0.0159964
0.166399116869 2.08621 0.0176219
0.172719564578 2.08651 0.0140953
0.178976521338 2.08747 0.015777
0.185235369065 2.08859 0.0154189
0.191480678734 2.08627 0.0175361
0.197788986865 2.08553 0.016265
0.204093773545 2.08192 0.0148191
0.210393930261 2.08494 0.0127335
0.216690970982 2.08205 0.018991
0.222970028122 2.08129 0.0163441
0.229262002709 2.07914 0.0159027
0.235514150837 2.07596 0.0142494
0.241791058382 2.07586 0.0149698
0.248085653944 2.07175 0.0144761
0.254349225687 2.06766 0.0177212
0.260633425188 2.06612 0.0162218
0.26692573709 2.06261 0.0162573
0.273242334314 2.05847 0.0146529
0.279552968008 2.05324 0.0150786
0.285836629231 2.0489 0.0163586
0.292087627139 2.0446 0.0161453
0.298344984444 2.04132 0.0141104
0.304638263941 2.03109 0.0145912
0.3109279127 2.02832 0.0145013
0.317216817162 2.02255 0.0152261
0.323518756794 2.01441 0.014654
0.329816821755 2.01118 0.016251
0.336117642946 2.0045 0.015159
0.342370037571 1.99893 0.0148104
0.348647819267 1.98708 0.014999
0.354941161441 1.98206 0.0147402
0.361191693542 1.97471 0.015374
0.367476708956 1.97006 0.014269
0.373764779528 1.96313 0.0156651
0.380065403148 1.95386 0.0148794
0.386353986126 1.9462 0.0158784
0.392614018136 1.93459 0.0135751
0.398926450032 1.93136 0.014439
0.405207324458 1.92151 0.0134256
0.411491647757 1.9142 0.0158917
0.417781427212 1.90314 0.014667
0.424040064873 1.89543 0.0138973
0.430342569027 1.88756 0.0159321
0.436635856026 1.87724 0.0153489
0.442899618322 1.87007 0.0150621
0.449163441853 1.8605 0.0140456
0.455441414625 1.85119 0.0148653
0.46176344703 1.84359 0.0124898
0.468064424202 1.83076 0.0133116
0.474348524276 1.82284 0.0143403
0.480635613682 1.81346 0.0142405
0.486901925839 1.80331 0.0149139
0.49316970996 1.79221 0.013256
0.499450674714 1.78386 0.0156074
0.505715905134 1.77293 0.0160876
0.511992399627 1.76488 0.0145246
0.518312609777 1.75427 0.0129748
0.524608963803 1.74186 0.01378
0.530875730848 1.73464 0.0152705
0.537157352795 1.72478 0.0131898
0.543457956378 1.71477 0.0144544
0.549743065239 1.70345 0.0145669
0.55599374275 1.69185 0.0135868
0.562285467661 1.6841 0.0136619
0.568601153723 1.67041 0.0135733
0.574880458942 1.66171 0.0146951
0.581155021034 1.65159 0.0136742
0.587439449666 1.64155 0.0134916
0.59371762203 1.62945 0.0136885
0.599997195479 1.62282 0.013214
0.606267911512 1.61136 0.01365
0.612546957644 1.59869 0.0137954
0.618847773304 1.58979 0.0127626
0.625131056744 1.57733 0.0129891
0.631402745038 1.56861 0.0147379
0.637700356273 1.55776 0.0137827
0.643985778331 1.54753 0.0131956
0.650268541717 1.53683 0.0138646
0.65655861177 1.52557 0.0159712
0.662836928236 1.51541 0.0119873
0.669118544496 1.5037 0.0126936
0.675407019858 1.49636 0.0142122
0.681683551459 1.48449 0.0135357
0.687959253386 1.47262 0.013608
0.694234431704 1.46251 0.0135872
0.700517540243 1.4507 0.0148322
0.706812495661 1.44285 0.0142338
0.713101900967 1.43069 0.0138407
0.719391825117 1.42137 0.0148325
0.72568338076 1.40997 0.0131165
0.731965268271 1.40083 0.0124924
0.738250799048 1.39186 0.0148217
0.744526584212 1.37935 0.0146374
0.750787110194 1.37099 0.0138254
0.757075846532 1.36161 0.0151163
0.76336412336 1.35279 0.0147192
0.769646295986 1.34301 0.0153818
0.775939486518 1.33337 0.0140888
0.782232914199 1.32306 0.013384
0.788531493652 1.31191 0.0150314
0.794789656698 1.30194 0.0155548
0.801049109659 1.29457 0.0153532
0.807336406173 1.28391 0.0143261
0.813622948837 1.27547 0.0150703
0.819915299896 1.26713 0.0180849
0.826195263639 1.25764 0.0149991
0.832489707008 1.24628 0.0136206
0.838795930921 1.24022 0.0142798
0.84506346397 1.23246 0.0163037
0.851328286756 1.22265 0.0149558
0.85761982639 1.21439 0.0164465
0.863905847706 1.20578 0.0160491
0.870183874549 1.19978 0.015479
0.876464109608 1.18938 0.0171977
0.88275038734 1.18335 0.015301
0.889033276839 1.175 0.015732
0.895308424711 1.1678 0.0141343
0.901595652167 1.15749 0.0150607
0.907883332809 1.153 0.0152933
0.914174410632 1.14355 0.0159658
0.920463081772 1.13703 0.0176709
0.926743441526 1.13161 0.0158115
0.933032419735 1.12522 0.0138954
0.939326578557 1.11718 0.0158071
0.94559748104 1.11314 0.015034
0.951866001855 1.10718 0.0153594
0.958141325553 1.09935 0.0164409
0.964435094511 1.09709 0.0166322
0.970735563357 1.09048 0.0173103
0.977008076845 1.08516 0.0192667
0.983282332536 1.07951 0.0168622
0.989556969197 1.07881 0.0178291
0.995845630192 1.07313 0.0166869
1.00213621074 1.07076 0.0168356
1.00840482534 1.06478 0.017692
1.01469414984 1.06418 0.0168615
1.02099255544 1.06134 0.0166751
1.02727398044 1.05957 0.0167545
1.0335591819 1.05546 0.0177629
1.03984755739 1.05541 0.0173189
1.04612697494 1.05556 0.017852
1.05240343681 1.05452 0.0202879
1.05868070465 1.04964 0.0155659
1.06496433307 1.05078 0.017831
1.07125677744 1.05005 0.0167569
1.0775440488 1.05439 0.0163261
1.08382482019 1.05067 0.0151499
1.09010802394 1.05472 0.0158275
1.09638966596 1.05413 0.0168518
1.10268113206 1.05963 0.0157445
1.10896304759 1.05797 0.0156
1.11522542846 1.06194 0.0188909
1.12150212761 1.06621 0.0169206
1.12779257382 1.06939 0.0173851
1.13408955267 1.07429 0.0182364
1.14036404965 1.07955 0.0160651
1.14663918032 1.08503 0.0173302
1.15294241299 1.08938 0.0147206
1.15922890675 1.0954 0.0159835
1.16550872189 1.10186 0.0168847
1.17179307626 1.11106 0.0133411
1.17808743637 1.11673 0.0155215
1.18436765425 1.12384 0.0143064
1.1906346423 1.13157 0.0152114
1.19691220883 1.14105 0.0163437
1.20320157735 1.14887 0.0150014
1.20948684444 1.16024 0.0137561
1.21576390207 1.16929 0.0133855
1.22204975517 1.17843 0.0149524
1.22834061662 1.19031 0.0155228
1.23463298658 1.20301 0.0161974
1.24090224718 1.21429 0.0130768
1.24717483914 1.22572 0.0150379
1.25346545993 1.23806 0.0163246
1.25974995189 1.25454 0.0148678
1.26603214313 1.26536 0.0134797
1.27231628847 1.27727 0.0128317
1.27860415506 1.29198 0.0143529
1.28488658893 1.31001 0.0149837
1.29117542007 1.32293 0.0134416
1.29746572637 1.33881 0.013796
1.30374182701 1.35487 0.0148539
1.31001732292 1.37352 0.0137606
1.31630144766 1.38851 0.0137208
1.32258676036 1.40428 0.0127361
1.32886549245 1.42406 0.0128184
1.33514480495 1.44469 0.0136201
1.34144051627 1.45981 0.0143526
1.34773086842 1.48213 0.0134709
1.35400158999 1.50053 0.0128312
1.3602826093 1.52122 0.0116479
1.36656568646 1.53839 0.0130423
1.37285149848 1.56077 0.0113934
1.37913537293 1.58179 0.0125776
1.38540956715 1.60147 0.0109892
1.39169864122 1.6234 0.0114746
1.39798445144 1.6457 0.0127673
1.40426788341 1.66768 0.0102541
1.41055477948 1.69093 0.0121382
1.41683783355 1.71194 0.0122218
1.42311817719 1.73755 0.0105606
1.42939780116 1.76063 0.0111718
1.43568692182 1.7868 0.0102712
1.44197712177 1.80947 0.01203
1.44825366785 1.83454 0.0116363
1.45453234897 1.8595 0.0109298
1.46081931915 1.88575 0.0109558
1.4671103644 1.90863 0.0106598
1.47339290895 1.9361 0.010959
1.47966996524 1.96392 0.0105506
1.4859561446 1.99022 0.012862
1.49223361076 2.01644 0.0112854
1.49850247038 2.04483 0.0111247
1.50478575205 2.06879 0.0112036
1.51107599189 2.09709 0.0101359
1.51736163499 2.12546 0.0106046
1.52364857097 2.15403 0.011376
1.52993803572 2.18078 0.0108947
1.53623017691 2.21022 0.00966777
1.54251071878 2.2391 0.00870745
1.54878396308 2.26735 0.00997618
1.55507306978 2.29778 0.00983671
1.56135732493 2.32524 0.0102906
1.56762912105 2.35339 0.00950814
1.5739136974 2.38308 0.0100782
1.58020354523 2.41233 0.0107236
1.58648539343 2.44287 0.0113377
1.59276001426 2.47155 0.0101983
1.59904643639 2.50067 0.00971819
1.60534213664 2.53151 0.0102898
1.61161976836 2.96353 0.0111807
1.61789716835 2.5595 0.00969334
1.62418270854 2.57369 0.00952012
1.63046407995 2.58899 0.0104704
1.63674824683 2.60318 0.0107361
1.64303013827 2.61796 0.00944015
1.64930808063 2.63456 0.0109361
1.65559224863 2.64861 0.0104539
1.66187827598 2.66601 0.0104984
1.66816823994 2.68162 0.0107549
1.6744495611 2.69761 0.0100302
1.68072138563 2.71538 0.0100309
1.68701215424 2.73272 0.0112287
1.6933074808 2.74684 0.0101317
1.69958064303 2.76517 0.0115009
1.70586179344 2.78237 0.0108267
1.71215172419 2.80112 0.0113113
1.71843538617 2.81842 0.0101339
1.72471844694 2.83626 0.0107862
1.73099491844 2.8543 0.0115009
1.73728636032 2.87367 0.0105835
1.74356630258 2.89117 0.0108704
1.74983600778 2.91012 0.0106578
1.75612327869 2.93056 0.0115553
1.76241061606 2.94848 0.0100533
1.76869357896 2.96669 0.0101202
1.77497674839 2.9864 0.0117646
1.78126362161 3.0054 0.012108
1.78754574761 3.02562 0.0116378
1.7938272923 3.0457 0.0122285
1.80010772174 3.06656 0.0109921
1.80639091391 3.08816 0.0113522
1.81267451427 3.10592 0.0107775
1.81895363524 3.12885 0.0131501
1.82523850291 3.15116 0.0119331
1.8315236862 3.16883 0.0123927
1.83781040898 3.19237 0.0118101
1.84409642612 3.21474 0.0120145
1.8503769215 3.2352 0.0127806
1.85666074594 3.25801 0.0116972
1.86294359809 3.28002 0.0115653
1.86922204917 3.3037 0.0123486
1.87550781357 3.32311 0.0118714
1.88179499507 3.34848 0.0133245
1.88807781314 3.37033 0.0133851
1.89435244502 3.39261 0.0135715
1.90063796885 3.41804 0.0128229
1.90692833723 3.44081 0.0127465
1.91320221586 3.46535 0.012697
1.91948223445 3.48897 0.0129477
1.92577010575 3.51284 0.0139385
1.93206491035 3.53822 0.0124767
1.93834071151 3.5605 0.0119307
1.94460828613 3.5865 0.0125361
1.9508968614 3.61122 0.0126757
1.95718811973 3.63523 0.0131183
1.96347509207 3.66071 0.0121046
1.9697553281 3.68695 0.0139465
1.9760413775 3.71071 0.0126854
1.98233260336 3.73671 0.0143378
1.98861171931 3.76305 0.0131379
1.99488792869 3.78718 0.0135953
2.00117304134 3.81301 0.0153072
2.00745262249 3.84063 0.0153211
2.01372721862 3.86425 0.0131739
2.02001108039 3.89299 0.014886
2.02630405283 3.91891 0.0134595
2.03258735828 3.94592 0.015208
2.03886100377 3.97131 0.013944
2.04514489951 3.99651 0.0136718
2.05143683626 4.02394 0.0149747
2.05772382203 4.05215 0.0158643
2.0640044634 4.07962 0.0152201
2.07029278421 4.10381 0.0159874
2.07658471853 4.13119 0.0156901
2.08285424307 4.15821 0.0161641
2.08912259138 4.18403 0.0168496
2.09541730178 4.21157 0.0152701
2.10170304464 4.23835 0.0160572
2.10797273337 4.26569 0.0169059
2.11425579676 4.29235 0.0171868
2.12053788985 4.3155 0.0191062
2.12682075079 4.3461 0.0165843
2.13310670204 4.36911 0.0174037
2.13940011923 4.39868 0.0164182
2.14568939859 4.4249 0.0160911
2.15195789682 4.44742 0.0184404
2.15824033347 4.47585 0.0172574
2.16453048092 4.49903 0.0192874
2.17081716829 4.52865 0.0175519
2.17709912993 4.54884 0.0173005
2.18337674027 4.57132 0.0193574
2.18965452646 4.59868 0.0182573
2.19593814184 4.62168 0.0192996
2.20221722867 4.64969 0.0183264
2.20849850085 4.66859 0.0180323
2.21479372465 4.69655 0.0201609
2.22107581834 4.71597 0.0178692
2.22733812199 4.73823 0.0200148
2.23362792264 4.76048 0.018608
2.2399287897 4.78046 0.0186101
2.24620084223 4.8034 0.0181258
2.2524810722 4.82245 0.021182
2.25875993301 4.84037 0.0220578
2.26503776668 4.85741 0.022015
2.27130391144 4.87557 0.0212499
2.27758972822 4.93938 0.021723
2.28389830542 4.91123 0.0229833
2.29017001225 4.9333 0.0239531
2.29645357402 4.95593 0.0222576
2.30275372852 4.97522 0.0235995
2.30903325986 4.99976 0.0221183
2.31530674049 5.01859 0.0234329
2.32158490306 5.04313 0.0238269
2.3278758488 5.06332 0.0239424
2.33415543799 5.08944 0.0275332
2.34041936871 5.1124 0.027321
2.34670710068 5.13508 0.0250069
2.3530032916 5.15687 0.026027
2.35928989445 5.18619 0.0274288
2.36555387699 5.21183 0.0272679
2.37182578571 5.23196 0.0278085
2.3781409032 5.25571 0.0260271
2.38442809259 5.28493 0.0307951
2.39069258243 5.30865 0.0316046
2.39698813839 5.33322 0.0278604
2.40330354843 5.3579 0.029568
2.40957307365 5.38624 0.026458
2.41583080138 5.41436 0.0320537
2.42214385676 5.43808 0.0308356
2.42843005755 5.4651 0.0312781
2.43467776878 5.48881 0.0307328
2.44097021258 5.52097 0.031475
2.44729898127 5.54553 0.0306444
2.45356911846 5.56803 0.037755
2.45980003814 5.59485 0.0353387
2.4661092349 5.62326 0.0363892
2.47241430729 5.65115 0.0358892
2.47866355169 5.678 0.0311402
2.48493431628 5.70335 0.0340774
2.49124283111 5.73191 0.0321545
2.49755537626 5.75622 0.0375952
2.50380379021 5.78123 0.0452284
2.51005045336 5.81173 0.0407803
2.51638815336 5.84081 0.0373737
2.52269694929 5.86584 0.0453729
2.52891211798 5.89115 0.0387156
2.53519495098 5.91965 0.0397527
2.54155301509 5.94146 0.0427303
2.54783359884 5.96682 0.0495107
2.55402772623 6.00112 0.0517555
2.56033571996 6.02692 0.042073
2.56672381747 6.05242 0.0474889
2.57294751341 6.0801 0.0480694
2.57911252531 6.10236 0.0518907
2.58547549612 6.12205 0.0460143
2.59185019505 6.15031 0.0545289
2.59805932148 6.17767 0.056651
2.60429715989 6.1967 0.0642392
2.61067449751 6.23327 0.05643
2.61693283418 6.25852 0.0622734
2.62300854502 6.28043 0.0582521
2.62939753095 6.2925 0.0608353
2.63591057571 6.33089 0.0655617
2.64202978624 6.34196 0.0657358
2.64803951219 6.36487 0.0724449
2.65454096229 6.39549 0.0709742
2.66118028258 6.41858 0.0680586
2.66719514746 6.44354 0.0790897
2.67309090101 6.46032 0.0740722
2.67973176445 6.47406 0.0875826
2.68646693102 6.50892 0.098179
2.69219835647 6.52418 0.0966182
2.69796467721 6.53054 0.0930642
2.70489193937 6.57299 0.11131
2.71182026315 6.58949 0.12246
2.71709790339 6.60161 0.157013
2.7227864466 6.64884 0.132042
2.72994784687 6.65092 0.138063
2.73706528781 6.66193 0.193775
2.74248820391 6.67418 0.268441
2.74787331837 6.72715 0.222693
2.75504313834 6.77382 0.272976
2.76219934437 6.76179 0.353232
2.76789278819 6.74859 0.6789
2.77283198247 6.79356 0.599197
2.77965581172 6.62521 1.36824
2.78599582346 645.834 1686.53
