0.0088996412247 3.40812 0.161316
0.0150791221651 3.3811 0.104149
0.0214479018646 3.35618 0.0635275
0.0278366077649 3.35393 0.0547695
0.034350997858 3.33304 0.046492
0.0404788676143 3.30953 0.0477002
0.0467671668358 3.29157 0.041966
0.0530822510177 3.25246 0.0401938
0.0594536244094 3.21333 0.0309677
0.0657622481459 3.17462 0.0314766
0.071966329067 3.13395 0.0298989
0.0782786091569 3.09135 0.0274226
0.0847039894583 3.04406 0.0253762
0.0909685462053 3.01178 0.0293042
0.0972078977683 2.97692 0.0292185
0.103476303896 2.92967 0.02614
0.109757644425 2.87895 0.0258241
0.116054308478 2.81884 0.0230415
0.122366966654 2.76026 0.0258195
0.128681726309 2.70302 0.0228266
0.134950080166 2.64658 0.0231322
0.141194955884 2.59896 0.0192784
0.147513357575 2.55718 0.0216759
0.153786507425 2.51612 0.021254
0.160065754405 2.46643 0.0208748
0.166399116869 2.422 0.0202179
0.172719564578 2.37403 0.0173708
0.178976521338 2.32892 0.0173528
0.185235369065 2.28409 0.0215368
0.191480678734 2.24062 0.0188573
0.197788986865 2.20285 0.0188759
0.204093773545 2.16189 0.0177956
0.210393930261 2.13163 0.0165252
0.216690970982 2.10078 0.0177935
0.222970028122 2.07222 0.0168094
0.229262002709 2.04393 0.0166085
0.235514150837 2.01429 0.0184715
0.241791058382 1.98958 0.0161744
0.248085653944 1.96633 0.0179638
0.254349225687 1.94119 0.0161655
0.260633425188 1.92026 0.0176286
0.26692573709 1.89994 0.0156002
0.273242334314 1.8792 0.0148201
0.279552968008 1.86571 0.0158483
0.285836629231 1.84674 0.015584
0.292087627139 1.83535 0.0159096
0.298344984444 1.82066 0.0158874
0.304638263941 1.80327 0.0165815
0.3109279127 1.78863 0.0155384
0.317216817162 1.77706 0.0161529
0.323518756794 1.76601 0.0174269
0.329816821755 1.75729 0.0149248
0.336117642946 1.74507 0.0152315
0.342370037571 1.73595 0.0165977
0.348647819267 1.72114 0.0174751
0.354941161441 1.71271 0.0155159
0.361191693542 1.70271 0.0157078
0.367476708956 1.69368 0.0151399
0.373764779528 1.68267 0.0147291
0.380065403148 1.67257 0.0149414
0.386353986126 1.66529 0.0159887
0.392614018136 1.65186 0.0155426
0.398926450032 1.64794 0.0150159
0.405207324458 1.69971 0.0151465
0.411491647757 1.62834 0.0159847
0.417781427212 1.61395 0.0160805
0.424040064873 1.6048 0.0149461
0.430342569027 1.59634 0.0153076
0.436635856026 1.58599 0.0173951
0.442899618322 1.57617 0.0164475
0.449163441853 1.56622 0.0160289
0.455441414625 1.55332 0.0155872
0.46176344703 1.54565 0.0148938
0.468064424202 1.53474 0.0152287
0.474348524276 1.52453 0.0159278
0.480635613682 1.51291 0.0155779
0.486901925839 1.50406 0.0159984
0.49316970996 1.49152 0.0170227
0.499450674714 1.48376 0.015944
0.505715905134 1.47045 0.0162759
0.511992399627 1.46377 0.016579
0.518312609777 1.45233 0.0144367
0.524608963803 1.44161 0.0149735
0.530875730848 1.43205 0.0150649
0.537157352795 1.42218 0.0134335
0.543457956378 1.41297 0.014831
0.549743065239 1.40119 0.0145236
0.55599374275 1.39191 0.0159304
0.562285467661 1.38049 0.0158628
0.568601153723 1.3699 0.014324
0.574880458942 1.35894 0.0163293
0.581155021034 1.34742 0.0151393
0.587439449666 1.34063 0.0150349
0.59371762203 1.32617 0.0168657
0.599997195479 1.31741 0.014827
0.606267911512 1.307 0.0157039
0.612546957644 1.2986 0.0154321
0.618847773304 1.28703 0.0154019
0.625131056744 1.27444 0.0158919
0.631402745038 1.26677 0.0171727
0.637700356273 1.25625 0.0162122
0.643985778331 1.24699 0.0158313
0.650268541717 1.23787 0.016511
0.65655861177 1.22683 0.0162724
0.662836928236 1.21705 0.0169683
0.669118544496 1.20811 0.0124303
0.675407019858 1.19942 0.0153097
0.681683551459 1.18908 0.0152478
0.687959253386 1.17734 0.0155689
0.694234431704 1.16819 0.0153974
0.700517540243 1.15859 0.0165159
0.706812495661 1.15169 0.0154202
0.713101900967 1.13972 0.0173245
0.719391825117 1.1301 0.0168151
0.72568338076 1.12178 0.0189283
0.731965268271 1.11358 0.0171149
0.738250799048 1.10237 0.017688
0.744526584212 1.08982 0.0162927
0.750787110194 1.08613 0.0161158
0.757075846532 1.07617 0.0185167
0.76336412336 1.07009 0.0181633
0.769646295986 1.06197 0.0182268
0.775939486518 1.05124 0.0167786
0.782232914199 1.04403 0.0173191
0.788531493652 1.03143 0.0157474
0.794789656698 1.02378 0.0172255
0.801049109659 1.01689 0.0195232
0.807336406173 1.01195 0.0185572
0.813622948837 1.00316 0.019699
0.819915299896 0.993609 0.0219791
0.826195263639 0.986141 0.0192547
0.832489707008 0.978137 0.0172151
0.838795930921 0.973925 0.0161453
0.84506346397 0.96086 0.0190938
0.851328286756 0.952399 0.0165742
0.85761982639 0.94729 0.0204057
0.863905847706 0.940671 0.0178277
0.870183874549 0.934363 0.0164221
0.876464109608 0.924127 0.0179621
0.88275038734 0.922129 0.0206274
0.889033276839 0.913673 0.0194521
0.895308424711 0.908298 0.0193953
0.901595652167 0.896407 0.0182822
0.907883332809 0.894013 0.0186539
0.914174410632 0.886712 0.0176859
0.920463081772 0.879266 0.0198645
0.926743441526 0.877449 0.0169868
0.933032419735 0.870356 0.0190523
0.939326578557 0.866013 0.0208754
0.94559748104 0.862107 0.020397
0.951866001855 0.853984 0.0198642
0.958141325553 0.851267 0.0204881
0.964435094511 0.850294 0.0185493
0.970735563357 0.840273 0.022988
0.977008076845 0.838951 0.0229198
0.983282332536 0.836134 0.0205968
0.989556969197 0.833474 0.0218655
0.995845630192 0.830667 0.0188589
1.00213621074 0.8314 0.0198512
1.00840482534 0.825959 0.0208535
1.01469414984 0.823027 0.0240552
1.02099255544 0.823082 0.0215771
1.02727398044 0.823303 0.0219506
1.0335591819 0.821674 0.0194394
1.03984755739 0.824479 0.0190199
1.04612697494 0.822158 0.0198671
1.05240343681 0.823101 0.0204353
1.05868070465 0.818863 0.0229594
1.06496433307 0.824116 0.0215292
1.07125677744 0.820261 0.019531
1.0775440488 0.826575 0.0200878
1.08382482019 0.826443 0.0193873
1.09010802394 0.833825 0.0184807
1.09638966596 0.835292 0.0205648
1.10268113206 0.838245 0.021135
1.10896304759 0.839484 0.0198523
1.11522542846 0.844215 0.021645
1.12150212761 0.848743 0.0199399
1.12779257382 0.856448 0.0162693
1.13408955267 0.863969 0.019514
1.14036404965 0.868621 0.0221764
1.14663918032 0.873129 0.0223285
1.15294241299 0.878958 0.0190167
1.15922890675 0.887811 0.0206729
1.16550872189 0.894609 0.0174469
1.17179307626 0.904805 0.0214485
1.17808743637 0.913613 0.019181
1.18436765425 0.919713 0.019698
1.1906346423 0.933538 0.0194632
1.19691220883 0.941567 0.0191094
1.20320157735 0.952428 0.0208837
1.20948684444 0.964169 0.0162975
1.21576390207 0.974692 0.0159705
1.22204975517 0.984564 0.0170244
1.22834061662 0.995811 0.0177498
1.23463298658 1.00987 0.0186088
1.24090224718 1.02236 0.0165881
1.24717483914 1.0342 0.0174298
1.25346545993 1.0491 0.0175846
1.25974995189 1.06534 0.0174924
1.26603214313 1.07842 0.017582
1.27231628847 1.08991 0.0175947
1.27860415506 1.10793 0.0189134
1.28488658893 1.12525 0.0176128
1.29117542007 1.13992 0.0165551
1.29746572637 1.15717 0.016102
1.30374182701 1.17317 0.0165222
1.31001732292 1.1928 0.0167154
1.31630144766 1.2088 0.0163657
1.32258676036 1.22377 0.0156748
1.32886549245 1.24711 0.0136431
1.33514480495 1.26585 0.0154388
1.34144051627 1.28349 0.0166382
1.34773086842 1.30542 0.0156815
1.35400158999 1.32605 0.0148716
1.3602826093 1.34619 0.0143176
1.36656568646 1.36648 0.0130279
1.37285149848 1.38804 0.0143272
1.37913537293 1.40933 0.0132573
1.38540956715 1.43077 0.0133761
1.39169864122 1.45211 0.0139649
1.39798445144 1.47535 0.014311
1.40426788341 1.49613 0.0130518
1.41055477948 1.5199 0.0130939
1.41683783355 1.54308 0.0121461
1.42311817719 1.56759 0.0115511
1.42939780116 1.59232 0.0115327
1.43568692182 1.61784 0.0126751
1.44197712177 1.63986 0.0117491
1.44825366785 1.66692 0.0135346
1.45453234897 1.69242 0.0119335
1.46081931915 1.71643 0.0116205
1.4671103644 1.74319 0.0108003
1.47339290895 1.76807 0.0122837
1.47966996524 1.79765 0.0118814
1.4859561446 1.82167 0.0116722
1.49223361076 1.85217 0.0118884
1.49850247038 1.87809 0.0110998
1.50478575205 1.90289 0.0121907
1.51107599189 1.93067 0.0105338
1.51736163499 1.96012 0.0108369
1.52364857097 1.98828 0.0114941
1.52993803572 2.01522 0.0120759
1.53623017691 2.04384 0.011634
1.54251071878 2.07501 0.0104714
1.54878396308 2.10244 0.0106505
1.55507306978 2.13187 0.0105145
1.56135732493 2.16133 0.010214
1.56762912105 2.18983 0.0102203
1.5739136974 2.22042 0.0109706
1.58020354523 2.24783 0.0114088
1.58648539343 2.2803 0.0106972
1.59276001426 2.30865 0.010742
1.59904643639 2.33956 0.0114946
1.60534213664 2.37076 0.0110841
1.61161976836 2.39179 0.0102693
1.61789716835 2.40473 0.0105064
1.62418270854 2.4189 0.00988269
1.63046407995 2.4327 0.0109923
1.63674824683 2.44586 0.0110507
1.64303013827 2.46111 0.00979153
1.64930808063 2.47675 0.0109951
1.65559224863 2.48977 0.0122821
1.66187827598 2.50551 0.0110976
1.66816823994 2.51999 0.0113568
1.6744495611 2.53635 0.01074
1.68072138563 2.55038 0.0110612
1.68701215424 2.56664 0.01152
1.6933074808 2.5797 0.011886
1.69958064303 2.59599 0.0120993
1.70586179344 2.61443 0.0111568
1.71215172419 2.63125 0.0124541
1.71843538617 2.64551 0.0120571
1.72471844694 2.66181 0.0114235
1.73099491844 2.67822 0.0100341
1.73728636032 2.69605 0.00990986
1.74356630258 2.71381 0.0124978
1.74983600778 2.7294 0.0121199
1.75612327869 2.749 0.0115429
1.76241061606 2.76653 0.0124793
1.76869357896 2.78422 0.0109595
1.77497674839 2.80121 0.0124998
1.78126362161 2.82034 0.011195
1.78754574761 2.83828 0.0115804
1.7938272923 2.85662 0.0134427
1.80010772174 2.87717 0.0121373
1.80639091391 2.89606 0.013478
1.81267451427 2.9137 0.0121583
1.81895363524 2.93466 0.0128125
1.82523850291 2.95569 0.0121761
1.8315236862 2.97233 0.0114281
1.83781040898 2.99438 0.0116275
1.84409642612 3.01395 0.0117272
1.8503769215 3.03634 0.0136571
1.85666074594 3.05533 0.0120754
1.86294359809 3.07629 0.0133055
1.86922204917 3.09825 0.0131108
1.87550781357 3.11881 0.0118889
1.88179499507 3.14 0.0119913
1.88807781314 3.16253 0.012085
1.89435244502 3.18388 0.0133064
1.90063796885 3.2061 0.0135825
1.90692833723 3.22834 0.0117883
1.91320221586 3.2523 0.0144843
1.91948223445 3.27497 0.0130601
1.92577010575 3.29719 0.013503
1.93206491035 3.32124 0.012764
1.93834071151 3.34318 0.0131177
1.94460828613 3.36613 0.0126083
1.9508968614 3.38954 0.013954
1.95718811973 3.41368 0.0129439
1.96347509207 3.43772 0.0131169
1.9697553281 3.46142 0.0130448
1.9760413775 3.48539 0.0142218
1.98233260336 3.51113 0.0139923
1.98861171931 3.53545 0.0137757
1.99488792869 3.55965 0.0144608
2.00117304134 3.58462 0.0137102
2.00745262249 3.61004 0.0148079
2.01372721862 3.63316 0.0126366
2.02001108039 3.65967 0.0158727
2.02630405283 3.68554 0.0147712
2.03258735828 3.71079 0.0159756
2.03886100377 3.73592 0.015052
2.04514489951 3.76063 0.01457
2.05143683626 3.78767 0.0166546
2.05772382203 3.81295 0.0148299
2.0640044634 3.83903 0.0154191
2.07029278421 3.86345 0.0153217
2.07658471853 3.88818 0.0159946
2.08285424307 3.91578 0.016983
2.08912259138 3.93953 0.0163676
2.09541730178 3.96747 0.0158452
2.10170304464 3.99279 0.0161671
2.10797273337 4.01955 0.0160543
2.11425579676 4.04561 0.0171312
2.12053788985 4.06763 0.0181225
2.12682075079 4.09734 0.0177298
2.13310670204 4.11979 0.0173473
2.13940011923 4.14722 0.0179379
2.14568939859 4.17239 0.0170742
2.15195789682 4.19542 0.0180279
2.15824033347 4.22254 0.0165833
2.16453048092 4.24557 0.01826
2.17081716829 4.27197 0.0182993
2.17709912993 4.29359 0.0186741
2.18337674027 4.31591 0.0191851
2.18965452646 4.34255 0.0190728
2.19593814184 4.3621 0.0191846
2.20221722867 4.39187 0.019664
2.20849850085 4.40661 0.0201873
2.21479372465 4.436 0.021259
2.22107581834 4.45348 0.0204168
2.22733812199 4.47276 0.0199536
2.23362792264 4.49724 0.0183031
2.2399287897 4.51418 0.0181001
2.24620084223 4.53651 0.0217581
2.2524810722 4.55105 0.0190538
2.25875993301 4.56795 0.0202201
2.26503776668 4.5846 0.0211091
2.27130391144 4.60301 0.0195481
2.27758972822 4.61558 0.0221778
2.28389830542 4.63224 0.0209061
2.29017001225 4.65341 0.0242525
2.29645357402 4.67158 0.024595
2.30275372852 4.68928 0.0204015
2.30903325986 4.71217 0.0225688
2.31530674049 4.73013 0.0231001
2.32158490306 4.75145 0.0262231
2.3278758488 4.77282 0.0230804
2.33415543799 4.79546 0.0241536
2.34041936871 4.81626 0.0250405
2.34670710068 4.83795 0.0253316
2.3530032916 4.85716 0.0257944
2.35928989445 4.88503 0.0262551
2.36555387699 4.90709 0.0277364
2.37182578571 4.93226 0.0269805
2.3781409032 4.95119 0.0273425
2.38442809259 4.97617 0.0273139
2.39069258243 5.00027 0.0294162
2.39698813839 5.02371 0.0260621
2.40330354843 5.04828 0.0286456
2.40957307365 5.07054 0.0228529
2.41583080138 5.09731 0.0292007
2.42214385676 5.12232 0.0293185
2.42843005755 5.14612 0.0302879
2.43467776878 5.16974 0.0307189
2.44097021258 5.19575 0.0326536
2.44729898127 5.22077 0.0333317
2.45356911846 5.24303 0.0338593
2.45980003814 5.27223 0.0315494
2.4661092349 5.301 0.0400957
2.47241430729 5.32067 0.0340997
2.47866355169 5.34492 0.0338046
2.48493431628 5.37394 0.0365284
2.49124283111 5.3972 0.0346626
2.49755537626 5.42376 0.0375218
2.50380379021 5.44586 0.0395192
2.51005045336 5.47497 0.0403664
2.51638815336 5.50228 0.036657
2.52269694929 5.52357 0.0413776
2.52891211798 5.5465 0.0417744
2.53519495098 5.57419 0.0423623
2.54155301509 5.59562 0.0411303
2.54783359884 5.62157 0.0453342
2.55402772623 5.65243 0.0505877
2.56033571996 5.6767 0.0501774
2.56672381747 5.70114 0.0467896
2.57294751341 5.72788 0.0477419
2.57911252531 5.75627 0.0553469
2.58547549612 5.77152 0.0531034
2.59185019505 5.79302 0.04556
2.59805932148 5.82344 0.0600824
2.60429715989 5.84053 0.0511816
2.61067449751 5.87044 0.0509837
2.61693283418 5.89821 0.0579863
2.62300854502 5.91804 0.0599919
2.62939753095 5.93681 0.0590643
2.63591057571 5.96409 0.0701555
2.64202978624 5.98772 0.0689155
2.64803951219 5.99943 0.0694835
2.65454096229 6.02753 0.0670155
2.66118028258 6.03908 0.0765308
2.66719514746 6.06791 0.0776353
2.67309090101 6.09488 0.0735856
2.67973176445 6.11255 0.0767604
2.68646693102 6.14015 0.097834
2.69219835647 6.15428 0.105509
2.69796467721 6.1506 0.10839
2.70489193937 6.19371 0.100521
2.71182026315 6.20495 0.118373
2.71709790339 6.19991 0.152028
2.7227864466 6.24165 0.129202
2.72994784687 6.27301 0.14187
2.73706528781 6.2573 0.195683
2.74248820391 6.28214 0.277714
2.74787331837 6.28712 0.231324
2.75504313834 6.34165 0.261961
2.76219934437 6.34732 0.322267
2.76789278819 6.31406 0.690111
2.77283198247 6.30819 0.616277
2.77965581172 6.52613 1.47161
2.78599582346 nan nan
