0.0088996412247 2.52607 0.120764
0.0150791221651 2.51529 0.0793907
0.0214479018646 2.52278 0.0503891
0.0278366077649 2.52802 0.0433292
0.034350997858 2.52325 0.0334455
0.0404788676143 2.5292 0.0369653
0.0467671668358 2.53349 0.0336708
0.0530822510177 2.52732 0.0296634
0.0594536244094 2.52742 0.0252625
0.0657622481459 2.52607 0.0264844
0.071966329067 2.52509 0.0242267
0.0782786091569 2.52602 0.0236745
0.0847039894583 2.52248 0.020684
0.0909685462053 2.5284 0.0241173
0.0972078977683 2.53614 0.0226802
0.103476303896 2.53196 0.0217094
0.109757644425 2.52887 0.0217268
0.116054308478 2.52371 0.0185276
0.122366966654 2.51446 0.0217901
0.128681726309 2.50484 0.0180696
0.134950080166 2.49813 0.0203952
0.141194955884 2.49227 0.0180989
0.147513357575 2.48831 0.0178065
0.153786507425 2.48509 0.0204336
0.160065754405 2.47482 0.0192512
0.166399116869 2.46812 0.0196073
0.172719564578 2.45648 0.0167897
0.178976521338 2.4449 0.0174323
0.185235369065 2.43362 0.0178453
0.191480678734 2.41714 0.017011
0.197788986865 2.4032 0.0171259
0.204093773545 2.38689 0.0156889
0.210393930261 2.37585 0.0159074
0.216690970982 2.35916 0.0176295
0.222970028122 2.34506 0.0161668
0.229262002709 2.33382 0.0150568
0.235514150837 2.31259 0.0168569
0.241791058382 2.29608 0.0158259
0.248085653944 2.2814 0.0171626
0.254349225687 2.25924 0.0175202
0.260633425188 2.24472 0.0167834
0.26692573709 2.22469 0.0148253
0.273242334314 2.20591 0.0140798
0.279552968008 2.18891 0.0138496
0.285836629231 2.16851 0.0161531
0.292087627139 2.15101 0.0165327
0.298344984444 2.13322 0.0130606
0.304638263941 2.11188 0.0156206
0.3109279127 2.09272 0.0159603
0.317216817162 2.07358 0.0143721
0.323518756794 2.05392 0.0158729
0.329816821755 2.03617 0.0160433
0.336117642946 2.01659 0.0146523
0.342370037571 1.99891 0.0161128
0.348647819267 1.97442 0.0157035
0.354941161441 1.95909 0.0146088
0.361191693542 1.94078 0.0149288
0.367476708956 1.92176 0.0148398
0.373764779528 1.9041 0.0146739
0.380065403148 1.88338 0.0144887
0.386353986126 1.86628 0.0171744
0.392614018136 1.84582 0.0157835
0.398926450032 1.83269 0.0132451
0.405207324458 1.81366 0.0124047
0.411491647757 1.798 0.0149449
0.417781427212 1.7779 0.013991
0.424040064873 1.76132 0.0148379
0.430342569027 1.74549 0.0155492
0.436635856026 1.72817 0.0179342
0.442899618322 1.7127 0.0176111
0.449163441853 1.6976 0.0158888
0.455441414625 1.67917 0.0164025
0.46176344703 1.66657 0.0133064
0.468064424202 1.64822 0.0148419
0.474348524276 1.636 0.0159799
0.480635613682 1.62064 0.0148286
0.486901925839 1.60497 0.0157074
0.49316970996 1.58822 0.014854
0.499450674714 1.57639 0.014894
0.505715905134 1.56259 0.0164267
0.511992399627 1.54849 0.0159092
0.518312609777 1.53549 0.015362
0.524608963803 1.52114 0.0144641
0.530875730848 1.5099 0.0172943
0.537157352795 1.49547 0.0142145
0.543457956378 1.48412 0.0146349
0.549743065239 1.46971 0.0163382
0.55599374275 1.45743 0.0141052
0.562285467661 1.44603 0.0147438
0.568601153723 1.43271 0.0145201
0.574880458942 1.42137 0.0159602
0.581155021034 1.40842 0.014355
0.587439449666 1.40014 0.0153598
0.59371762203 1.38517 0.0149493
0.599997195479 1.37878 0.0152437
0.606267911512 1.36569 0.0145536
0.612546957644 1.35362 0.0135633
0.618847773304 1.34178 0.013064
0.625131056744 1.33149 0.0143595
0.631402745038 1.3212 0.0169523
0.637700356273 1.31094 0.0148825
0.643985778331 1.29975 0.0149551
0.650268541717 1.29127 0.0163445
0.65655861177 1.27825 0.0159295
0.662836928236 1.27059 0.0168854
0.669118544496 1.25833 0.0136185
0.675407019858 1.25108 0.0143176
0.681683551459 1.24076 0.0159512
0.687959253386 1.23012 0.0160333
0.694234431704 1.22046 0.0149148
0.700517540243 1.21186 0.0166495
0.706812495661 1.20425 0.0153946
0.713101900967 1.19257 0.0158555
0.719391825117 1.18355 0.0150261
0.72568338076 1.17342 0.0168524
0.731965268271 1.16667 0.0152337
0.738250799048 1.15642 0.0178711
0.744526584212 1.14448 0.0161098
0.750787110194 1.13864 0.0151835
0.757075846532 1.13027 0.0185827
0.76336412336 1.12335 0.0152786
0.769646295986 1.11477 0.0168446
0.775939486518 1.1063 0.0163686
0.782232914199 1.09671 0.0171125
0.788531493652 1.0858 0.0154111
0.794789656698 1.07873 0.0193264
0.801049109659 1.06941 0.0183579
0.807336406173 1.21164 0.0146303
0.813622948837 1.0542 0.0172918
0.819915299896 1.04645 0.0204758
0.826195263639 1.0384 0.0188822
0.832489707008 1.02992 0.0177269
0.838795930921 1.02736 0.0164939
0.84506346397 1.01661 0.0188559
0.851328286756 1.00758 0.0176125
0.85761982639 1.00068 0.0192696
0.863905847706 0.993077 0.0182066
0.870183874549 0.987828 0.0168468
0.876464109608 0.979285 0.0184478
0.88275038734 0.9738 0.0191236
0.889033276839 0.967943 0.0197252
0.895308424711 0.961279 0.0178228
0.901595652167 0.951808 0.0184176
0.907883332809 0.948464 0.0187519
0.914174410632 0.93879 0.0181559
0.920463081772 0.930635 0.0186897
0.926743441526 0.930194 0.0193032
0.933032419735 0.925348 0.0185643
0.939326578557 0.91623 0.0201423
0.94559748104 0.913642 0.0198303
0.951866001855 0.907349 0.0212867
0.958141325553 0.902161 0.0190382
0.964435094511 0.898325 0.0188728
0.970735563357 0.890238 0.019558
0.977008076845 0.890038 0.0224726
0.983282332536 0.883535 0.0184089
0.989556969197 0.882644 0.0218902
0.995845630192 0.878537 0.0188182
1.00213621074 0.874682 0.0188127
1.00840482534 0.871575 0.0211333
1.01469414984 0.873278 0.0200038
1.02099255544 0.871003 0.0199236
1.02727398044 0.868803 0.0206968
1.0335591819 0.864214 0.0196109
1.03984755739 0.867766 0.0192332
1.04612697494 0.866695 0.0198834
1.05240343681 0.86705 0.0194287
1.05868070465 0.860683 0.0196247
1.06496433307 0.863645 0.0204962
1.07125677744 0.863668 0.0196452
1.0775440488 0.86686 0.0199934
1.08382482019 0.867268 0.0201213
1.09010802394 0.870911 0.0178466
1.09638966596 0.872471 0.0200201
1.10268113206 0.874754 0.0193465
1.10896304759 0.877048 0.01815
1.11522542846 0.88057 0.0195344
1.12150212761 0.882969 0.0177445
1.12779257382 0.889293 0.0175075
1.13408955267 0.897051 0.0183002
1.14036404965 0.904508 0.0183165
1.14663918032 0.904973 0.0204467
1.15294241299 0.909868 0.0186491
1.15922890675 0.917815 0.0191522
1.16550872189 0.923131 0.0207448
1.17179307626 0.931907 0.0169455
1.17808743637 0.938806 0.0197995
1.18436765425 0.944662 0.0173078
1.1906346423 0.959294 0.0177275
1.19691220883 0.964706 0.0198326
1.20320157735 0.97796 0.0178752
1.20948684444 0.986568 0.0159024
1.21576390207 0.998124 0.0157995
1.22204975517 1.00831 0.0173113
1.22834061662 1.01782 0.0176672
1.23463298658 1.03182 0.0185537
1.24090224718 1.04101 0.0162939
1.24717483914 1.05567 0.0168617
1.25346545993 1.06893 0.0177056
1.25974995189 1.08302 0.0159085
1.26603214313 1.09547 0.0170268
1.27231628847 1.10726 0.0175022
1.27860415506 1.1238 0.0163429
1.28488658893 1.14377 0.0164175
1.29117542007 1.15672 0.0153271
1.29746572637 1.17381 0.0146808
1.30374182701 1.189 0.0167516
1.31001732292 1.20835 0.0159804
1.31630144766 1.2239 0.0158277
1.32258676036 1.23967 0.0157756
1.32886549245 1.26106 0.0146623
1.33514480495 1.28056 0.0177773
1.34144051627 1.29585 0.0152117
1.34773086842 1.31894 0.0145282
1.35400158999 1.33806 0.0150659
1.3602826093 1.35899 0.0126287
1.36656568646 1.3772 0.0141718
1.37285149848 1.39936 0.0125599
1.37913537293 1.41856 0.0125026
1.38540956715 1.44024 0.0125392
1.39169864122 1.46353 0.0134605
1.39798445144 1.48501 0.0136372
1.40426788341 1.50762 0.0133005
1.41055477948 1.53013 0.0125916
1.41683783355 1.55268 0.012109
1.42311817719 1.57814 0.0118722
1.42939780116 1.60017 0.0114037
1.43568692182 1.62804 0.0126768
1.44197712177 1.6505 0.0118915
1.44825366785 1.67512 0.0124502
1.45453234897 1.70158 0.0124771
1.46081931915 1.72701 0.0120628
1.4671103644 1.7519 0.0113629
1.47339290895 1.77782 0.0127465
1.47966996524 1.80653 0.0111209
1.4859561446 1.83013 0.0117578
1.49223361076 1.85912 0.0126427
1.49850247038 1.88594 0.0112684
1.50478575205 1.91031 0.0117466
1.51107599189 1.93958 0.0119827
1.51736163499 1.96938 0.0104276
1.52364857097 1.99552 0.0116844
1.52993803572 2.02326 0.0106526
1.53623017691 2.0526 0.011602
1.54251071878 2.0829 0.0100132
1.54878396308 2.10998 0.0103219
1.55507306978 2.13973 0.010512
1.56135732493 2.16784 0.0104021
1.56762912105 2.1972 0.0106533
1.5739136974 2.22753 0.0116552
1.58020354523 2.25566 0.011737
1.58648539343 2.28728 0.0113962
1.59276001426 2.31618 0.010853
1.59904643639 2.34699 0.0113092
1.60534213664 2.37849 0.0104062
1.61161976836 2.40192 0.0105202
1.61789716835 2.41216 0.0105377
1.62418270854 2.42529 0.0101175
1.63046407995 2.44092 0.0105162
1.63674824683 2.45312 0.0104921
1.64303013827 2.46901 0.00985808
1.64930808063 2.48393 0.0103148
1.65559224863 2.49762 0.0106192
1.66187827598 2.5145 0.0105496
1.66816823994 2.52751 0.0109978
1.6744495611 2.54282 0.0102326
1.68072138563 2.55877 0.0119565
1.68701215424 2.57572 0.0118145
1.6933074808 2.58872 0.0103217
1.69958064303 2.60487 0.0118588
1.70586179344 2.62143 0.0109829
1.71215172419 2.63955 0.0118441
1.71843538617 2.6543 0.0112832
1.72471844694 2.67034 0.0115761
1.73099491844 2.68718 0.0113857
1.73728636032 2.70488 0.0117461
1.74356630258 2.72106 0.0115004
1.74983600778 2.73915 0.0121498
1.75612327869 2.75755 0.011797
1.76241061606 2.77619 0.0118922
1.76869357896 2.79275 0.0110309
1.77497674839 2.81137 0.0111637
1.78126362161 2.82886 0.0121925
1.78754574761 2.84784 0.0114561
1.7938272923 2.86647 0.0127542
1.80010772174 2.88578 0.0114129
1.80639091391 2.90524 0.0133724
1.81267451427 2.92319 0.0116782
1.81895363524 2.94455 0.0125587
1.82523850291 2.96499 0.0114534
1.8315236862 2.98234 0.0120059
1.83781040898 3.00382 0.0128898
1.84409642612 3.02381 0.0108605
1.8503769215 3.04579 0.014189
1.85666074594 3.06673 0.0122774
1.86294359809 3.08751 0.0126751
1.86922204917 3.10964 0.0127845
1.87550781357 3.12983 0.0128827
1.88179499507 3.15057 0.0120465
1.88807781314 3.17395 0.0120441
1.89435244502 3.19465 0.0131362
1.90063796885 3.21814 0.0125953
1.90692833723 3.24051 0.0127624
1.91320221586 3.26374 0.0137678
1.91948223445 3.288 0.0124756
1.92577010575 3.30937 0.0142591
1.93206491035 3.33423 0.0131263
1.93834071151 3.35505 0.0122614
1.94460828613 3.37855 0.0134582
1.9508968614 3.40212 0.0138124
1.95718811973 3.42601 0.0140347
1.96347509207 3.45049 0.0127017
1.9697553281 3.47459 0.0135704
1.9760413775 3.49884 0.0138234
1.98233260336 3.52432 0.0160796
1.98861171931 3.54931 0.0130158
1.99488792869 3.57302 0.0139496
2.00117304134 3.59973 0.0149947
2.00745262249 3.62404 0.0151994
2.01372721862 3.64685 0.0139898
2.02001108039 3.67364 0.0155134
2.02630405283 3.69934 0.0143906
2.03258735828 3.72563 0.0162414
2.03886100377 3.75074 0.0140873
2.04514489951 3.77524 0.0164524
2.05143683626 3.80281 0.0166266
2.05772382203 3.83004 0.0162772
2.0640044634 3.85564 0.0168279
2.07029278421 3.88019 0.0162685
2.07658471853 3.90493 0.0156085
2.08285424307 3.93253 0.0163807
2.08912259138 3.95668 0.0157161
2.09541730178 3.98345 0.0177197
2.10170304464 4.00973 0.0157586
2.10797273337 4.0355 0.0162117
2.11425579676 4.06264 0.0174926
2.12053788985 4.08399 0.0188282
2.12682075079 4.11333 0.0170305
2.13310670204 4.13657 0.018009
2.13940011923 4.16458 0.0169632
2.14568939859 4.19131 0.0163418
2.15195789682 4.21277 0.0186498
2.15824033347 4.24078 0.0167689
2.16453048092 4.26301 0.0186333
2.17081716829 4.28993 0.0190064
2.17709912993 4.31059 0.0185506
2.18337674027 4.33308 0.0199487
2.18965452646 4.36086 0.0190532
2.19593814184 4.37991 0.0187866
2.20221722867 4.40944 0.0190432
2.20849850085 4.42651 0.0192192
2.21479372465 4.45394 0.02043
2.22107581834 4.47235 0.0197767
2.22733812199 4.49358 0.01961
2.23362792264 4.51554 0.0184552
2.2399287897 4.53427 0.0196082
2.24620084223 4.55594 0.0208672
2.2524810722 4.57215 0.0201385
2.25875993301 4.58902 0.0213611
2.26503776668 4.60651 0.0196446
2.27130391144 4.62222 0.0169459
2.27758972822 4.63545 0.0201808
2.28389830542 4.65308 0.0211842
2.29017001225 4.67246 0.0236297
2.29645357402 4.69235 0.0226512
2.30275372852 4.71059 0.0224021
2.30903325986 4.73527 0.0235005
2.31530674049 4.75231 0.0239148
2.32158490306 4.77389 0.0243261
2.3278758488 4.79528 0.0228492
2.33415543799 4.81644 0.0257721
2.34041936871 4.83901 0.0227371
2.34670710068 4.85833 0.0244756
2.3530032916 4.88068 0.0264751
2.35928989445 4.90819 0.0253747
2.36555387699 4.93088 0.0273132
2.37182578571 4.95436 0.0275098
2.3781409032 4.97642 0.0234459
2.38442809259 5.0018 0.0271245
2.39069258243 5.02324 0.0298309
2.39698813839 5.04989 0.0292376
2.40330354843 5.0749 0.0289857
2.40957307365 5.09933 0.0235876
2.41583080138 5.12547 0.0298661
2.42214385676 5.14884 0.0296731
2.42843005755 5.17346 0.0293783
2.43467776878 5.19524 0.0277667
2.44097021258 5.22395 0.0332737
2.44729898127 5.24789 0.032644
2.45356911846 5.26892 0.0331278
2.45980003814 5.30174 0.0354843
2.4661092349 5.32538 0.0345419
2.47241430729 5.35052 0.0352982
2.47866355169 5.37528 0.0330214
2.48493431628 5.40151 0.038557
2.49124283111 5.42743 0.0343545
2.49755537626 5.44969 0.0375919
2.50380379021 5.47668 0.0389976
2.51005045336 5.50445 0.0398448
2.51638815336 5.531 0.0369589
2.52269694929 5.55258 0.0430927
2.52891211798 5.57785 0.03858
2.53519495098 5.60343 0.0427439
2.54155301509 5.62561 0.044728
2.54783359884 5.653 0.045954
2.55402772623 5.68425 0.0528298
2.56033571996 5.70788 0.0463296
2.56672381747 5.73417 0.0466702
2.57294751341 5.75545 0.047613
2.57911252531 5.78478 0.0539365
2.58547549612 5.80468 0.0510209
2.59185019505 5.82813 0.0495048
2.59805932148 5.85837 0.0542352
2.60429715989 5.87162 0.0575538
2.61067449751 5.90433 0.0508194
2.61693283418 5.93403 0.0604231
2.62300854502 5.95397 0.0618184
2.62939753095 5.97198 0.0612849
2.63591057571 5.99673 0.0639235
2.64202978624 6.01858 0.0659243
2.64803951219 6.02658 0.0685785
2.65454096229 6.06354 0.071835
2.66118028258 6.08307 0.0680563
2.66719514746 6.10217 0.0741435
2.67309090101 6.12039 0.0787203
2.67973176445 6.14584 0.0848504
2.68646693102 6.17136 0.0946142
2.69219835647 6.18564 0.105287
2.69796467721 6.18488 0.103678
2.70489193937 6.2262 0.109076
2.71182026315 6.24197 0.115878
2.71709790339 6.24506 0.158808
2.7227864466 6.2861 0.140961
2.72994784687 6.29635 0.13654
2.73706528781 6.28256 0.187394
2.74248820391 6.30564 0.287566
2.74787331837 6.33448 0.237691
2.75504313834 6.37357 0.266703
2.76219934437 6.36771 0.311644
2.76789278819 6.35053 0.645322
2.77283198247 6.38909 0.63235
2.77965581172 6.3105 1.21911
2.78599582346 nan nan
