0.0088996412247 0.606658 0.142236
0.0150791221651 0.587524 0.087892
0.0214479018646 0.583935 0.0519824
0.0278366077649 0.596757 0.0491473
0.034350997858 0.632048 0.0389442
0.0404788676143 0.653081 0.0392827
0.0467671668358 0.683026 0.0380661
0.0530822510177 0.702182 0.0309585
0.0594536244094 0.705922 0.0251616
0.0657622481459 0.714769 0.0244385
0.071966329067 0.734333 0.0272388
0.0782786091569 0.740682 0.0281547
0.0847039894583 0.76231 0.0256538
0.0909685462053 0.78175 0.0227702
0.0972078977683 0.797264 0.0254526
0.103476303896 0.806282 0.0266736
0.109757644425 0.817061 0.0225836
0.116054308478 0.824046 0.0235582
0.122366966654 0.824603 0.0220427
0.128681726309 0.823882 0.0217645
0.134950080166 0.830417 0.0197034
0.141194955884 0.830381 0.0212155
0.147513357575 0.834492 0.0199228
0.153786507425 0.834559 0.020812
0.160065754405 0.840267 0.0218517
0.166399116869 0.839794 0.0219877
0.172719564578 0.841401 0.0202236
0.178976521338 0.837759 0.0209906
0.185235369065 0.838222 0.0203364
0.191480678734 0.834852 0.0204108
0.197788986865 0.836704 0.0211048
0.204093773545 0.834182 0.019537
0.210393930261 0.833201 0.0205938
0.216690970982 0.82609 0.0212163
0.222970028122 0.824497 0.0209083
0.229262002709 0.823909 0.0235008
0.235514150837 0.82392 0.0219734
0.241791058382 0.820181 0.0218472
0.248085653944 0.820348 0.0236061
0.254349225687 0.819512 0.0274284
0.260633425188 0.820046 0.0211277
0.26692573709 0.81746 0.0232474
0.273242334314 0.816341 0.0215344
0.279552968008 0.815426 0.0204876
0.285836629231 0.816523 0.0211619
0.292087627139 0.81295 0.0236633
0.298344984444 0.809131 0.0252179
0.304638263941 0.812247 0.018547
0.3109279127 0.808093 0.0203932
0.317216817162 0.812083 0.0217212
0.323518756794 0.812626 0.0233437
0.329816821755 0.814912 0.0212962
0.336117642946 0.817033 0.0215744
0.342370037571 0.821432 0.0223045
0.348647819267 0.81922 0.0219623
0.354941161441 0.81989 0.0202798
0.361191693542 0.817769 0.02117
0.367476708956 0.821986 0.0205022
0.373764779528 0.825199 0.0234939
0.380065403148 0.824267 0.0221098
0.386353986126 0.823976 0.018855
0.392614018136 0.829566 0.0199341
0.398926450032 0.826915 0.0199706
0.405207324458 0.828144 0.0199084
0.411491647757 0.829057 0.0218731
0.417781427212 0.83042 0.0221672
0.424040064873 0.829541 0.0219167
0.430342569027 0.829968 0.022776
0.436635856026 0.831613 0.0200072
0.442899618322 0.831871 0.0205447
0.449163441853 0.830054 0.025344
0.455441414625 0.830754 0.021169
0.46176344703 0.831375 0.0201821
0.468064424202 0.83178 0.0216398
0.474348524276 0.830586 0.0197845
0.480635613682 0.829512 0.0208857
0.486901925839 0.832604 0.0195441
0.49316970996 0.826234 0.0200888
0.499450674714 0.830692 0.0236659
0.505715905134 0.823133 0.0200326
0.511992399627 0.823266 0.0222402
0.518312609777 0.81921 0.0198998
0.524608963803 0.815426 0.0210378
0.530875730848 0.81575 0.0215533
0.537157352795 0.811511 0.0217823
0.543457956378 0.810193 0.0233117
0.549743065239 0.806385 0.0213762
0.55599374275 0.801438 0.0214658
0.562285467661 0.800124 0.020928
0.568601153723 0.801334 0.0213355
0.574880458942 0.794291 0.0212513
0.581155021034 0.789882 0.0196889
0.587439449666 0.786308 0.0198649
0.59371762203 0.779465 0.0224697
0.599997195479 0.778981 0.026413
0.606267911512 0.772653 0.0253974
0.612546957644 0.768801 0.0209568
0.618847773304 0.766216 0.0219886
0.625131056744 0.761169 0.0226593
0.631402745038 0.758214 0.0228023
0.637700356273 0.752422 0.0215919
0.643985778331 0.749386 0.0225703
0.650268541717 0.740948 0.0209719
0.65655861177 0.742119 0.0224511
0.662836928236 0.732486 0.0211857
0.669118544496 0.731169 0.0258257
0.675407019858 0.729493 0.0194018
0.681683551459 0.722959 0.0230469
0.687959253386 0.712836 0.0236763
0.694234431704 0.714038 0.0229036
0.700517540243 0.711138 0.0220807
0.706812495661 0.701903 0.0232921
0.713101900967 0.700458 0.0209296
0.719391825117 0.699804 0.0239361
0.72568338076 0.692612 0.0234896
0.731965268271 0.684145 0.0245688
0.738250799048 0.683559 0.0225644
0.744526584212 0.683551 0.0227555
0.750787110194 0.677232 0.0225696
0.757075846532 0.673592 0.0262135
0.76336412336 0.670329 0.0259491
0.769646295986 0.66808 0.0224441
0.775939486518 0.661928 0.0257765
0.782232914199 0.661409 0.0242494
0.788531493652 0.658983 0.0233448
0.794789656698 0.655441 0.0269011
0.801049109659 0.646577 0.0255736
0.807336406173 0.874801 0.0170866
0.813622948837 0.647179 0.0261689
0.819915299896 0.641891 0.0254205
0.826195263639 0.64246 0.0242677
0.832489707008 0.639841 0.0235089
0.838795930921 0.63369 0.0254333
0.84506346397 0.635026 0.0246067
0.851328286756 0.637178 0.0248559
0.85761982639 0.633582 0.0241664
0.863905847706 0.634761 0.021814
0.870183874549 0.630962 0.0230933
0.876464109608 0.633146 0.0268221
0.88275038734 0.628335 0.0251211
0.889033276839 0.631952 0.0234655
0.895308424711 0.628774 0.0262426
0.901595652167 0.630069 0.0248041
0.907883332809 0.630024 0.0278209
0.914174410632 0.626033 0.0249384
0.920463081772 0.631476 0.0249277
0.926743441526 0.632412 0.0258585
0.933032419735 0.632093 0.023895
0.939326578557 0.636413 0.0254194
0.94559748104 0.638922 0.0251577
0.951866001855 0.637778 0.0248116
0.958141325553 0.640951 0.0234156
0.964435094511 0.641171 0.0232754
0.970735563357 0.648027 0.0227246
0.977008076845 0.654696 0.0239123
0.983282332536 0.653561 0.0232215
0.989556969197 0.658013 0.0212261
0.995845630192 0.661304 0.0238686
1.00213621074 0.665601 0.0240525
1.00840482534 0.669204 0.0242549
1.01469414984 0.675781 0.0225028
1.02099255544 0.679644 0.0224843
1.02727398044 0.6847 0.0253023
1.0335591819 0.684562 0.023364
1.03984755739 0.692677 0.0234
1.04612697494 0.704021 0.020063
1.05240343681 0.707176 0.0199455
1.05868070465 0.71456 0.0216519
1.06496433307 0.722546 0.0238784
1.07125677744 0.728012 0.0208311
1.0775440488 0.733154 0.0218537
1.08382482019 0.744235 0.0239852
1.09010802394 0.751738 0.0210002
1.09638966596 0.760839 0.0204734
1.10268113206 0.765268 0.0214154
1.10896304759 0.777383 0.0219174
1.11522542846 0.787327 0.0203458
1.12150212761 0.799688 0.0200429
1.12779257382 0.803416 0.0188794
1.13408955267 0.815314 0.0200008
1.14036404965 0.830534 0.0213614
1.14663918032 0.838995 0.0191595
1.15294241299 0.851422 0.0192132
1.15922890675 0.860918 0.0179215
1.16550872189 0.870302 0.018973
1.17179307626 0.881513 0.0182094
1.17808743637 0.899886 0.0184546
1.18436765425 0.908917 0.0183842
1.1906346423 0.92072 0.0184833
1.19691220883 0.936036 0.017431
1.20320157735 0.947212 0.0176091
1.20948684444 0.962728 0.0196423
1.21576390207 0.977189 0.015995
1.22204975517 0.992327 0.0161696
1.22834061662 1.00862 0.0169767
1.23463298658 1.02436 0.0173775
1.24090224718 1.03642 0.0161486
1.24717483914 1.04969 0.0147493
1.25346545993 1.07352 0.0132753
1.25974995189 1.08478 0.0170522
1.26603214313 1.10397 0.0169109
1.27231628847 1.1204 0.0142408
1.27860415506 1.13602 0.0142065
1.28488658893 1.15494 0.015586
1.29117542007 1.17028 0.0130171
1.29746572637 1.19214 0.0132689
1.30374182701 1.2087 0.0145473
1.31001732292 1.2295 0.0138943
1.31630144766 1.24603 0.0132573
1.32258676036 1.26624 0.0141444
1.32886549245 1.28636 0.0135227
1.33514480495 1.30584 0.0123696
1.34144051627 1.32677 0.0134883
1.34773086842 1.34672 0.0128797
1.35400158999 1.36835 0.0129263
1.3602826093 1.38964 0.0127961
1.36656568646 1.41106 0.0112375
1.37285149848 1.42987 0.0135582
1.37913537293 1.45615 0.0118071
1.38540956715 1.47753 0.0116885
1.39169864122 1.49639 0.0121474
1.39798445144 1.52401 0.0127255
1.40426788341 1.54605 0.011821
1.41055477948 1.56934 0.0115229
1.41683783355 1.59331 0.0107633
1.42311817719 1.61681 0.0115654
1.42939780116 1.64034 0.011779
1.43568692182 1.66414 0.0125234
1.44197712177 1.69134 0.0106029
1.44825366785 1.71733 0.0116445
1.45453234897 1.74238 0.0111006
1.46081931915 1.76611 0.0120285
1.4671103644 1.79158 0.0116916
1.47339290895 1.81885 0.012947
1.47966996524 1.84615 0.0119413
1.4859561446 1.87176 0.0116066
1.49223361076 1.89965 0.0111915
1.49850247038 1.92626 0.0108069
1.50478575205 1.95322 0.0104836
1.51107599189 1.98118 0.0114128
1.51736163499 2.00915 0.00934021
1.52364857097 2.03637 0.0102697
1.52993803572 2.06366 0.0107927
1.53623017691 2.09124 0.0101848
1.54251071878 2.12057 0.00962262
1.54878396308 2.14991 0.0100725
1.55507306978 2.17752 0.0090234
1.56135732493 2.20764 0.0115592
1.56762912105 2.2359 0.0109301
1.5739136974 2.26605 0.009996
1.58020354523 2.29433 0.0107966
1.58648539343 2.32466 0.0108051
1.59276001426 2.35353 0.00980621
1.59904643639 2.38259 0.00982622
1.60534213664 2.41522 0.00957383
1.61161976836 2.43919 0.0108424
1.61789716835 2.44857 0.0102348
1.62418270854 2.46182 0.0109023
1.63046407995 2.47663 0.00878342
1.63674824683 2.49073 0.00999199
1.64303013827 2.50415 0.0106962
1.64930808063 2.51902 0.0106827
1.65559224863 2.53193 0.0109725
1.66187827598 2.54762 0.0103727
1.66816823994 2.56298 0.0107418
1.6744495611 2.57846 0.0103578
1.68072138563 2.592 0.0106999
1.68701215424 2.60841 0.00981132
1.6933074808 2.62429 0.00971226
1.69958064303 2.63837 0.0111118
1.70586179344 2.65266 0.0101363
1.71215172419 2.67253 0.0118608
1.71843538617 2.68656 0.0115742
1.72471844694 2.70259 0.0117259
1.73099491844 2.7196 0.011261
1.73728636032 2.73655 0.0102226
1.74356630258 2.75294 0.011573
1.74983600778 2.76979 0.0105796
1.75612327869 2.78786 0.0113626
1.76241061606 2.80457 0.0120892
1.76869357896 2.82273 0.0112419
1.77497674839 2.8406 0.0117006
1.78126362161 2.85731 0.0120813
1.78754574761 2.87493 0.0103606
1.7938272923 2.89481 0.012233
1.80010772174 2.91304 0.0105772
1.80639091391 2.93284 0.0127396
1.81267451427 2.95015 0.0123364
1.81895363524 2.97032 0.0125011
1.82523850291 2.99092 0.012829
1.8315236862 3.00847 0.012106
1.83781040898 3.03016 0.0104475
1.84409642612 3.04912 0.0122643
1.8503769215 3.06834 0.0119858
1.85666074594 3.08808 0.0130173
1.86294359809 3.10889 0.0118779
1.86922204917 3.13036 0.0111024
1.87550781357 3.15113 0.0124661
1.88179499507 3.17234 0.0119934
1.88807781314 3.19475 0.0110168
1.89435244502 3.21335 0.0124286
1.90063796885 3.23604 0.0136005
1.90692833723 3.25766 0.0124673
1.91320221586 3.28043 0.0128263
1.91948223445 3.30279 0.0126293
1.92577010575 3.3236 0.0134182
1.93206491035 3.34813 0.0135875
1.93834071151 3.36712 0.0133246
1.94460828613 3.3925 0.0140275
1.9508968614 3.41494 0.013261
1.95718811973 3.43887 0.0136496
1.96347509207 3.46315 0.0131661
1.9697553281 3.48557 0.0132265
1.9760413775 3.5097 0.0138228
1.98233260336 3.5318 0.0132632
1.98861171931 3.55901 0.0130753
1.99488792869 3.57944 0.0135645
2.00117304134 3.60613 0.0139052
2.00745262249 3.62985 0.0137493
2.01372721862 3.6526 0.0134909
2.02001108039 3.68116 0.0129662
2.02630405283 3.70307 0.0140127
2.03258735828 3.72822 0.0139344
2.03886100377 3.75369 0.0146879
2.04514489951 3.77641 0.0145529
2.05143683626 3.80367 0.0149563
2.05772382203 3.83001 0.0142852
2.0640044634 3.85211 0.0143971
2.07029278421 3.8802 0.0153735
2.07658471853 3.90326 0.0143862
2.08285424307 3.93135 0.0158059
2.08912259138 3.9522 0.0148625
2.09541730178 3.9818 0.0157552
2.10170304464 4.0065 0.015883
2.10797273337 4.0299 0.0151561
2.11425579676 4.05713 0.0156737
2.12053788985 4.07961 0.0176434
2.12682075079 4.10816 0.0154252
2.13310670204 4.13059 0.0170126
2.13940011923 4.15575 0.0174621
2.14568939859 4.18197 0.0165361
2.15195789682 4.20251 0.0150653
2.15824033347 4.23008 0.0172422
2.16453048092 4.25194 0.0162355
2.17081716829 4.27862 0.0158909
2.17709912993 4.30168 0.0183114
2.18337674027 4.32508 0.0179322
2.18965452646 4.34867 0.0175414
2.19593814184 4.36783 0.0177865
2.20221722867 4.39555 0.0171024
2.20849850085 4.41309 0.0179931
2.21479372465 4.43801 0.0181365
2.22107581834 4.46054 0.0187472
2.22733812199 4.47822 0.0178293
2.23362792264 4.50287 0.0187997
2.2399287897 4.51834 0.0208408
2.24620084223 4.54021 0.0192203
2.2524810722 4.55309 0.0205511
2.25875993301 4.5733 0.0193577
2.26503776668 4.58807 0.0205046
2.27130391144 4.60357 0.0211658
2.27758972822 4.61703 0.0185944
2.28389830542 4.63168 0.0214236
2.29017001225 4.65299 0.0215499
2.29645357402 4.6722 0.0198741
2.30275372852 4.689 0.0218435
2.30903325986 4.70946 0.020918
2.31530674049 4.73075 0.0221887
2.32158490306 4.74772 0.0224154
2.3278758488 4.76774 0.0224654
2.33415543799 4.7903 0.0261307
2.34041936871 4.81126 0.0229966
2.34670710068 4.83408 0.0196883
2.3530032916 4.85551 0.0244414
2.35928989445 4.88028 0.0255409
2.36555387699 4.90206 0.027299
2.37182578571 4.92344 0.0262504
2.3781409032 4.94251 0.0273676
2.38442809259 4.96616 0.0253952
2.39069258243 4.99416 0.0253951
2.39698813839 5.0183 0.0271868
2.40330354843 5.03777 0.0270834
2.40957307365 5.06255 0.0297296
2.41583080138 5.08312 0.0270881
2.42214385676 5.11117 0.0259039
2.42843005755 5.13476 0.0321573
2.43467776878 5.15861 0.0300985
2.44097021258 5.18353 0.0272606
2.44729898127 5.2102 0.0314574
2.45356911846 5.23827 0.0307565
2.45980003814 5.25536 0.0340363
2.4661092349 5.28334 0.0331819
2.47241430729 5.3056 0.0321115
2.47866355169 5.33646 0.0335605
2.48493431628 5.36029 0.0347621
2.49124283111 5.37979 0.03833
2.49755537626 5.40541 0.0321604
2.50380379021 5.4303 0.0351747
2.51005045336 5.45354 0.0426211
2.51638815336 5.48093 0.0356121
2.52269694929 5.5072 0.0419711
2.52891211798 5.53693 0.0336516
2.53519495098 5.55357 0.0390096
2.54155301509 5.58467 0.0415989
2.54783359884 5.61067 0.0457522
2.55402772623 5.63573 0.0445333
2.56033571996 5.6546 0.0437198
2.56672381747 5.68236 0.0497201
2.57294751341 5.70658 0.0495306
2.57911252531 5.73153 0.0457108
2.58547549612 5.7501 0.0528473
2.59185019505 5.77371 0.0452724
2.59805932148 5.7964 0.0523361
2.60429715989 5.8272 0.0584844
2.61067449751 5.85432 0.0502457
2.61693283418 5.87595 0.0604853
2.62300854502 5.89497 0.0576819
2.62939753095 5.90774 0.0602944
2.63591057571 5.94017 0.0579043
2.64202978624 5.96153 0.0687442
2.64803951219 5.97566 0.0723524
2.65454096229 6.00223 0.0714239
2.66118028258 6.02282 0.0716879
2.66719514746 6.04525 0.0809773
2.67309090101 6.05448 0.0866768
2.67973176445 6.08136 0.0800586
2.68646693102 6.12752 0.0968863
2.69219835647 6.12793 0.0988057
2.69796467721 6.13173 0.102597
2.70489193937 6.15507 0.100648
2.71182026315 6.19963 0.118603
2.71709790339 6.20303 0.159663
2.7227864466 6.22073 0.125343
2.72994784687 6.23201 0.143333
2.73706528781 6.25447 0.17911
2.74248820391 6.28893 0.250095
2.74787331837 6.274 0.202918
2.75504313834 6.34039 0.270134
2.76219934437 6.29881 0.348918
2.76789278819 6.28767 0.661829
2.77283198247 6.32231 0.558029
2.77965581172 6.53263 1.50766
2.78599582346 nan nan
