0.0088996412247 0.854148 0.135963
0.0150791221651 0.846279 0.0712196
0.0214479018646 0.842804 0.0469192
0.0278366077649 0.854194 0.0391562
0.034350997858 0.86421 0.0323378
0.0404788676143 0.873396 0.0326962
0.0467671668358 0.880877 0.0287209
0.0530822510177 0.886635 0.026885
0.0594536244094 0.882989 0.025643
0.0657622481459 0.884334 0.0235849
0.071966329067 0.889396 0.0200646
0.0782786091569 0.889502 0.0197718
0.0847039894583 0.890031 0.0207526
0.0909685462053 0.891818 0.021067
0.0972078977683 0.891249 0.0197984
0.103476303896 0.883205 0.0198333
0.109757644425 0.884205 0.0206001
0.116054308478 0.879493 0.0219568
0.122366966654 0.876856 0.0194028
0.128681726309 0.869298 0.01842
0.134950080166 0.862479 0.0194125
0.141194955884 0.857097 0.0186117
0.147513357575 0.846509 0.020799
0.153786507425 0.837559 0.0212717
0.160065754405 0.829826 0.0192669
0.166399116869 0.816621 0.0205732
0.172719564578 0.810254 0.0194164
0.178976521338 0.794802 0.0198055
0.185235369065 0.79281 0.0196545
0.191480678734 0.782294 0.0196872
0.197788986865 0.774037 0.0197263
0.204093773545 0.759936 0.0203715
0.210393930261 0.748913 0.0222359
0.216690970982 0.731051 0.0221023
0.222970028122 0.723705 0.0222277
0.229262002709 0.708742 0.0235691
0.235514150837 0.695919 0.0229378
0.241791058382 0.679718 0.0245474
0.248085653944 0.671 0.0258818
0.254349225687 0.657694 0.0270876
0.260633425188 0.646867 0.0207493
0.26692573709 0.62947 0.024203
0.273242334314 0.61807 0.0230534
0.279552968008 0.604433 0.030282
0.285836629231 0.587467 0.0234892
0.292087627139 0.576592 0.0312732
0.298344984444 0.558087 0.030401
0.304638263941 0.539212 0.0276827
0.3109279127 0.526708 0.0267534
0.317216817162 0.513686 0.0323526
0.323518756794 0.499868 0.0348967
0.329816821755 0.48542 0.0329536
0.336117642946 0.472391 0.0309361
0.342370037571 0.459977 0.0369072
0.348647819267 0.437072 0.0380477
0.354941161441 0.416279 0.0317694
0.361191693542 0.399769 0.0388388
0.367476708956 0.378974 0.03859
0.373764779528 0.375056 0.0453078
0.380065403148 0.34727 0.044713
0.386353986126 0.326051 0.038152
0.392614018136 0.311708 0.0575736
0.398926450032 0.282405 0.060679
0.405207324458 nan nan
0.411491647757 nan nan
0.417781427212 nan nan
0.424040064873 nan nan
0.430342569027 nan nan
0.436635856026 nan nan
0.442899618322 nan nan
0.449163441853 nan nan
0.455441414625 nan nan
0.46176344703 nan nan
0.468064424202 nan nan
0.474348524276 nan nan
0.480635613682 nan nan
0.486901925839 nan nan
0.49316970996 nan nan
0.499450674714 nan nan
0.505715905134 nan nan
0.511992399627 nan nan
0.518312609777 nan nan
0.524608963803 nan nan
0.530875730848 nan nan
0.537157352795 nan nan
0.543457956378 nan nan
0.549743065239 nan nan
0.55599374275 nan nan
0.562285467661 nan nan
0.568601153723 nan nan
0.574880458942 nan nan
0.581155021034 nan nan
0.587439449666 nan nan
0.59371762203 nan nan
0.599997195479 nan nan
0.606267911512 nan nan
0.612546957644 nan nan
0.618847773304 nan nan
0.625131056744 nan nan
0.631402745038 nan nan
0.637700356273 nan nan
0.643985778331 nan nan
0.650268541717 nan nan
0.65655861177 nan nan
0.662836928236 nan nan
0.669118544496 nan nan
0.675407019858 nan nan
0.681683551459 nan nan
0.687959253386 nan nan
0.694234431704 nan nan
0.700517540243 nan nan
0.706812495661 nan nan
0.713101900967 nan nan
0.719391825117 nan nan
0.72568338076 nan nan
0.731965268271 nan nan
0.738250799048 nan nan
0.744526584212 nan nan
0.750787110194 nan nan
0.757075846532 nan nan
0.76336412336 nan nan
0.769646295986 nan nan
0.775939486518 nan nan
0.782232914199 nan nan
0.788531493652 nan nan
0.794789656698 nan nan
0.801049109659 nan nan
0.807336406173 nan nan
0.813622948837 nan nan
0.819915299896 nan nan
0.826195263639 nan nan
0.832489707008 nan nan
0.838795930921 nan nan
0.84506346397 nan nan
0.851328286756 nan nan
0.85761982639 nan nan
0.863905847706 nan nan
0.870183874549 nan nan
0.876464109608 nan nan
0.88275038734 nan nan
0.889033276839 nan nan
0.895308424711 nan nan
0.901595652167 nan nan
0.907883332809 nan nan
0.914174410632 nan nan
0.920463081772 nan nan
0.926743441526 nan nan
0.933032419735 nan nan
0.939326578557 nan nan
0.94559748104 nan nan
0.951866001855 nan nan
0.958141325553 nan nan
0.964435094511 nan nan
0.970735563357 0.279928 0.0604108
0.977008076845 0.306329 0.0525422
0.983282332536 0.308398 0.0500863
0.989556969197 0.330168 0.0406972
0.995845630192 0.332372 0.0417546
1.00213621074 0.345798 0.0450714
1.00840482534 0.36212 0.044354
1.01469414984 0.373136 0.0428063
1.02099255544 0.385117 0.0376891
1.02727398044 0.398776 0.0397687
1.0335591819 0.407756 0.0368925
1.03984755739 0.421979 0.0332096
1.04612697494 0.432574 0.0359525
1.05240343681 0.444898 0.0303719
1.05868070465 0.454338 0.0315166
1.06496433307 0.463662 0.0368538
1.07125677744 0.477893 0.0324561
1.0775440488 0.483564 0.0322933
1.08382482019 0.504876 0.0327501
1.09010802394 0.515215 0.0291055
1.09638966596 0.526619 0.0308706
1.10268113206 0.536927 0.0316368
1.10896304759 0.547176 0.0246698
1.11522542846 0.566682 0.0269168
1.12150212761 0.575981 0.0233852
1.12779257382 0.582781 0.0284451
1.13408955267 0.603305 0.0233998
1.14036404965 0.615207 0.027533
1.14663918032 0.628024 0.0242215
1.15294241299 0.646214 0.0219326
1.15922890675 0.653932 0.0227878
1.16550872189 0.665882 0.02386
1.17179307626 0.684101 0.0246646
1.17808743637 0.698479 0.0234494
1.18436765425 0.710307 0.0234456
1.1906346423 0.727109 0.0239078
1.19691220883 0.742451 0.0213414
1.20320157735 0.758913 0.0219119
1.20948684444 0.773368 0.0247982
1.21576390207 0.789392 0.0216495
1.22204975517 0.804118 0.0208193
1.22834061662 0.823113 0.0188457
1.23463298658 0.839732 0.0199295
1.24090224718 0.85777 0.016644
1.24717483914 0.870564 0.0189889
1.25346545993 0.892687 0.0183977
1.25974995189 0.907454 0.0176675
1.26603214313 0.925972 0.0188266
1.27231628847 0.943633 0.0189304
1.27860415506 0.962067 0.0170523
1.28488658893 0.981209 0.0182025
1.29117542007 0.997822 0.0150849
1.29746572637 1.01608 0.0164838
1.30374182701 1.03646 0.0157444
1.31001732292 1.05767 0.015352
1.31630144766 1.07629 0.0164209
1.32258676036 1.09535 0.0155852
1.32886549245 1.11706 0.0150815
1.33514480495 1.13927 0.0128839
1.34144051627 1.15743 0.0129664
1.34773086842 1.18107 0.0144291
1.35400158999 1.20206 0.0158605
1.3602826093 1.22284 0.0164147
1.36656568646 1.24536 0.0133291
1.37285149848 1.26576 0.0136488
1.37913537293 1.29008 0.0130299
1.38540956715 1.31342 0.0123566
1.39169864122 1.33426 0.0146978
1.39798445144 1.36372 0.0130535
1.40426788341 1.3833 0.0136882
1.41055477948 1.40724 0.0140946
1.41683783355 1.43224 0.0130128
1.42311817719 1.45582 0.0110978
1.42939780116 1.48106 0.0130183
1.43568692182 1.50532 0.0129594
1.44197712177 1.5319 0.0122805
1.44825366785 1.55764 0.0131091
1.45453234897 1.58264 0.0120931
1.46081931915 1.6085 0.0126829
1.4671103644 1.63559 0.0127369
1.47339290895 1.66182 0.0135467
1.47966996524 1.68916 0.0112739
1.4859561446 1.71532 0.0117959
1.49223361076 1.7437 0.0111924
1.49850247038 1.77171 0.0120707
1.50478575205 1.79779 0.0113623
1.51107599189 1.82809 0.0109514
1.51736163499 1.85512 0.0108826
1.52364857097 1.8835 0.011237
1.52993803572 1.91078 0.0114369
1.53623017691 1.93826 0.010885
1.54251071878 1.97043 0.0113977
1.54878396308 1.99764 0.0108686
1.55507306978 2.02727 0.0118812
1.56135732493 2.05928 0.0111252
1.56762912105 2.08698 0.0106162
1.5739136974 2.11602 0.0100537
1.58020354523 2.14479 0.0108928
1.58648539343 2.17593 0.0109532
1.59276001426 2.20521 0.0100087
1.59904643639 2.23548 0.0101163
1.60534213664 2.26673 0.00969312
1.61161976836 2.7436 0.0108842
1.61789716835 2.29112 0.0106458
1.62418270854 2.3 0.0121293
1.63046407995 2.31403 0.0103727
1.63674824683 2.32619 0.0111242
1.64303013827 2.3386 0.0108969
1.64930808063 2.35095 0.0109245
1.65559224863 2.36344 0.0112981
1.66187827598 2.37737 0.0116497
1.66816823994 2.39215 0.0107253
1.6744495611 2.40721 0.0110015
1.68072138563 2.41979 0.0109044
1.68701215424 2.43518 0.0111215
1.6933074808 2.45022 0.0109385
1.69958064303 2.46411 0.0111176
1.70586179344 2.47822 0.0112531
1.71215172419 2.49425 0.0116476
1.71843538617 2.50907 0.011323
1.72471844694 2.5228 0.0111352
1.73099491844 2.54101 0.0113841
1.73728636032 2.55518 0.0105798
1.74356630258 2.57107 0.0112697
1.74983600778 2.58736 0.0106115
1.75612327869 2.60444 0.0112821
1.76241061606 2.62049 0.0121575
1.76869357896 2.63783 0.0117352
1.77497674839 2.65382 0.0125312
1.78126362161 2.67059 0.0120224
1.78754574761 2.68612 0.0109704
1.7938272923 2.70594 0.0120583
1.80010772174 2.72428 0.0118633
1.80639091391 2.74062 0.0128836
1.81267451427 2.75858 0.012168
1.81895363524 2.77718 0.012889
1.82523850291 2.79726 0.0129125
1.8315236862 2.81432 0.0120159
1.83781040898 2.83399 0.0112002
1.84409642612 2.8509 0.0111405
1.8503769215 2.8713 0.01317
1.85666074594 2.88977 0.0129265
1.86294359809 2.90872 0.0139408
1.86922204917 2.92911 0.0124562
1.87550781357 2.94991 0.0120597
1.88179499507 2.96925 0.0132526
1.88807781314 2.99075 0.0135663
1.89435244502 3.00864 0.0132475
1.90063796885 3.03032 0.0141111
1.90692833723 3.05186 0.0134943
1.91320221586 3.07272 0.0132977
1.91948223445 3.09371 0.0133252
1.92577010575 3.1144 0.0136728
1.93206491035 3.137 0.0140819
1.93834071151 3.15507 0.0150836
1.94460828613 3.17968 0.0125851
1.9508968614 3.2017 0.0138071
1.95718811973 3.22401 0.0141432
1.96347509207 3.24704 0.014456
1.9697553281 3.2678 0.0145657
1.9760413775 3.29175 0.0138007
1.98233260336 3.31419 0.0135176
1.98861171931 3.33908 0.0141136
1.99488792869 3.36025 0.0148267
2.00117304134 3.38495 0.0153498
2.00745262249 3.40781 0.0135213
2.01372721862 3.42934 0.0133783
2.02001108039 3.45617 0.0140496
2.02630405283 3.47794 0.0140569
2.03258735828 3.5029 0.0152975
2.03886100377 3.52611 0.0153132
2.04514489951 3.54933 0.0158475
2.05143683626 3.57512 0.0150794
2.05772382203 3.59885 0.0160061
2.0640044634 3.62293 0.0163552
2.07029278421 3.64944 0.0148161
2.07658471853 3.67036 0.0150299
2.08285424307 3.69797 0.0161719
2.08912259138 3.71807 0.0156674
2.09541730178 3.74605 0.0151053
2.10170304464 3.77002 0.01719
2.10797273337 3.79334 0.0149374
2.11425579676 3.81782 0.015484
2.12053788985 3.84122 0.0169053
2.12682075079 3.86844 0.0158805
2.13310670204 3.89151 0.0185075
2.13940011923 3.91501 0.0165577
2.14568939859 3.94215 0.0170547
2.15195789682 3.95977 0.0164066
2.15824033347 3.98752 0.0181855
2.16453048092 4.00733 0.017261
2.17081716829 4.03226 0.0174007
2.17709912993 4.05582 0.0189868
2.18337674027 4.07653 0.0192173
2.18965452646 4.10194 0.0171979
2.19593814184 4.1189 0.0159792
2.20221722867 4.14687 0.0190003
2.20849850085 4.16411 0.0196352
2.21479372465 4.18761 0.0184457
2.22107581834 4.20624 0.02042
2.22733812199 4.22385 0.0178923
2.23362792264 4.24638 0.0186442
2.2399287897 4.26222 0.0195414
2.24620084223 4.2815 0.0196039
2.2524810722 4.29232 0.0197548
2.25875993301 4.31194 0.0208771
2.26503776668 4.3252 0.0193427
2.27130391144 4.33693 0.0191261
2.27758972822 4.40337 0.0186802
2.28389830542 4.36197 0.0236658
2.29017001225 4.38076 0.0222693
2.29645357402 4.395 0.0208897
2.30275372852 4.41035 0.0218339
2.30903325986 4.43231 0.0209236
2.31530674049 4.44996 0.021195
2.32158490306 4.46603 0.023304
2.3278758488 4.48448 0.024716
2.33415543799 4.50383 0.0240355
2.34041936871 4.52205 0.0205297
2.34670710068 4.54302 0.0223482
2.3530032916 4.56321 0.0236215
2.35928989445 4.58638 0.0249186
2.36555387699 4.60761 0.0261943
2.37182578571 4.62631 0.0279694
2.3781409032 4.64612 0.0249555
2.38442809259 4.66891 0.0273865
2.39069258243 4.69328 0.0260072
2.39698813839 4.71398 0.0259572
2.40330354843 4.73575 0.028517
2.40957307365 4.75784 0.029146
2.41583080138 4.77773 0.0287462
2.42214385676 4.80524 0.0314875
2.42843005755 4.82618 0.0279814
2.43467776878 4.85072 0.0291338
2.44097021258 4.86995 0.0307262
2.44729898127 4.89718 0.0310023
2.45356911846 4.9215 0.0321113
2.45980003814 4.94031 0.0318448
2.4661092349 4.96598 0.0342086
2.47241430729 4.98651 0.0334891
2.47866355169 5.01468 0.0330211
2.48493431628 5.03621 0.0316824
2.49124283111 5.05722 0.035231
2.49755537626 5.08353 0.0336772
2.50380379021 5.1054 0.0345042
2.51005045336 5.13325 0.0393379
2.51638815336 5.1555 0.0357727
2.52269694929 5.17939 0.0395268
2.52891211798 5.20866 0.0376562
2.53519495098 5.22542 0.0367673
2.54155301509 5.25217 0.0421366
2.54783359884 5.27706 0.0432486
2.55402772623 5.3056 0.043139
2.56033571996 5.32316 0.042114
2.56672381747 5.34644 0.0483885
2.57294751341 5.37549 0.0446668
2.57911252531 5.39748 0.042251
2.58547549612 5.419 0.0504887
2.59185019505 5.44389 0.0457639
2.59805932148 5.45838 0.0550718
2.60429715989 5.50043 0.0516412
2.61067449751 5.51802 0.0488834
2.61693283418 5.5423 0.0565897
2.62300854502 5.56522 0.0578674
2.62939753095 5.5755 0.0573474
2.63591057571 5.60391 0.0565304
2.64202978624 5.6209 0.0678797
2.64803951219 5.64276 0.0707333
2.65454096229 5.67545 0.073199
2.66118028258 5.68816 0.0762065
2.66719514746 5.71464 0.0808798
2.67309090101 5.7244 0.0868095
2.67973176445 5.74853 0.0758794
2.68646693102 5.79737 0.0952322
2.69219835647 5.80143 0.0853089
2.69796467721 5.80544 0.0923486
2.70489193937 5.84488 0.0991384
2.71182026315 5.87557 0.113657
2.71709790339 5.89654 0.140418
2.7227864466 5.91049 0.123747
2.72994784687 5.91851 0.145626
2.73706528781 5.96452 0.161113
2.74248820391 5.9967 0.268768
2.74787331837 5.99006 0.193393
2.75504313834 6.0571 0.259062
2.76219934437 6.0817 0.321709
2.76789278819 5.98596 0.556525
2.77283198247 6.07026 0.54872
2.77965581172 6.27265 1.33796
2.78599582346 616.388 1529.02
