0.0088996412247 0.994595 0.198166
0.0150791221651 0.935422 0.101293
0.0214479018646 0.905694 0.0708887
0.0278366077649 0.928544 0.0579093
0.034350997858 0.957191 0.0477641
0.0404788676143 0.981992 0.0486658
0.0467671668358 1.00621 0.0410037
0.0530822510177 1.01622 0.0380068
0.0594536244094 1.00729 0.0325099
0.0657622481459 1.01234 0.0297895
0.071966329067 1.02037 0.0365743
0.0782786091569 1.02662 0.0325529
0.0847039894583 1.05138 0.0314295
0.0909685462053 1.07735 0.0270591
0.0972078977683 1.104 0.0270419
0.103476303896 1.12078 0.0299602
0.109757644425 1.13607 0.0223897
0.116054308478 1.14146 0.0240313
0.122366966654 1.14346 0.0227327
0.128681726309 1.14782 0.0229454
0.134950080166 1.16814 0.0214383
0.141194955884 1.17901 0.0233722
0.147513357575 1.19554 0.0193724
0.153786507425 1.21261 0.0195582
0.160065754405 1.23348 0.0215266
0.166399116869 1.24757 0.0198007
0.172719564578 1.2638 0.0187931
0.178976521338 1.2771 0.0205699
0.185235369065 1.29458 0.0191287
0.191480678734 1.30464 0.0181717
0.197788986865 1.31791 0.0184637
0.204093773545 1.32718 0.0193456
0.210393930261 1.33829 0.0196474
0.216690970982 1.34536 0.0183076
0.222970028122 1.35098 0.017187
0.229262002709 1.35691 0.0191969
0.235514150837 1.35991 0.0156489
0.241791058382 1.3651 0.0188192
0.248085653944 1.36897 0.0191526
0.254349225687 1.37415 0.0165206
0.260633425188 1.37351 0.0169213
0.26692573709 1.37167 0.0176558
0.273242334314 1.37164 0.0170673
0.279552968008 1.36643 0.0171372
0.285836629231 1.36308 0.0170549
0.292087627139 1.35879 0.0172833
0.298344984444 1.3503 0.0187215
0.304638263941 1.34582 0.0160005
0.3109279127 1.33817 0.0154812
0.317216817162 1.33544 0.0154812
0.323518756794 1.32867 0.0181837
0.329816821755 1.32143 0.017808
0.336117642946 1.31526 0.016945
0.342370037571 1.30982 0.0174873
0.348647819267 1.30024 0.018619
0.354941161441 1.2947 0.0162353
0.361191693542 1.28431 0.0178721
0.367476708956 1.27642 0.0166467
0.373764779528 1.27556 0.0175802
0.380065403148 1.26424 0.0158656
0.386353986126 1.25554 0.0162545
0.392614018136 1.25023 0.0172616
0.398926450032 1.24262 0.0153361
0.405207324458 1.31622 0.0140429
0.411491647757 1.22775 0.0170087
0.417781427212 1.2218 0.0166194
0.424040064873 1.21196 0.0141623
0.430342569027 1.20524 0.0183541
0.436635856026 1.20101 0.017009
0.442899618322 1.19364 0.0149912
0.449163441853 1.18717 0.017391
0.455441414625 1.17718 0.0168535
0.46176344703 1.16957 0.0170326
0.468064424202 1.16457 0.0169623
0.474348524276 1.15913 0.0153799
0.480635613682 1.14829 0.0173754
0.486901925839 1.14585 0.0140684
0.49316970996 1.13332 0.0176491
0.499450674714 1.13102 0.0159187
0.505715905134 1.12116 0.0171284
0.511992399627 1.11229 0.0186943
0.518312609777 1.10598 0.0146835
0.524608963803 1.09515 0.0161502
0.530875730848 1.08975 0.0183324
0.537157352795 1.08304 0.017191
0.543457956378 1.076 0.0166451
0.549743065239 1.06789 0.0169922
0.55599374275 1.06236 0.0168063
0.562285467661 1.05448 0.0158291
0.568601153723 1.05256 0.0161707
0.574880458942 1.04171 0.0171803
0.581155021034 1.03539 0.0174305
0.587439449666 1.02883 0.0161552
0.59371762203 1.01831 0.0178916
0.599997195479 1.0137 0.0188343
0.606267911512 1.00491 0.0200029
0.612546957644 0.998488 0.0174638
0.618847773304 0.993515 0.0179946
0.625131056744 0.984781 0.0177401
0.631402745038 0.979465 0.0168349
0.637700356273 0.970747 0.0181856
0.643985778331 0.9675 0.0188153
0.650268541717 0.954789 0.01727
0.65655861177 0.953729 0.0192011
0.662836928236 0.943071 0.0195626
0.669118544496 0.937558 0.0189422
0.675407019858 0.930679 0.0166533
0.681683551459 0.925095 0.0190508
0.687959253386 0.917472 0.0177826
0.694234431704 0.910281 0.0180377
0.700517540243 0.9078 0.0178422
0.706812495661 0.898274 0.0177637
0.713101900967 0.894264 0.0168608
0.719391825117 0.888724 0.0188521
0.72568338076 0.881172 0.0171037
0.731965268271 0.8755 0.0192355
0.738250799048 0.870227 0.0194669
0.744526584212 0.864 0.0172586
0.750787110194 0.8592 0.0213868
0.757075846532 0.850311 0.0187539
0.76336412336 0.846815 0.0182489
0.769646295986 0.842645 0.0215153
0.775939486518 0.835389 0.0205174
0.782232914199 0.831722 0.0204741
0.788531493652 0.826658 0.0209599
0.794789656698 0.82099 0.0226343
0.801049109659 0.8137 0.0189566
0.807336406173 0.813567 0.0223708
0.813622948837 0.805861 0.0204557
0.819915299896 0.803213 0.0211801
0.826195263639 0.795051 0.0210817
0.832489707008 0.793527 0.0195686
0.838795930921 0.785068 0.0214485
0.84506346397 0.783771 0.0201346
0.851328286756 0.783103 0.0207445
0.85761982639 0.774037 0.0208302
0.863905847706 0.771976 0.0197171
0.870183874549 0.769169 0.0194782
0.876464109608 0.766579 0.0211002
0.88275038734 0.761923 0.0184755
0.889033276839 0.758973 0.0220464
0.895308424711 0.755409 0.0234081
0.901595652167 0.752224 0.022241
0.907883332809 0.753024 0.0241853
0.914174410632 0.744613 0.0230681
0.920463081772 0.746977 0.0223031
0.926743441526 0.744934 0.0223238
0.933032419735 0.741954 0.0224142
0.939326578557 0.742093 0.0229798
0.94559748104 0.741474 0.0184123
0.951866001855 0.740161 0.0207652
0.958141325553 0.736568 0.0226241
0.964435094511 0.735639 0.0204941
0.970735563357 0.740153 0.02109
0.977008076845 0.744674 0.0203972
0.983282332536 0.740266 0.0215816
0.989556969197 0.7438 0.0216578
0.995845630192 0.740179 0.0191796
1.00213621074 0.7416 0.0218259
1.00840482534 0.74606 0.0203827
1.01469414984 0.749717 0.0199812
1.02099255544 0.753469 0.0192675
1.02727398044 0.753343 0.0238596
1.0335591819 0.752951 0.0194362
1.03984755739 0.75771 0.0207468
1.04612697494 0.760915 0.022966
1.05240343681 0.767381 0.0189655
1.05868070465 0.769933 0.0202475
1.06496433307 0.775306 0.0248617
1.07125677744 0.778317 0.0207439
1.0775440488 0.782028 0.0197491
1.08382482019 0.790114 0.0223604
1.09010802394 0.795594 0.0198064
1.09638966596 0.802552 0.0191394
1.10268113206 0.807936 0.0182476
1.10896304759 0.814655 0.0207731
1.11522542846 0.82392 0.018923
1.12150212761 0.831017 0.0208209
1.12779257382 0.836365 0.0160121
1.13408955267 0.845071 0.0195623
1.14036404965 0.856434 0.0190982
1.14663918032 0.864986 0.0199169
1.15294241299 0.876134 0.0187345
1.15922890675 0.885641 0.0201693
1.16550872189 0.893361 0.018776
1.17179307626 0.902529 0.0179401
1.17808743637 0.916841 0.0167723
1.18436765425 0.925677 0.0186418
1.1906346423 0.938352 0.0181365
1.19691220883 0.948461 0.0186491
1.20320157735 0.960988 0.0187171
1.20948684444 0.973211 0.019595
1.21576390207 0.987233 0.0186952
1.22204975517 1.00215 0.0194974
1.22834061662 1.01512 0.0182137
1.23463298658 1.03133 0.0172188
1.24090224718 1.04483 0.0181023
1.24717483914 1.05794 0.0152921
1.25346545993 1.07686 0.0151091
1.25974995189 1.08739 0.0164793
1.26603214313 1.10739 0.0144385
1.27231628847 1.12375 0.0165143
1.27860415506 1.13821 0.0160859
1.28488658893 1.15578 0.0168727
1.29117542007 1.16878 0.0148286
1.29746572637 1.19276 0.0153837
1.30374182701 1.2072 0.0153784
1.31001732292 1.22852 0.0147342
1.31630144766 1.24396 0.0156207
1.32258676036 1.26303 0.013482
1.32886549245 1.28381 0.0141389
1.33514480495 1.30254 0.0150565
1.34144051627 1.32265 0.0135033
1.34773086842 1.3417 0.0140044
1.35400158999 1.36411 0.0119815
1.3602826093 1.38405 0.0139967
1.36656568646 1.40709 0.0134651
1.37285149848 1.42524 0.0146459
1.37913537293 1.45191 0.0112162
1.38540956715 1.47031 0.0114591
1.39169864122 1.49226 0.0123206
1.39798445144 1.51829 0.0138489
1.40426788341 1.53886 0.0126379
1.41055477948 1.56374 0.0126002
1.41683783355 1.58674 0.0117479
1.42311817719 1.61106 0.0126347
1.42939780116 1.63317 0.012828
1.43568692182 1.65922 0.0115182
1.44197712177 1.68417 0.0117647
1.44825366785 1.70925 0.0111383
1.45453234897 1.73547 0.0105287
1.46081931915 1.75957 0.011749
1.4671103644 1.78471 0.0115395
1.47339290895 1.81204 0.0129905
1.47966996524 1.8389 0.0114077
1.4859561446 1.86453 0.0114959
1.49223361076 1.89169 0.0114401
1.49850247038 1.91932 0.0105322
1.50478575205 1.94556 0.0108081
1.51107599189 1.97366 0.0116618
1.51736163499 2.00158 0.0104469
1.52364857097 2.02878 0.0106723
1.52993803572 2.05698 0.0103274
1.53623017691 2.0851 0.0108143
1.54251071878 2.1147 0.0109299
1.54878396308 2.14297 0.0102571
1.55507306978 2.17076 0.00992793
1.56135732493 2.20037 0.0126843
1.56762912105 2.22876 0.0116412
1.5739136974 2.25986 0.0105995
1.58020354523 2.28761 0.0113716
1.58648539343 2.31917 0.0108458
1.59276001426 2.34744 0.00930841
1.59904643639 2.37729 0.0100912
1.60534213664 2.40887 0.00941802
1.61161976836 2.42931 0.0108892
1.61789716835 2.4421 0.0105819
1.62418270854 2.45601 0.0111369
1.63046407995 2.46968 0.00895223
1.63674824683 2.48417 0.0114763
1.64303013827 2.49847 0.010652
1.64930808063 2.51294 0.0104874
1.65559224863 2.52589 0.0108184
1.66187827598 2.54135 0.0107931
1.66816823994 2.55619 0.0108638
1.6744495611 2.57165 0.011405
1.68072138563 2.58638 0.0118108
1.68701215424 2.60211 0.0110184
1.6933074808 2.61729 0.0113763
1.69958064303 2.63287 0.0113868
1.70586179344 2.64795 0.0121848
1.71215172419 2.66692 0.0109499
1.71843538617 2.68008 0.0116932
1.72471844694 2.69716 0.0111886
1.73099491844 2.71495 0.011986
1.73728636032 2.73056 0.0110489
1.74356630258 2.74719 0.0116745
1.74983600778 2.76538 0.0111141
1.75612327869 2.78346 0.0121317
1.76241061606 2.80021 0.0121006
1.76869357896 2.81731 0.0115298
1.77497674839 2.83643 0.0129804
1.78126362161 2.8527 0.0117614
1.78754574761 2.87118 0.010575
1.7938272923 2.89117 0.0125842
1.80010772174 2.90902 0.0106714
1.80639091391 2.92848 0.0124621
1.81267451427 2.94673 0.0116263
1.81895363524 2.96635 0.0122667
1.82523850291 2.98637 0.0132851
1.8315236862 3.00573 0.0132062
1.83781040898 3.02719 0.0120608
1.84409642612 3.04656 0.0118366
1.8503769215 3.06595 0.0117457
1.85666074594 3.08652 0.0132247
1.86294359809 3.10689 0.0126766
1.86922204917 3.12849 0.0124745
1.87550781357 3.14898 0.0133914
1.88179499507 3.17091 0.0125267
1.88807781314 3.19288 0.013254
1.89435244502 3.21238 0.0137327
1.90063796885 3.23475 0.0141748
1.90692833723 3.25757 0.0129965
1.91320221586 3.28097 0.0120717
1.91948223445 3.30323 0.0123056
1.92577010575 3.32451 0.0128194
1.93206491035 3.34974 0.0143244
1.93834071151 3.36735 0.0127747
1.94460828613 3.39347 0.0136383
1.9508968614 3.41614 0.0139165
1.95718811973 3.44005 0.0136862
1.96347509207 3.46439 0.0143556
1.9697553281 3.48736 0.0155735
1.9760413775 3.5121 0.0146532
1.98233260336 3.53615 0.0140704
1.98861171931 3.56151 0.0141404
1.99488792869 3.58268 0.0134145
2.00117304134 3.60851 0.0155427
2.00745262249 3.63492 0.0139225
2.01372721862 3.65657 0.0134304
2.02001108039 3.68462 0.012889
2.02630405283 3.70818 0.0155535
2.03258735828 3.73405 0.01509
2.03886100377 3.75848 0.0152012
2.04514489951 3.78151 0.0145888
2.05143683626 3.8091 0.0147464
2.05772382203 3.83358 0.0142943
2.0640044634 3.85959 0.0138595
2.07029278421 3.88592 0.0145737
2.07658471853 3.91062 0.0162998
2.08285424307 3.93853 0.0151733
2.08912259138 3.96039 0.0147037
2.09541730178 3.98861 0.0173743
2.10170304464 4.01295 0.0168813
2.10797273337 4.03703 0.0144484
2.11425579676 4.06453 0.0167552
2.12053788985 4.08741 0.0173303
2.12682075079 4.1163 0.0165971
2.13310670204 4.13858 0.0175589
2.13940011923 4.1649 0.0166136
2.14568939859 4.19118 0.0175252
2.15195789682 4.21171 0.0163692
2.15824033347 4.24075 0.0170988
2.16453048092 4.2623 0.0157264
2.17081716829 4.28878 0.017171
2.17709912993 4.31125 0.0183163
2.18337674027 4.33384 0.0183824
2.18965452646 4.35842 0.0175559
2.19593814184 4.37773 0.0188496
2.20221722867 4.40595 0.018461
2.20849850085 4.42288 0.0179727
2.21479372465 4.44932 0.0187835
2.22107581834 4.47056 0.0180868
2.22733812199 4.4909 0.0168985
2.23362792264 4.51495 0.018048
2.2399287897 4.53046 0.0207706
2.24620084223 4.55233 0.0188897
2.2524810722 4.56753 0.0213173
2.25875993301 4.58641 0.0199153
2.26503776668 4.60082 0.0201035
2.27130391144 4.61639 0.0213013
2.27758972822 4.63163 0.0188107
2.28389830542 4.64629 0.0218107
2.29017001225 4.66769 0.0218775
2.29645357402 4.68616 0.0200756
2.30275372852 4.7044 0.0245592
2.30903325986 4.72379 0.0221066
2.31530674049 4.74528 0.0221612
2.32158490306 4.76339 0.0235131
2.3278758488 4.78334 0.0253104
2.33415543799 4.80652 0.0272528
2.34041936871 4.83067 0.0243255
2.34670710068 4.85114 0.0206815
2.3530032916 4.8702 0.0276239
2.35928989445 4.89559 0.0240467
2.36555387699 4.91799 0.0288807
2.37182578571 4.94224 0.0274152
2.3781409032 4.96156 0.0275906
2.38442809259 4.98517 0.0278528
2.39069258243 5.0129 0.0270286
2.39698813839 5.03699 0.0264646
2.40330354843 5.0577 0.0291047
2.40957307365 5.08228 0.0288876
2.41583080138 5.10568 0.0284599
2.42214385676 5.13147 0.0286018
2.42843005755 5.15559 0.0323549
2.43467776878 5.18152 0.0297233
2.44097021258 5.20147 0.027672
2.44729898127 5.2336 0.0291248
2.45356911846 5.25704 0.0304412
2.45980003814 5.27847 0.033118
2.4661092349 5.30569 0.0331258
2.47241430729 5.32911 0.0338229
2.47866355169 5.35764 0.0328325
2.48493431628 5.37924 0.0344586
2.49124283111 5.40318 0.0355064
2.49755537626 5.43052 0.0359606
2.50380379021 5.4541 0.03665
2.51005045336 5.47784 0.040213
2.51638815336 5.50639 0.0387124
2.52269694929 5.52967 0.04
2.52891211798 5.56 0.0356902
2.53519495098 5.57841 0.0350729
2.54155301509 5.60878 0.0412312
2.54783359884 5.6348 0.0422025
2.55402772623 5.66467 0.0450513
2.56033571996 5.68169 0.0443712
2.56672381747 5.70849 0.0533774
2.57294751341 5.73405 0.0446654
2.57911252531 5.75804 0.0510446
2.58547549612 5.7783 0.049434
2.59185019505 5.80178 0.0443478
2.59805932148 5.81943 0.0525278
2.60429715989 5.8555 0.0528415
2.61067449751 5.88124 0.0480042
2.61693283418 5.90524 0.0575218
2.62300854502 5.92779 0.0570117
2.62939753095 5.94309 0.0591356
2.63591057571 5.97042 0.0635445
2.64202978624 5.98907 0.0677846
2.64803951219 6.00645 0.0715588
2.65454096229 6.02851 0.065066
2.66118028258 6.0579 0.0743782
2.66719514746 6.07781 0.0843554
2.67309090101 6.09105 0.0770117
2.67973176445 6.11056 0.0836337
2.68646693102 6.15425 0.0891097
2.69219835647 6.15436 0.0947839
2.69796467721 6.16439 0.10331
2.70489193937 6.18455 0.106895
2.71182026315 6.2065 0.107364
2.71709790339 6.23769 0.144665
2.7227864466 6.25589 0.133156
2.72994784687 6.24769 0.143905
2.73706528781 6.29608 0.18534
2.74248820391 6.32107 0.235815
2.74787331837 6.29075 0.202095
2.75504313834 6.38515 0.249515
2.76219934437 6.33657 0.358247
2.76789278819 6.34611 0.659135
2.77283198247 6.36204 0.545145
2.77965581172 6.4046 1.33713
2.78599582346 nan nan
