0.0088996412247 3.06107 0.222158
0.0150791221651 3.06291 0.130136
0.0214479018646 3.05147 0.0774902
0.0278366077649 3.04177 0.0739005
0.034350997858 3.01883 0.0550536
0.0404788676143 2.99208 0.0612576
0.0467671668358 2.96804 0.0495934
0.0530822510177 2.92333 0.0448383
0.0594536244094 2.8864 0.0372033
0.0657622481459 2.84769 0.0389991
0.071966329067 2.80795 0.0353606
0.0782786091569 2.7665 0.0351573
0.0847039894583 2.71275 0.0324769
0.0909685462053 2.67901 0.0365597
0.0972078977683 2.63917 0.0351861
0.103476303896 2.58378 0.0296735
0.109757644425 2.5359 0.0286946
0.116054308478 2.47964 0.0273535
0.122366966654 2.42892 0.0301211
0.128681726309 2.37226 0.0287766
0.134950080166 2.31761 0.0271705
0.141194955884 2.2727 0.0232242
0.147513357575 2.23147 0.0226504
0.153786507425 2.18754 0.0248872
0.160065754405 2.14309 0.0221003
0.166399116869 2.10018 0.0239597
0.172719564578 2.05717 0.020137
0.178976521338 2.01867 0.0181876
0.185235369065 1.97616 0.0205788
0.191480678734 1.93954 0.0216193
0.197788986865 1.90526 0.0192601
0.204093773545 1.87124 0.0191897
0.210393930261 1.84296 0.0172418
0.216690970982 1.81681 0.0185275
0.222970028122 1.7934 0.0173783
0.229262002709 1.76882 0.0172697
0.235514150837 1.74448 0.0168681
0.241791058382 1.7255 0.0164164
0.248085653944 1.70758 0.0172779
0.254349225687 1.68799 0.0181
0.260633425188 1.67227 0.0161533
0.26692573709 1.65759 0.015933
0.273242334314 1.64193 0.0145455
0.279552968008 1.63286 0.0155989
0.285836629231 1.62042 0.0155481
0.292087627139 1.61323 0.0142508
0.298344984444 1.60391 0.0160242
0.304638263941 1.59165 0.0138384
0.3109279127 1.5855 0.0136706
0.317216817162 1.57652 0.014345
0.323518756794 1.56993 0.0164694
0.329816821755 1.56622 0.0129763
0.336117642946 1.56148 0.0141313
0.342370037571 1.55548 0.0150233
0.348647819267 1.54778 0.0136333
0.354941161441 1.54308 0.0152951
0.361191693542 1.53802 0.0130337
0.367476708956 1.53457 0.0146428
0.373764779528 1.53129 0.0139312
0.380065403148 1.52506 0.0143893
0.386353986126 1.52332 0.0139828
0.392614018136 1.51461 0.0132339
0.398926450032 1.51612 0.0139402
0.405207324458 1.51034 0.0119661
0.411491647757 1.50771 0.0142731
0.417781427212 1.50154 0.0131651
0.424040064873 1.49759 0.0138148
0.430342569027 1.49706 0.0132284
0.436635856026 1.49044 0.0130044
0.442899618322 1.48647 0.0130016
0.449163441853 1.48385 0.0130641
0.455441414625 1.4798 0.0130489
0.46176344703 1.47681 0.0116879
0.468064424202 1.4728 0.0135011
0.474348524276 1.46943 0.0133844
0.480635613682 1.46595 0.0130667
0.486901925839 1.46414 0.0132499
0.49316970996 1.4586 0.0137735
0.499450674714 1.45699 0.0129814
0.505715905134 1.45253 0.0137729
0.511992399627 1.45242 0.013388
0.518312609777 1.4494 0.012001
0.524608963803 1.44562 0.0116897
0.530875730848 1.44546 0.0124605
0.537157352795 1.44174 0.0132613
0.543457956378 1.44009 0.0123163
0.549743065239 1.43708 0.0128609
0.55599374275 1.43608 0.0118914
0.562285467661 1.4337 0.0120399
0.568601153723 1.42963 0.0106494
0.574880458942 1.42821 0.0123716
0.581155021034 1.42763 0.0119378
0.587439449666 1.42642 0.0126397
0.59371762203 1.42338 0.0124055
0.599997195479 1.423 0.0118894
0.606267911512 1.42163 0.0121662
0.612546957644 1.4204 0.0116308
0.618847773304 1.41744 0.0125761
0.625131056744 1.41638 0.0124138
0.631402745038 1.41595 0.0124295
0.637700356273 1.41561 0.0124248
0.643985778331 1.415 0.0121714
0.650268541717 1.41268 0.0123719
0.65655861177 1.41302 0.0118176
0.662836928236 1.41053 0.0113136
0.669118544496 1.41081 0.0117501
0.675407019858 1.41063 0.0112672
0.681683551459 1.41128 0.012162
0.687959253386 1.41068 0.0120642
0.694234431704 1.41032 0.0116532
0.700517540243 1.40951 0.0108152
0.706812495661 1.40986 0.0124558
0.713101900967 1.40939 0.0116772
0.719391825117 1.40964 0.0123695
0.72568338076 1.41048 0.0120373
0.731965268271 1.41061 0.0116736
0.738250799048 1.41101 0.0115261
0.744526584212 1.40969 0.0109018
0.750787110194 1.41168 0.011922
0.757075846532 1.41125 0.0108614
0.76336412336 1.4136 0.0109742
0.769646295986 1.41386 0.0121582
0.775939486518 1.41548 0.0120796
0.782232914199 1.41628 0.0120913
0.788531493652 1.41681 0.0115283
0.794789656698 1.41681 0.0111933
0.801049109659 1.41858 0.0106133
0.807336406173 1.42009 0.0114251
0.813622948837 1.42182 0.0107844
0.819915299896 1.42246 0.0108568
0.826195263639 1.42383 0.0123349
0.832489707008 1.42608 0.0110109
0.838795930921 1.42809 0.0101816
0.84506346397 1.42886 0.012798
0.851328286756 1.43073 0.0108314
0.85761982639 1.43198 0.0109076
0.863905847706 1.4327 0.0112056
0.870183874549 1.43534 0.0111214
0.876464109608 1.43783 0.0122769
0.88275038734 1.44101 0.0107742
0.889033276839 1.44163 0.0118474
0.895308424711 1.44358 0.0110683
0.901595652167 1.44542 0.0105143
0.907883332809 1.44853 0.0102877
0.914174410632 1.45039 0.011449
0.920463081772 1.45198 0.0102497
0.926743441526 1.45575 0.0106402
0.933032419735 1.45792 0.0103662
0.939326578557 1.46054 0.010882
0.94559748104 1.46255 0.0113775
0.951866001855 1.46602 0.0105075
0.958141325553 1.46736 0.0108675
0.964435094511 1.47223 0.0106058
0.970735563357 1.47319 0.0109922
0.977008076845 1.47682 0.0110285
0.983282332536 1.48028 0.0105136
0.989556969197 1.48259 0.0109078
0.995845630192 1.48653 0.011091
1.00213621074 1.4894 0.0105367
1.00840482534 1.49168 0.0105225
1.01469414984 1.49513 0.0109788
1.02099255544 1.49851 0.0107891
1.02727398044 1.50291 0.0105577
1.0335591819 1.50551 0.0108818
1.03984755739 1.50956 0.011348
1.04612697494 1.51288 0.0110725
1.05240343681 1.51594 0.0101916
1.05868070465 1.51961 0.0106181
1.06496433307 1.52279 0.0100509
1.07125677744 1.52624 0.0100901
1.0775440488 1.52926 0.0108481
1.08382482019 1.53411 0.00989908
1.09010802394 1.53826 0.0106314
1.09638966596 1.54218 0.0101289
1.10268113206 1.54612 0.010073
1.10896304759 1.55035 0.0107539
1.11522542846 1.55351 0.00966549
1.12150212761 1.5585 0.0105817
1.12779257382 1.56155 0.0105021
1.13408955267 1.56724 0.0106373
1.14036404965 1.57083 0.0103535
1.14663918032 1.57434 0.00988941
1.15294241299 1.57917 0.0105659
1.15922890675 1.58347 0.0100869
1.16550872189 1.58732 0.00939885
1.17179307626 1.59237 0.0104889
1.17808743637 1.59691 0.00998189
1.18436765425 1.60033 0.00962273
1.1906346423 1.60624 0.00992772
1.19691220883 1.61003 0.00952636
1.20320157735 1.61558 0.010689
1.20948684444 1.6197 0.00992537
1.21576390207 1.62507 0.00924231
1.22204975517 1.6302 0.0102474
1.22834061662 1.6341 0.0101309
1.23463298658 1.63932 0.0105647
1.24090224718 1.64426 0.00966452
1.24717483914 1.64976 0.00975717
1.25346545993 1.65375 0.0104697
1.25974995189 1.65951 0.0107193
1.26603214313 1.6634 0.010519
1.27231628847 1.66872 0.0102173
1.27860415506 1.6738 0.00973354
1.28488658893 1.6797 0.0103264
1.29117542007 1.68406 0.0104876
1.29746572637 1.68964 0.00955309
1.30374182701 1.69454 0.0111114
1.31001732292 1.6998 0.0092976
1.31630144766 1.7051 0.00981527
1.32258676036 1.71012 0.0101741
1.32886549245 1.71636 0.0097177
1.33514480495 1.7217 0.0108872
1.34144051627 1.72601 0.0102766
1.34773086842 1.73237 0.0107323
1.35400158999 1.73762 0.0095715
1.3602826093 1.7431 0.00973326
1.36656568646 1.74853 0.010537
1.37285149848 1.75477 0.0103446
1.37913537293 1.75987 0.00985247
1.38540956715 1.7651 0.00958883
1.39169864122 1.77114 0.010094
1.39798445144 1.77697 0.0104809
1.40426788341 1.78174 0.00983343
1.41055477948 1.78783 0.0096008
1.41683783355 1.79236 0.00918026
1.42311817719 1.79822 0.00997702
1.42939780116 1.80476 0.00953811
1.43568692182 1.81162 0.0100745
1.44197712177 1.81584 0.0097335
1.44825366785 1.82118 0.00987996
1.45453234897 1.82752 0.0105179
1.46081931915 1.83224 0.00971282
1.4671103644 1.83811 0.00999011
1.47339290895 1.84345 0.0101551
1.47966996524 1.84993 0.00973915
1.4859561446 1.85594 0.00969261
1.49223361076 1.86155 0.0102648
1.49850247038 1.86653 0.00963478
1.50478575205 1.87188 0.0106944
1.51107599189 1.87748 0.00917006
1.51736163499 1.88267 0.00943889
1.52364857097 1.88852 0.00945003
1.52993803572 1.89295 0.0109126
1.53623017691 1.90004 0.00995542
1.54251071878 1.90536 0.00989125
1.54878396308 1.90951 0.0101232
1.55507306978 1.91484 0.0103313
1.56135732493 1.92061 0.00988634
1.56762912105 1.92563 0.00972673
1.5739136974 1.9306 0.0102575
1.58020354523 1.9356 0.0110629
1.58648539343 1.93991 0.00990273
1.59276001426 1.94505 0.0101935
1.59904643639 1.95032 0.0107177
1.60534213664 1.95501 0.0111944
1.61161976836 1.96045 0.00991866
1.61789716835 1.96574 0.0100469
1.62418270854 1.9727 0.00996562
1.63046407995 1.97934 0.00943628
1.63674824683 1.9839 0.0104524
1.64303013827 1.99028 0.0109037
1.64930808063 1.99769 0.0101709
1.65559224863 2.00491 0.0113438
1.66187827598 2.01039 0.0110989
1.66816823994 2.01533 0.0101966
1.6744495611 2.02227 0.0102616
1.68072138563 2.02842 0.0107079
1.68701215424 2.03559 0.0109737
1.6933074808 2.03952 0.00997622
1.69958064303 2.04695 0.0102687
1.70586179344 2.05444 0.0104587
1.71215172419 2.05971 0.0110634
1.71843538617 2.06649 0.0109737
1.72471844694 2.07151 0.0103422
1.73099491844 2.07823 0.00986349
1.73728636032 2.08456 0.0105678
1.74356630258 2.08996 0.0113898
1.74983600778 2.09705 0.0104347
1.75612327869 2.10317 0.0101569
1.76241061606 2.10961 0.0110026
1.76869357896 2.11628 0.0101229
1.77497674839 2.12174 0.0103721
1.78126362161 2.12885 0.0104972
1.78754574761 2.13427 0.0112273
1.7938272923 2.14085 0.0116363
1.80010772174 2.14796 0.0108412
1.80639091391 2.15451 0.0115971
1.81267451427 2.1599 0.0106763
1.81895363524 2.16657 0.0117674
1.82523850291 2.17404 0.0107989
1.8315236862 2.17924 0.0117264
1.83781040898 2.18578 0.0103991
1.84409642612 2.19108 0.0104892
1.8503769215 2.1982 0.0119011
1.85666074594 2.20505 0.0120571
1.86294359809 2.21085 0.0112108
1.86922204917 2.21721 0.0114949
1.87550781357 2.2238 0.0115117
1.88179499507 2.23038 0.0119231
1.88807781314 2.23628 0.0110438
1.89435244502 2.2425 0.0115627
1.90063796885 2.24966 0.0119025
1.90692833723 2.25518 0.0122682
1.91320221586 2.26191 0.0123165
1.91948223445 2.26798 0.0120626
1.92577010575 2.27577 0.0123158
1.93206491035 2.28152 0.0127159
1.93834071151 2.28874 0.0116816
1.94460828613 2.29298 0.0129766
1.9508968614 2.2991 0.0129305
1.95718811973 2.30582 0.0116563
1.96347509207 2.31211 0.0115884
1.9697553281 2.32011 0.0119211
1.9760413775 2.32587 0.0125154
1.98233260336 2.3319 0.012376
1.98861171931 2.33747 0.013263
1.99488792869 2.34516 0.0130407
2.00117304134 2.34965 0.0131602
2.00745262249 2.35555 0.0135959
2.01372721862 2.36359 0.0131666
2.02001108039 2.37013 0.013025
2.02630405283 2.37646 0.0128754
2.03258735828 2.38263 0.0136885
2.03886100377 2.3876 0.0139143
2.04514489951 2.39402 0.0143102
2.05143683626 2.40093 0.0145722
2.05772382203 2.40717 0.0136427
2.0640044634 2.41175 0.014851
2.07029278421 2.41752 0.0147862
2.07658471853 2.42351 0.0149537
2.08285424307 2.43071 0.0148703
2.08912259138 2.43551 0.0136182
2.09541730178 2.44146 0.0147778
2.10170304464 2.4475 0.0155218
2.10797273337 2.45457 0.0136583
2.11425579676 2.4594 0.0154937
2.12053788985 2.46544 0.0156351
2.12682075079 2.46977 0.0148647
2.13310670204 2.47586 0.016726
2.13940011923 2.48228 0.0153426
2.14568939859 2.48936 0.0151167
2.15195789682 2.49385 0.01566
2.15824033347 2.49818 0.0154141
2.16453048092 2.50473 0.0172348
2.17081716829 2.51011 0.0164531
2.17709912993 2.51467 0.0161713
2.18337674027 2.52006 0.0171192
2.18965452646 2.52526 0.0155524
2.19593814184 2.53022 0.0173483
2.20221722867 2.53597 0.0153142
2.20849850085 2.54351 0.0187696
2.21479372465 2.5497 0.0184454
2.22107581834 2.55325 0.0183373
2.22733812199 2.55767 0.0173806
2.23362792264 2.56366 0.0171748
2.2399287897 2.56927 0.0176271
2.24620084223 2.57382 0.0183488
2.2524810722 2.58178 0.0190256
2.25875993301 2.58686 0.018885
2.26503776668 2.59439 0.0200112
2.27130391144 2.60146 0.0175817
2.27758972822 2.60853 0.0193613
2.28389830542 2.61578 0.0179665
2.29017001225 2.62123 0.020093
2.29645357402 2.62812 0.020017
2.30275372852 2.63566 0.0200093
2.30903325986 2.64386 0.0215744
2.31530674049 2.6499 0.021538
2.32158490306 2.65638 0.0203567
2.3278758488 2.66084 0.019409
2.33415543799 2.6656 0.0226704
2.34041936871 2.67106 0.0222191
2.34670710068 2.67837 0.0216171
2.3530032916 2.68656 0.0206276
2.35928989445 2.69392 0.0225912
2.36555387699 2.69716 0.0249018
2.37182578571 2.70323 0.0222771
2.3781409032 2.70822 0.0261686
2.38442809259 2.71604 0.0230077
2.39069258243 2.7192 0.0272163
2.39698813839 2.72398 0.0268994
2.40330354843 2.734 0.0275486
2.40957307365 2.73778 0.0244544
2.41583080138 2.74596 0.0282762
2.42214385676 2.74921 0.0261859
2.42843005755 2.75453 0.0258408
2.43467776878 2.76041 0.0273511
2.44097021258 2.76797 0.02818
2.44729898127 2.77467 0.0253793
2.45356911846 2.77986 0.0307801
2.45980003814 2.78754 0.0292726
2.4661092349 2.79078 0.0305866
2.47241430729 2.79355 0.0289858
2.47866355169 2.80328 0.0291705
2.48493431628 2.80873 0.028672
2.49124283111 2.81742 0.0349092
2.49755537626 2.81714 0.0362165
2.50380379021 2.82225 0.0351768
2.51005045336 2.8311 0.0366872
2.51638815336 2.83431 0.0381699
2.52269694929 2.83866 0.0371848
2.52891211798 2.84292 0.034495
2.53519495098 2.85307 0.0370426
2.54155301509 2.85339 0.0385203
2.54783359884 2.85703 0.0448166
2.55402772623 2.86356 0.0449935
2.56033571996 2.87074 0.0488707
2.56672381747 2.87647 0.047138
2.57294751341 2.87425 0.0480591
2.57911252531 2.88507 0.0484129
2.58547549612 2.88019 0.044882
2.59185019505 2.88817 0.0476955
2.59805932148 2.89277 0.0520136
2.60429715989 2.89024 0.0509896
2.61067449751 2.90515 0.0517909
2.61693283418 2.91326 0.0540372
2.62300854502 2.90758 0.0547182
2.62939753095 2.90826 0.0593433
2.63591057571 2.91539 0.064326
2.64202978624 2.92058 0.0653769
2.64803951219 2.91391 0.0667144
2.65454096229 2.92285 0.0679038
2.66118028258 2.92597 0.0649359
2.66719514746 2.92679 0.077835
2.67309090101 2.93657 0.0712295
2.67973176445 2.93753 0.0822229
2.68646693102 2.93657 0.0848577
2.69219835647 2.93971 0.102054
2.69796467721 2.92844 0.101121
2.70489193937 2.93935 0.107135
2.71182026315 2.9507 0.117571
2.71709790339 2.93247 0.1537
2.7227864466 2.95081 0.13499
2.72994784687 2.94817 0.135922
2.73706528781 2.944 0.166053
2.74248820391 2.97552 0.288798
2.74787331837 2.92741 0.181894
2.75504313834 2.96743 0.278158
2.76219934437 2.94725 0.343598
2.76789278819 2.97173 0.64441
2.77283198247 2.90398 0.600356
2.77965581172 2.83988 1.37684
2.78599582346 6.37921 100.955
