0.0088996412247 1.69136 0.128024
0.0150791221651 1.71314 0.070819
0.0214479018646 1.71974 0.0447934
0.0278366077649 1.71748 0.0389628
0.034350997858 1.72165 0.0284565
0.0404788676143 1.71914 0.0386802
0.0467671668358 1.72674 0.0285075
0.0530822510177 1.7207 0.0251308
0.0594536244094 1.72249 0.021552
0.0657622481459 1.72175 0.0252313
0.071966329067 1.72794 0.0248071
0.0782786091569 1.73082 0.0203939
0.0847039894583 1.7288 0.0220821
0.0909685462053 1.7326 0.0228694
0.0972078977683 1.73606 0.0227899
0.103476303896 1.73201 0.01985
0.109757644425 1.73769 0.0185361
0.116054308478 1.73787 0.0185316
0.122366966654 1.73956 0.0213874
0.128681726309 1.73618 0.0195358
0.134950080166 1.73678 0.0220156
0.141194955884 1.7372 0.0168366
0.147513357575 1.73988 0.0175611
0.153786507425 1.73833 0.0172563
0.160065754405 1.73598 0.0166105
0.166399116869 1.73718 0.0176242
0.172719564578 1.73474 0.0152854
0.178976521338 1.73698 0.0179545
0.185235369065 1.73576 0.0168373
0.191480678734 1.73564 0.0182026
0.197788986865 1.73615 0.0164686
0.204093773545 1.73107 0.0175401
0.210393930261 1.73237 0.0151897
0.216690970982 1.73016 0.0182084
0.222970028122 1.72905 0.0170135
0.229262002709 1.72891 0.01622
0.235514150837 1.72431 0.0155425
0.241791058382 1.72492 0.0153223
0.248085653944 1.72239 0.0158023
0.254349225687 1.7182 0.0183976
0.260633425188 1.71896 0.0155926
0.26692573709 1.71632 0.0147739
0.273242334314 1.71309 0.0142948
0.279552968008 1.71017 0.0152972
0.285836629231 1.70733 0.015409
0.292087627139 1.70426 0.0164356
0.298344984444 1.70333 0.0153179
0.304638263941 1.69687 0.0150273
0.3109279127 1.69695 0.0153123
0.317216817162 1.6927 0.0155817
0.323518756794 1.69018 0.016597
0.329816821755 1.68835 0.0155318
0.336117642946 1.6865 0.0142722
0.342370037571 1.68259 0.0165454
0.348647819267 1.67812 0.0149359
0.354941161441 1.67528 0.0160173
0.361191693542 1.67271 0.0150366
0.367476708956 1.67025 0.0145854
0.373764779528 1.66981 0.0146594
0.380065403148 1.66274 0.0160587
0.386353986126 1.66125 0.0148676
0.392614018136 1.65471 0.0139004
0.398926450032 1.65614 0.0152293
0.405207324458 1.6519 0.0142254
0.411491647757 1.64949 0.0145951
0.417781427212 1.64476 0.0137071
0.424040064873 1.64204 0.0146611
0.430342569027 1.63845 0.0156384
0.436635856026 1.63493 0.014493
0.442899618322 1.63181 0.0143371
0.449163441853 1.63046 0.0150628
0.455441414625 1.62518 0.0143483
0.46176344703 1.62269 0.0140214
0.468064424202 1.61882 0.0129614
0.474348524276 1.61603 0.0129403
0.480635613682 1.61314 0.0149789
0.486901925839 1.61116 0.0140791
0.49316970996 1.60568 0.0148086
0.499450674714 1.60419 0.0156031
0.505715905134 1.59979 0.0154786
0.511992399627 1.59877 0.0143692
0.518312609777 1.59476 0.0136962
0.524608963803 1.59152 0.0131719
0.530875730848 1.59141 0.0137743
0.537157352795 1.5874 0.0135722
0.543457956378 1.5849 0.0142881
0.549743065239 1.58148 0.0140235
0.55599374275 1.57951 0.0139085
0.562285467661 1.57605 0.014013
0.568601153723 1.57323 0.0133648
0.574880458942 1.57023 0.0137406
0.581155021034 1.56883 0.0130119
0.587439449666 1.56676 0.01374
0.59371762203 1.56346 0.0125905
0.599997195479 1.56223 0.0129929
0.606267911512 1.5595 0.0134444
0.612546957644 1.55716 0.0131901
0.618847773304 1.55563 0.0132516
0.625131056744 1.55067 0.0129358
0.631402745038 1.55092 0.0131388
0.637700356273 1.54941 0.0122234
0.643985778331 1.54739 0.0125198
0.650268541717 1.54415 0.0127154
0.65655861177 1.54422 0.0141798
0.662836928236 1.54067 0.0115185
0.669118544496 1.53958 0.0126944
0.675407019858 1.53891 0.0123496
0.681683551459 1.5365 0.012574
0.687959253386 1.53614 0.0121758
0.694234431704 1.53296 0.0120622
0.700517540243 1.53089 0.0119791
0.706812495661 1.52972 0.0114921
0.713101900967 1.52898 0.0126031
0.719391825117 1.52745 0.0131915
0.72568338076 1.52779 0.0122024
0.731965268271 1.52634 0.0133705
0.738250799048 1.52545 0.0135694
0.744526584212 1.52379 0.0111768
0.750787110194 1.52357 0.0119749
0.757075846532 1.52111 0.0120256
0.76336412336 1.52195 0.0118189
0.769646295986 1.5217 0.0132337
0.775939486518 1.52134 0.01325
0.782232914199 1.52006 0.0130373
0.788531493652 1.51913 0.0119329
0.794789656698 1.51852 0.0126013
0.801049109659 1.51798 0.011032
0.807336406173 1.5198 0.0115289
0.813622948837 1.51802 0.0107748
0.819915299896 1.51878 0.0115325
0.826195263639 1.51841 0.0125454
0.832489707008 1.51841 0.0118738
0.838795930921 1.51901 0.0117078
0.84506346397 1.5196 0.0135166
0.851328286756 1.51968 0.0115083
0.85761982639 1.51982 0.0111135
0.863905847706 1.51916 0.0123007
0.870183874549 1.52046 0.0115866
0.876464109608 1.52156 0.012477
0.88275038734 1.52242 0.011189
0.889033276839 1.52291 0.011593
0.895308424711 1.52339 0.0108889
0.901595652167 1.52493 0.0109626
0.907883332809 1.52573 0.0116537
0.914174410632 1.52654 0.0115434
0.920463081772 1.52749 0.0119587
0.926743441526 1.52922 0.0125326
0.933032419735 1.52982 0.0111592
0.939326578557 1.53231 0.0104245
0.94559748104 1.53291 0.0111583
0.951866001855 1.53508 0.0105989
0.958141325553 1.53455 0.0104965
0.964435094511 1.53852 0.0113663
0.970735563357 1.5399 0.0113117
0.977008076845 1.54191 0.0113117
0.983282332536 1.54434 0.0112444
0.989556969197 1.54518 0.0110893
0.995845630192 1.54866 0.0112294
1.00213621074 1.55073 0.0113865
1.00840482534 1.55227 0.0112116
1.01469414984 1.55433 0.0109055
1.02099255544 1.55743 0.0113775
1.02727398044 1.56027 0.0107855
1.0335591819 1.56191 0.0113278
1.03984755739 1.56501 0.0114542
1.04612697494 1.56747 0.0113343
1.05240343681 1.57124 0.0108226
1.05868070465 1.57385 0.011209
1.06496433307 1.57588 0.0107144
1.07125677744 1.57921 0.0104256
1.0775440488 1.58139 0.0115075
1.08382482019 1.5845 0.0112646
1.09010802394 1.58819 0.0109507
1.09638966596 1.59292 0.0101798
1.10268113206 1.5954 0.0113108
1.10896304759 1.5998 0.0110413
1.11522542846 1.60271 0.0109556
1.12150212761 1.60697 0.0117467
1.12779257382 1.61022 0.0104477
1.13408955267 1.61446 0.0113377
1.14036404965 1.61843 0.0108184
1.14663918032 1.62135 0.0104878
1.15294241299 1.62576 0.0106407
1.15922890675 1.6298 0.0106081
1.16550872189 1.63363 0.0100783
1.17179307626 1.63865 0.0104973
1.17808743637 1.64279 0.0100733
1.18436765425 1.64673 0.00967673
1.1906346423 1.65153 0.01058
1.19691220883 1.65616 0.0101834
1.20320157735 1.66065 0.0105445
1.20948684444 1.6656 0.0103546
1.21576390207 1.67073 0.00950522
1.22204975517 1.67586 0.0102237
1.22834061662 1.68006 0.0110958
1.23463298658 1.68533 0.010924
1.24090224718 1.69025 0.0103388
1.24717483914 1.6963 0.0103436
1.25346545993 1.69999 0.0104052
1.25974995189 1.70691 0.00987076
1.26603214313 1.71052 0.0101404
1.27231628847 1.71639 0.00945696
1.27860415506 1.7219 0.0101947
1.28488658893 1.72763 0.0106258
1.29117542007 1.73241 0.0108176
1.29746572637 1.73858 0.00976446
1.30374182701 1.74405 0.0108424
1.31001732292 1.75026 0.0101581
1.31630144766 1.75549 0.0111826
1.32258676036 1.76165 0.00966221
1.32886549245 1.76794 0.0110511
1.33514480495 1.77323 0.010537
1.34144051627 1.77926 0.0106601
1.34773086842 1.78601 0.0111488
1.35400158999 1.79199 0.0102196
1.3602826093 1.79822 0.00974994
1.36656568646 1.80418 0.0115298
1.37285149848 1.81053 0.0100887
1.37913537293 1.81684 0.0102766
1.38540956715 1.82316 0.00945331
1.39169864122 1.82934 0.0104988
1.39798445144 1.83552 0.0109619
1.40426788341 1.84248 0.0102305
1.41055477948 1.8494 0.00996979
1.41683783355 1.85462 0.0094925
1.42311817719 1.86097 0.0105602
1.42939780116 1.86806 0.0105346
1.43568692182 1.87535 0.0102869
1.44197712177 1.88172 0.00988936
1.44825366785 1.88789 0.00990597
1.45453234897 1.89495 0.0114788
1.46081931915 1.90053 0.0102678
1.4671103644 1.90815 0.0103581
1.47339290895 1.91441 0.011133
1.47966996524 1.92164 0.010257
1.4859561446 1.92796 0.0108671
1.49223361076 1.93528 0.00978782
1.49850247038 1.94182 0.0103729
1.50478575205 1.94807 0.0106455
1.51107599189 1.95411 0.0100396
1.51736163499 1.96099 0.00978806
1.52364857097 1.96784 0.0101733
1.52993803572 1.97343 0.0115062
1.53623017691 1.98096 0.0103469
1.54251071878 1.98798 0.0103243
1.54878396308 1.994 0.0109368
1.55507306978 1.99967 0.0103738
1.56135732493 2.00534 0.0101665
1.56762912105 2.01249 0.0110209
1.5739136974 2.01904 0.0101941
1.58020354523 2.02515 0.0113112
1.58648539343 2.03066 0.0108321
1.59276001426 2.03658 0.0105876
1.59904643639 2.0433 0.0103868
1.60534213664 2.04945 0.0111309
1.61161976836 2.05133 0.0116989
1.61789716835 2.06247 0.0106362
1.62418270854 2.07113 0.0102874
1.63046407995 2.07826 0.0101586
1.63674824683 2.08541 0.0108021
1.64303013827 2.09267 0.0110191
1.64930808063 2.10177 0.0106238
1.65559224863 2.11112 0.0104534
1.66187827598 2.11653 0.0112284
1.66816823994 2.12384 0.0113177
1.6744495611 2.13153 0.0112018
1.68072138563 2.13987 0.0111932
1.68701215424 2.14827 0.0113216
1.6933074808 2.15507 0.011188
1.69958064303 2.16348 0.0110537
1.70586179344 2.17041 0.0109836
1.71215172419 2.17901 0.0116522
1.71843538617 2.18653 0.0110547
1.72471844694 2.19415 0.0111857
1.73099491844 2.20212 0.0104673
1.73728636032 2.21074 0.0106531
1.74356630258 2.21733 0.0121384
1.74983600778 2.22659 0.0111225
1.75612327869 2.2353 0.0115522
1.76241061606 2.2431 0.0119322
1.76869357896 2.25081 0.011359
1.77497674839 2.25846 0.0113445
1.78126362161 2.2661 0.0110857
1.78754574761 2.27433 0.0125632
1.7938272923 2.28254 0.0122719
1.80010772174 2.29135 0.0121465
1.80639091391 2.30042 0.0116297
1.81267451427 2.30748 0.0107864
1.81895363524 2.31584 0.01237
1.82523850291 2.32424 0.0121309
1.8315236862 2.33258 0.0125999
1.83781040898 2.34139 0.0112342
1.84409642612 2.34792 0.0119995
1.8503769215 2.35757 0.0136249
1.85666074594 2.36562 0.0126978
1.86294359809 2.37516 0.011392
1.86922204917 2.383 0.0129689
1.87550781357 2.38964 0.0114645
1.88179499507 2.39907 0.0126934
1.88807781314 2.40617 0.0138271
1.89435244502 2.41609 0.013811
1.90063796885 2.42499 0.0130976
1.90692833723 2.43201 0.0115348
1.91320221586 2.44111 0.0126285
1.91948223445 2.45008 0.0132686
1.92577010575 2.46021 0.0139266
1.93206491035 2.46715 0.0135011
1.93834071151 2.47713 0.0128116
1.94460828613 2.4845 0.0134597
1.9508968614 2.49279 0.0129438
1.95718811973 2.50102 0.0126547
1.96347509207 2.50938 0.0133656
1.9697553281 2.51881 0.0130865
1.9760413775 2.52703 0.0139828
1.98233260336 2.53456 0.0142543
1.98861171931 2.54304 0.0143202
1.99488792869 2.55119 0.013462
2.00117304134 2.55983 0.0138145
2.00745262249 2.56882 0.01353
2.01372721862 2.5769 0.0156296
2.02001108039 2.58797 0.0141034
2.02630405283 2.59464 0.0149584
2.03258735828 2.603 0.0152448
2.03886100377 2.61074 0.0144829
2.04514489951 2.6186 0.015018
2.05143683626 2.62816 0.0160453
2.05772382203 2.63665 0.0150976
2.0640044634 2.64481 0.0152291
2.07029278421 2.65192 0.0172364
2.07658471853 2.66047 0.0173201
2.08285424307 2.66892 0.0172309
2.08912259138 2.67714 0.0159276
2.09541730178 2.68534 0.0166708
2.10170304464 2.69331 0.0156757
2.10797273337 2.70261 0.017467
2.11425579676 2.71066 0.0169408
2.12053788985 2.7172 0.0174869
2.12682075079 2.72682 0.0163538
2.13310670204 2.73281 0.0173767
2.13940011923 2.74144 0.01753
2.14568939859 2.75013 0.0182772
2.15195789682 2.75693 0.0174149
2.15824033347 2.7638 0.0173501
2.16453048092 2.77264 0.0188489
2.17081716829 2.78094 0.0196114
2.17709912993 2.78662 0.0185831
2.18337674027 2.79537 0.0173402
2.18965452646 2.80097 0.0189369
2.19593814184 2.80924 0.0194508
2.20221722867 2.81671 0.0183152
2.20849850085 2.82367 0.0180422
2.21479372465 2.833 0.0182519
2.22107581834 2.83902 0.0203829
2.22733812199 2.84982 0.0205045
2.23362792264 2.85578 0.0193546
2.2399287897 2.86395 0.0205323
2.24620084223 2.87179 0.0202628
2.2524810722 2.88369 0.0195403
2.25875993301 2.88924 0.0211174
2.26503776668 2.89954 0.0213342
2.27130391144 2.91036 0.0212598
2.27758972822 2.91826 0.0202126
2.28389830542 2.92976 0.0214414
2.29017001225 2.93891 0.0211721
2.29645357402 2.95026 0.0252681
2.30275372852 2.96056 0.0231379
2.30903325986 2.96879 0.0223663
2.31530674049 2.97783 0.0222751
2.32158490306 2.98913 0.0236756
2.3278758488 2.99532 0.0213831
2.33415543799 3.00655 0.0249467
2.34041936871 3.01416 0.0222704
2.34670710068 3.025 0.0249384
2.3530032916 3.03443 0.0235292
2.35928989445 3.04247 0.0252325
2.36555387699 3.05299 0.0247682
2.37182578571 3.0611 0.0265877
2.3781409032 3.06906 0.0287776
2.38442809259 3.07787 0.0267333
2.39069258243 3.08739 0.0280861
2.39698813839 3.09724 0.0304041
2.40330354843 3.10585 0.0278188
2.40957307365 3.1138 0.0262484
2.41583080138 3.12686 0.0317266
2.42214385676 3.13544 0.0296824
2.42843005755 3.14264 0.0298755
2.43467776878 3.15071 0.0285785
2.44097021258 3.16034 0.0277692
2.44729898127 3.17333 0.0306363
2.45356911846 3.17702 0.0324691
2.45980003814 3.19025 0.0366525
2.4661092349 3.1945 0.0328215
2.47241430729 3.2079 0.0338115
2.47866355169 3.21384 0.0314561
2.48493431628 3.22211 0.0333332
2.49124283111 3.23776 0.0338991
2.49755537626 3.24246 0.037213
2.50380379021 3.24871 0.0384058
2.51005045336 3.25945 0.0395634
2.51638815336 3.26821 0.0378694
2.52269694929 3.27394 0.042885
2.52891211798 3.28039 0.0377063
2.53519495098 3.29078 0.0417314
2.54155301509 3.29749 0.0380637
2.54783359884 3.29953 0.0422236
2.55402772623 3.31339 0.0432352
2.56033571996 3.32344 0.052306
2.56672381747 3.3327 0.0479293
2.57294751341 3.33949 0.0518183
2.57911252531 3.34861 0.0515806
2.58547549612 3.3436 0.0522214
2.59185019505 3.35779 0.047542
2.59805932148 3.36178 0.0535196
2.60429715989 3.3599 0.0569678
2.61067449751 3.37897 0.0541077
2.61693283418 3.39519 0.0588869
2.62300854502 3.38273 0.0608173
2.62939753095 3.39472 0.0656122
2.63591057571 3.39918 0.0711867
2.64202978624 3.41071 0.0664314
2.64803951219 3.40723 0.0725921
2.65454096229 3.41672 0.0694539
2.66118028258 3.42436 0.0726152
2.66719514746 3.42625 0.0832962
2.67309090101 3.44436 0.085981
2.67973176445 3.44212 0.0858589
2.68646693102 3.43846 0.0984925
2.69219835647 3.4254 0.10451
2.69796467721 3.41752 0.105616
2.70489193937 3.44278 0.107926
2.71182026315 3.45119 0.123644
2.71709790339 3.43756 0.166678
2.7227864466 3.46444 0.133217
2.72994784687 3.44934 0.17633
2.73706528781 3.45788 0.161778
2.74248820391 3.50189 0.278541
2.74787331837 3.46315 0.210661
2.75504313834 3.48215 0.241626
2.76219934437 3.4423 0.334852
2.76789278819 3.50992 0.6653
2.77283198247 3.42248 0.597909
2.77965581172 3.37622 1.50149
2.78599582346 -173.05 3709.04
