0.0088996412247 4.86358 0.355081
0.0150791221651 4.80933 0.192069
0.0214479018646 4.6618 0.11787
0.0278366077649 4.52436 0.102317
0.034350997858 4.33001 0.0909566
0.0404788676143 4.11962 0.0916986
0.0467671668358 3.89867 0.0742152
0.0530822510177 3.65147 0.0651394
0.0594536244094 3.4003 0.0553608
0.0657622481459 3.16226 0.0517917
0.071966329067 2.94281 0.0467545
0.0782786091569 2.7303 0.041667
0.0847039894583 2.52438 0.0348885
0.0909685462053 2.36635 0.0365861
0.0972078977683 2.22871 0.0381856
0.103476303896 2.08916 0.0290796
0.109757644425 1.97539 0.0339132
0.116054308478 1.87699 0.0273447
0.122366966654 1.7933 0.0284922
0.128681726309 1.72324 0.0263759
0.134950080166 1.67702 0.0264959
0.141194955884 1.64626 0.0237594
0.147513357575 1.6285 0.0191235
0.153786507425 1.6147 0.0191422
0.160065754405 1.60417 0.0215521
0.166399116869 1.5964 0.0177641
0.172719564578 1.58874 0.0180391
0.178976521338 1.58157 0.0160449
0.185235369065 1.57435 0.0186075
0.191480678734 1.57321 0.0185566
0.197788986865 1.56882 0.0173193
0.204093773545 1.56869 0.0172311
0.210393930261 1.56473 0.0165973
0.216690970982 1.56468 0.0164268
0.222970028122 1.56293 0.0182535
0.229262002709 1.557 0.0163545
0.235514150837 1.55224 0.0133021
0.241791058382 1.54863 0.0158437
0.248085653944 1.54757 0.0168057
0.254349225687 1.5395 0.0160834
0.260633425188 1.53566 0.0132246
0.26692573709 1.5315 0.0142501
0.273242334314 1.52774 0.0151912
0.279552968008 1.52384 0.0145404
0.285836629231 1.51909 0.0151058
0.292087627139 1.51529 0.0147329
0.298344984444 1.51166 0.0152233
0.304638263941 1.50419 0.0148145
0.3109279127 1.50186 0.0129083
0.317216817162 1.49532 0.0141044
0.323518756794 1.48996 0.0162895
0.329816821755 1.48857 0.014453
0.336117642946 1.4853 0.0140484
0.342370037571 1.48099 0.0133621
0.348647819267 1.47413 0.0132888
0.354941161441 1.47083 0.0148865
0.361191693542 1.4671 0.0120988
0.367476708956 1.4637 0.0134283
0.373764779528 1.46025 0.0132799
0.380065403148 1.45463 0.0133229
0.386353986126 1.45361 0.0140683
0.392614018136 1.44788 0.0122515
0.398926450032 1.44827 0.0126176
0.405207324458 1.44257 0.0116938
0.411491647757 1.44189 0.0134892
0.417781427212 1.4362 0.013178
0.424040064873 1.43402 0.0135112
0.430342569027 1.4307 0.013125
0.436635856026 1.42722 0.0128539
0.442899618322 1.42412 0.0123639
0.449163441853 1.42231 0.0119409
0.455441414625 1.41878 0.0131024
0.46176344703 1.41696 0.0123958
0.468064424202 1.41485 0.0132463
0.474348524276 1.41095 0.0121682
0.480635613682 1.40945 0.0125999
0.486901925839 1.40792 0.0123452
0.49316970996 1.40506 0.0134307
0.499450674714 1.4039 0.0128132
0.505715905134 1.40042 0.0130913
0.511992399627 1.40159 0.011856
0.518312609777 1.39817 0.0122149
0.524608963803 1.39557 0.0115814
0.530875730848 1.39601 0.0125076
0.537157352795 1.39365 0.0134383
0.543457956378 1.39362 0.0116482
0.549743065239 1.39022 0.0113407
0.55599374275 1.38996 0.0118086
0.562285467661 1.38934 0.0108965
0.568601153723 1.38736 0.00974651
0.574880458942 1.38612 0.0121742
0.581155021034 1.38559 0.0116707
0.587439449666 1.3846 0.0123463
0.59371762203 1.38315 0.0121699
0.599997195479 1.38385 0.0115167
0.606267911512 1.38221 0.011554
0.612546957644 1.38191 0.0107916
0.618847773304 1.38165 0.0117043
0.625131056744 1.38079 0.0118588
0.631402745038 1.38104 0.0115639
0.637700356273 1.3804 0.0124128
0.643985778331 1.38126 0.0113195
0.650268541717 1.3801 0.0116458
0.65655861177 1.38063 0.0124352
0.662836928236 1.37968 0.0112121
0.669118544496 1.38022 0.0117572
0.675407019858 1.38056 0.0114566
0.681683551459 1.38123 0.0120614
0.687959253386 1.3815 0.0114832
0.694234431704 1.3828 0.011501
0.700517540243 1.3819 0.0104873
0.706812495661 1.38278 0.0117569
0.713101900967 1.38406 0.0116853
0.719391825117 1.3847 0.0115752
0.72568338076 1.3858 0.0117027
0.731965268271 1.38602 0.0117876
0.738250799048 1.38721 0.011943
0.744526584212 1.38636 0.0103729
0.750787110194 1.38883 0.011062
0.757075846532 1.38984 0.0109069
0.76336412336 1.39215 0.0105846
0.769646295986 1.39382 0.0113751
0.775939486518 1.395 0.0116602
0.782232914199 1.39607 0.0118612
0.788531493652 1.39726 0.0117531
0.794789656698 1.39688 0.0115145
0.801049109659 1.40063 0.0100027
0.807336406173 1.40263 0.010925
0.813622948837 1.40462 0.0107617
0.819915299896 1.4059 0.0105189
0.826195263639 1.40709 0.0115689
0.832489707008 1.4106 0.0114175
0.838795930921 1.41227 0.0110789
0.84506346397 1.41378 0.0120388
0.851328286756 1.41486 0.0112696
0.85761982639 1.41777 0.0106642
0.863905847706 1.41963 0.010595
0.870183874549 1.42152 0.0106345
0.876464109608 1.42496 0.0115769
0.88275038734 1.42792 0.010092
0.889033276839 1.42949 0.0113172
0.895308424711 1.43161 0.0100602
0.901595652167 1.43404 0.0106539
0.907883332809 1.43775 0.0106621
0.914174410632 1.43979 0.010275
0.920463081772 1.44284 0.0103224
0.926743441526 1.44512 0.010851
0.933032419735 1.44786 0.0100934
0.939326578557 1.45139 0.0101127
0.94559748104 1.45367 0.0105311
0.951866001855 1.45712 0.0104516
0.958141325553 1.45844 0.0112207
0.964435094511 1.46377 0.0105928
0.970735563357 1.46614 0.0109378
0.977008076845 1.46998 0.0111979
0.983282332536 1.47348 0.0109264
0.989556969197 1.47599 0.0114166
0.995845630192 1.48034 0.0109865
1.00213621074 1.48264 0.0104156
1.00840482534 1.48667 0.0102288
1.01469414984 1.48981 0.0110304
1.02099255544 1.49348 0.0114639
1.02727398044 1.49796 0.0104306
1.0335591819 1.50059 0.0109231
1.03984755739 1.50517 0.0115622
1.04612697494 1.50892 0.010902
1.05240343681 1.51157 0.0107562
1.05868070465 1.51482 0.0103841
1.06496433307 1.51948 0.0106124
1.07125677744 1.52313 0.0102385
1.0775440488 1.52644 0.0108618
1.08382482019 1.53111 0.0105449
1.09010802394 1.5363 0.0101162
1.09638966596 1.54005 0.00958058
1.10268113206 1.54354 0.0104357
1.10896304759 1.54893 0.0104309
1.11522542846 1.55114 0.00967292
1.12150212761 1.55753 0.0106992
1.12779257382 1.56134 0.0098909
1.13408955267 1.56604 0.0109844
1.14036404965 1.57039 0.00998628
1.14663918032 1.5739 0.010069
1.15294241299 1.57845 0.0103075
1.15922890675 1.5834 0.0102668
1.16550872189 1.58738 0.00993415
1.17179307626 1.59269 0.0107621
1.17808743637 1.59753 0.00963223
1.18436765425 1.60115 0.00980403
1.1906346423 1.60631 0.00993358
1.19691220883 1.61156 0.00925077
1.20320157735 1.6161 0.0107261
1.20948684444 1.62076 0.0100219
1.21576390207 1.62698 0.00991819
1.22204975517 1.63115 0.010684
1.22834061662 1.63571 0.0104375
1.23463298658 1.6411 0.00989051
1.24090224718 1.64631 0.0099663
1.24717483914 1.65119 0.0099433
1.25346545993 1.65649 0.01099
1.25974995189 1.66229 0.0112488
1.26603214313 1.66588 0.0102955
1.27231628847 1.6718 0.0106892
1.27860415506 1.67752 0.00989888
1.28488658893 1.68222 0.00967096
1.29117542007 1.68752 0.0104555
1.29746572637 1.69296 0.00937285
1.30374182701 1.69785 0.0107581
1.31001732292 1.70331 0.00975982
1.31630144766 1.70929 0.0104531
1.32258676036 1.71418 0.00965444
1.32886549245 1.72002 0.00975308
1.33514480495 1.72567 0.0105626
1.34144051627 1.73034 0.0107556
1.34773086842 1.73746 0.0109168
1.35400158999 1.74149 0.00929701
1.3602826093 1.7479 0.010004
1.36656568646 1.75283 0.0106527
1.37285149848 1.75906 0.0105804
1.37913537293 1.76511 0.0105574
1.38540956715 1.7701 0.010616
1.39169864122 1.77558 0.0100895
1.39798445144 1.78211 0.0102718
1.40426788341 1.78675 0.00976083
1.41055477948 1.79321 0.00974482
1.41683783355 1.79804 0.0097848
1.42311817719 1.80429 0.0108631
1.42939780116 1.80972 0.00944233
1.43568692182 1.81715 0.0103982
1.44197712177 1.82149 0.00989852
1.44825366785 1.827 0.00989251
1.45453234897 1.83296 0.0105655
1.46081931915 1.8379 0.00943276
1.4671103644 1.84419 0.00999138
1.47339290895 1.84996 0.00981469
1.47966996524 1.85597 0.0101562
1.4859561446 1.86195 0.0100004
1.49223361076 1.86729 0.00979206
1.49850247038 1.87353 0.00988398
1.50478575205 1.87827 0.010495
1.51107599189 1.88409 0.00953077
1.51736163499 1.88879 0.00909951
1.52364857097 1.89498 0.00999184
1.52993803572 1.90004 0.0114826
1.53623017691 1.90608 0.00998374
1.54251071878 1.91214 0.0101411
1.54878396308 1.91667 0.0100317
1.55507306978 1.9214 0.0101185
1.56135732493 1.92687 0.00995963
1.56762912105 1.93202 0.00969673
1.5739136974 1.93709 0.010709
1.58020354523 1.94254 0.0114715
1.58648539343 1.94723 0.0099201
1.59276001426 1.95218 0.0110541
1.59904643639 1.95718 0.0105569
1.60534213664 1.96199 0.0111395
1.61161976836 1.96707 0.00981692
1.61789716835 1.97249 0.0106282
1.62418270854 1.97994 0.010278
1.63046407995 1.98613 0.00954285
1.63674824683 1.99147 0.0106352
1.64303013827 1.99739 0.0106438
1.64930808063 2.00477 0.0102235
1.65559224863 2.01215 0.011569
1.66187827598 2.01772 0.0110666
1.66816823994 2.0226 0.010324
1.6744495611 2.03001 0.0100124
1.68072138563 2.03544 0.0104343
1.68701215424 2.04351 0.0110315
1.6933074808 2.04731 0.0103793
1.69958064303 2.05477 0.0102382
1.70586179344 2.06114 0.0109081
1.71215172419 2.06768 0.0110097
1.71843538617 2.07377 0.0110978
1.72471844694 2.07965 0.0108886
1.73099491844 2.0858 0.00924976
1.73728636032 2.09236 0.0106623
1.74356630258 2.09816 0.011285
1.74983600778 2.1047 0.0103831
1.75612327869 2.11103 0.00987616
1.76241061606 2.118 0.0104986
1.76869357896 2.12368 0.0106543
1.77497674839 2.12975 0.0105382
1.78126362161 2.13655 0.0103927
1.78754574761 2.14173 0.0108045
1.7938272923 2.14902 0.0116686
1.80010772174 2.15571 0.0110914
1.80639091391 2.16211 0.0114424
1.81267451427 2.16849 0.0107261
1.81895363524 2.17501 0.0120832
1.82523850291 2.18179 0.0111916
1.8315236862 2.18742 0.011941
1.83781040898 2.19394 0.0102612
1.84409642612 2.20046 0.011437
1.8503769215 2.20668 0.0125539
1.85666074594 2.21286 0.0114146
1.86294359809 2.21876 0.0112203
1.86922204917 2.22516 0.0113145
1.87550781357 2.23228 0.011251
1.88179499507 2.23827 0.0120346
1.88807781314 2.24463 0.01184
1.89435244502 2.25157 0.0115521
1.90063796885 2.25788 0.0113589
1.90692833723 2.26341 0.0119524
1.91320221586 2.27092 0.0119353
1.91948223445 2.27665 0.0122966
1.92577010575 2.28447 0.0128759
1.93206491035 2.28965 0.0124604
1.93834071151 2.29646 0.0116459
1.94460828613 2.30162 0.0130889
1.9508968614 2.30843 0.0128244
1.95718811973 2.31543 0.0119543
1.96347509207 2.32103 0.0118643
1.9697553281 2.3281 0.0118128
1.9760413775 2.33463 0.0134141
1.98233260336 2.34073 0.0125003
1.98861171931 2.34632 0.0131669
1.99488792869 2.35381 0.0134829
2.00117304134 2.35906 0.0134429
2.00745262249 2.3644 0.0136689
2.01372721862 2.37225 0.0136146
2.02001108039 2.37909 0.0135239
2.02630405283 2.38475 0.013495
2.03258735828 2.39047 0.013693
2.03886100377 2.39598 0.0132764
2.04514489951 2.40285 0.0147396
2.05143683626 2.40913 0.0152877
2.05772382203 2.41524 0.0133577
2.0640044634 2.42053 0.0146323
2.07029278421 2.42656 0.0153938
2.07658471853 2.43213 0.0152248
2.08285424307 2.43845 0.0156768
2.08912259138 2.44319 0.0149969
2.09541730178 2.45103 0.0155849
2.10170304464 2.45573 0.0162494
2.10797273337 2.46353 0.0153301
2.11425579676 2.46822 0.0155161
2.12053788985 2.47404 0.015717
2.12682075079 2.47843 0.0160754
2.13310670204 2.48631 0.0168849
2.13940011923 2.49179 0.0154094
2.14568939859 2.49637 0.0161013
2.15195789682 2.50195 0.0157833
2.15824033347 2.50636 0.0154649
2.16453048092 2.51375 0.0163946
2.17081716829 2.51754 0.0166432
2.17709912993 2.52346 0.0156914
2.18337674027 2.52988 0.0165854
2.18965452646 2.53414 0.0156881
2.19593814184 2.53875 0.017007
2.20221722867 2.54563 0.0169832
2.20849850085 2.55186 0.0188374
2.21479372465 2.55822 0.0178977
2.22107581834 2.56283 0.0183569
2.22733812199 2.56578 0.0179251
2.23362792264 2.57187 0.0169506
2.2399287897 2.57841 0.0187911
2.24620084223 2.58237 0.0174427
2.2524810722 2.59032 0.0189349
2.25875993301 2.59541 0.0187239
2.26503776668 2.60338 0.0192008
2.27130391144 2.61106 0.0181911
2.27758972822 2.61665 0.0203765
2.28389830542 2.6231 0.0194903
2.29017001225 2.62996 0.0207154
2.29645357402 2.63743 0.0205447
2.30275372852 2.64478 0.0207266
2.30903325986 2.65318 0.0221629
2.31530674049 2.65684 0.0212755
2.32158490306 2.66472 0.0221578
2.3278758488 2.67114 0.020487
2.33415543799 2.67375 0.0222524
2.34041936871 2.68168 0.0215218
2.34670710068 2.68877 0.0220249
2.3530032916 2.69298 0.0232592
2.35928989445 2.70143 0.0210757
2.36555387699 2.70499 0.0249421
2.37182578571 2.71343 0.024116
2.3781409032 2.71942 0.0259222
2.38442809259 2.72323 0.0220592
2.39069258243 2.72848 0.026349
2.39698813839 2.73605 0.0239005
2.40330354843 2.74326 0.0239025
2.40957307365 2.74711 0.0249523
2.41583080138 2.75377 0.0291519
2.42214385676 2.76092 0.0271165
2.42843005755 2.7634 0.026718
2.43467776878 2.76867 0.0287594
2.44097021258 2.77931 0.0275024
2.44729898127 2.78496 0.0275856
2.45356911846 2.78805 0.0332669
2.45980003814 2.7928 0.031804
2.4661092349 2.79977 0.0289454
2.47241430729 2.80232 0.0287555
2.47866355169 2.81331 0.0294197
2.48493431628 2.81599 0.0308063
2.49124283111 2.82584 0.0341804
2.49755537626 2.82696 0.0352414
2.50380379021 2.8272 0.0331347
2.51005045336 2.83864 0.0358693
2.51638815336 2.83897 0.0365641
2.52269694929 2.8492 0.0371773
2.52891211798 2.85021 0.0377919
2.53519495098 2.85817 0.0391675
2.54155301509 2.86138 0.0385501
2.54783359884 2.86715 0.0397548
2.55402772623 2.87062 0.0459691
2.56033571996 2.87853 0.0437043
2.56672381747 2.88738 0.0411469
2.57294751341 2.88486 0.0467148
2.57911252531 2.89875 0.0438534
2.58547549612 2.89578 0.0470689
2.59185019505 2.90032 0.0443442
2.59805932148 2.90315 0.0503146
2.60429715989 2.90406 0.0510546
2.61067449751 2.91375 0.0508491
2.61693283418 2.91697 0.0589255
2.62300854502 2.92106 0.0606916
2.62939753095 2.91624 0.0548293
2.63591057571 2.92549 0.0590317
2.64202978624 2.92407 0.0694373
2.64803951219 2.92205 0.0703304
2.65454096229 2.93718 0.0699556
2.66118028258 2.94353 0.0642225
2.66719514746 2.94093 0.0791871
2.67309090101 2.94748 0.07032
2.67973176445 2.94903 0.0865173
2.68646693102 2.94519 0.100438
2.69219835647 2.94396 0.0964465
2.69796467721 2.94334 0.105746
2.70489193937 2.9428 0.103776
2.71182026315 2.9691 0.0972613
2.71709790339 2.94998 0.165011
2.7227864466 2.9693 0.114127
2.72994784687 2.95098 0.145655
2.73706528781 2.95188 0.164029
2.74248820391 2.98077 0.311382
2.74787331837 2.91961 0.194041
2.75504313834 2.96865 0.276406
2.76219934437 2.92496 0.319938
2.76789278819 3.02002 0.57666
2.77283198247 2.8807 0.643292
2.77965581172 2.85397 1.42006
2.78599582346 -4.12116 57.3777
