0.0088996412247 2.18758 0.153038
0.0150791221651 2.19134 0.0937907
0.0214479018646 2.19882 0.0560519
0.0278366077649 2.20007 0.0485464
0.034350997858 2.19661 0.0376072
0.0404788676143 2.19919 0.0449556
0.0467671668358 2.20071 0.0357393
0.0530822510177 2.18976 0.0321832
0.0594536244094 2.19146 0.0288925
0.0657622481459 2.18911 0.0309418
0.071966329067 2.18928 0.0314907
0.0782786091569 2.18709 0.0283221
0.0847039894583 2.18117 0.0269639
0.0909685462053 2.18297 0.0262428
0.0972078977683 2.18697 0.0266092
0.103476303896 2.17505 0.0253721
0.109757644425 2.17519 0.0236867
0.116054308478 2.16789 0.0206876
0.122366966654 2.16168 0.0263208
0.128681726309 2.15106 0.0249809
0.134950080166 2.14479 0.0247647
0.141194955884 2.14036 0.0204759
0.147513357575 2.13442 0.0191837
0.153786507425 2.12953 0.0224607
0.160065754405 2.11833 0.0191343
0.166399116869 2.11188 0.0223354
0.172719564578 2.10192 0.0175353
0.178976521338 2.09258 0.0202001
0.185235369065 2.08502 0.0207687
0.191480678734 2.07152 0.0196568
0.197788986865 2.06115 0.0190952
0.204093773545 2.05028 0.0195598
0.210393930261 2.04076 0.0168752
0.216690970982 2.02879 0.0210783
0.222970028122 2.01749 0.0193321
0.229262002709 2.00893 0.0175058
0.235514150837 1.99267 0.0185955
0.241791058382 1.98178 0.0174213
0.248085653944 1.97028 0.0174213
0.254349225687 1.95394 0.019883
0.260633425188 1.9436 0.0173138
0.26692573709 1.93093 0.0180925
0.273242334314 1.91663 0.0173226
0.279552968008 1.90551 0.0165759
0.285836629231 1.89006 0.0160278
0.292087627139 1.87825 0.0167852
0.298344984444 1.86792 0.016633
0.304638263941 1.84966 0.0167242
0.3109279127 1.84032 0.0165874
0.317216817162 1.82538 0.0165114
0.323518756794 1.81324 0.0177424
0.329816821755 1.80164 0.0161113
0.336117642946 1.78947 0.0156563
0.342370037571 1.77686 0.0157608
0.348647819267 1.7631 0.0157859
0.354941161441 1.75213 0.0170389
0.361191693542 1.73989 0.0150792
0.367476708956 1.72882 0.0147305
0.373764779528 1.71976 0.0153054
0.380065403148 1.70486 0.0167595
0.386353986126 1.69572 0.0160792
0.392614018136 1.68111 0.0137862
0.398926450032 1.67664 0.0149425
0.405207324458 1.66612 0.0137255
0.411491647757 1.65552 0.0152872
0.417781427212 1.64442 0.0131936
0.424040064873 1.6349 0.0142537
0.430342569027 1.62645 0.0149845
0.436635856026 1.61701 0.0142769
0.442899618322 1.6075 0.0136941
0.449163441853 1.59988 0.0135986
0.455441414625 1.59162 0.0140877
0.46176344703 1.58484 0.0117511
0.468064424202 1.57418 0.0134759
0.474348524276 1.56801 0.0134591
0.480635613682 1.56098 0.0135908
0.486901925839 1.55422 0.0145201
0.49316970996 1.54618 0.0136771
0.499450674714 1.54039 0.014105
0.505715905134 1.53397 0.0142291
0.511992399627 1.52899 0.0133716
0.518312609777 1.52238 0.012437
0.524608963803 1.51661 0.0124873
0.530875730848 1.51375 0.0124879
0.537157352795 1.50742 0.0132529
0.543457956378 1.50424 0.0135522
0.549743065239 1.49739 0.0136206
0.55599374275 1.49385 0.0128675
0.562285467661 1.48991 0.0133251
0.568601153723 1.48431 0.0116431
0.574880458942 1.48059 0.0131611
0.581155021034 1.47841 0.0119854
0.587439449666 1.47572 0.0131068
0.59371762203 1.47026 0.0124587
0.599997195479 1.46929 0.0118506
0.606267911512 1.46696 0.0127802
0.612546957644 1.46222 0.0118952
0.618847773304 1.45995 0.0125684
0.625131056744 1.45732 0.0123944
0.631402745038 1.45569 0.0119762
0.637700356273 1.45416 0.0123369
0.643985778331 1.45169 0.0113345
0.650268541717 1.44891 0.0120028
0.65655861177 1.44865 0.0130872
0.662836928236 1.44616 0.0117071
0.669118544496 1.44454 0.0122999
0.675407019858 1.44453 0.0115448
0.681683551459 1.44409 0.0118706
0.687959253386 1.44355 0.012072
0.694234431704 1.44069 0.011666
0.700517540243 1.43972 0.0113733
0.706812495661 1.43977 0.0118792
0.713101900967 1.43924 0.0114965
0.719391825117 1.43799 0.0122947
0.72568338076 1.43912 0.0122398
0.731965268271 1.43805 0.0129633
0.738250799048 1.43749 0.0119167
0.744526584212 1.43664 0.0107667
0.750787110194 1.43837 0.0121111
0.757075846532 1.43668 0.0115208
0.76336412336 1.43882 0.0108386
0.769646295986 1.43893 0.0123162
0.775939486518 1.43974 0.012292
0.782232914199 1.43926 0.0121649
0.788531493652 1.43996 0.0117002
0.794789656698 1.43936 0.0114775
0.801049109659 1.44077 0.0112289
0.807336406173 1.44183 0.0114786
0.813622948837 1.4431 0.0105835
0.819915299896 1.44372 0.0106631
0.826195263639 1.44528 0.0112696
0.832489707008 1.44547 0.0112593
0.838795930921 1.44748 0.0106039
0.84506346397 1.44871 0.0126575
0.851328286756 1.44935 0.0115589
0.85761982639 1.45076 0.0106758
0.863905847706 1.45085 0.0120285
0.870183874549 1.45387 0.0110139
0.876464109608 1.45524 0.0120724
0.88275038734 1.4572 0.0104292
0.889033276839 1.45821 0.0120792
0.895308424711 1.46047 0.0113715
0.901595652167 1.4617 0.0109199
0.907883332809 1.46457 0.0106942
0.914174410632 1.46551 0.0115525
0.920463081772 1.46741 0.011193
0.926743441526 1.47028 0.0116128
0.933032419735 1.47233 0.0113734
0.939326578557 1.47455 0.0108498
0.94559748104 1.4764 0.0104987
0.951866001855 1.47923 0.0103023
0.958141325553 1.48005 0.0104054
0.964435094511 1.48501 0.0113948
0.970735563357 1.48648 0.0106817
0.977008076845 1.48875 0.0109371
0.983282332536 1.4916 0.0105268
0.989556969197 1.4945 0.0111293
0.995845630192 1.49759 0.011168
1.00213621074 1.5008 0.0106123
1.00840482534 1.50306 0.0107089
1.01469414984 1.50666 0.0110809
1.02099255544 1.5082 0.0113135
1.02727398044 1.51292 0.0108144
1.0335591819 1.51523 0.0102507
1.03984755739 1.51888 0.0109862
1.04612697494 1.52158 0.0107168
1.05240343681 1.52541 0.0106423
1.05868070465 1.52816 0.010813
1.06496433307 1.53143 0.0106409
1.07125677744 1.53505 0.00955608
1.0775440488 1.53747 0.0112908
1.08382482019 1.542 0.0107181
1.09010802394 1.54552 0.0112468
1.09638966596 1.54969 0.0104823
1.10268113206 1.55314 0.0105758
1.10896304759 1.55749 0.0110087
1.11522542846 1.56077 0.00981917
1.12150212761 1.56497 0.0105008
1.12779257382 1.56819 0.00993507
1.13408955267 1.57316 0.0103829
1.14036404965 1.57699 0.010881
1.14663918032 1.58049 0.010141
1.15294241299 1.58415 0.00983755
1.15922890675 1.58862 0.0103512
1.16550872189 1.5923 0.00998863
1.17179307626 1.59775 0.0102887
1.17808743637 1.60212 0.00954472
1.18436765425 1.60537 0.00998015
1.1906346423 1.61051 0.0101609
1.19691220883 1.61509 0.0093009
1.20320157735 1.61949 0.0103744
1.20948684444 1.62394 0.0104693
1.21576390207 1.62904 0.00944185
1.22204975517 1.63394 0.00955934
1.22834061662 1.63806 0.0106631
1.23463298658 1.64303 0.0104827
1.24090224718 1.64782 0.0107004
1.24717483914 1.65367 0.00975502
1.25346545993 1.65701 0.0108944
1.25974995189 1.66346 0.0104467
1.26603214313 1.66648 0.0100083
1.27231628847 1.67215 0.0101562
1.27860415506 1.67703 0.00990815
1.28488658893 1.68292 0.0105722
1.29117542007 1.68697 0.0111976
1.29746572637 1.69282 0.00972748
1.30374182701 1.69747 0.0106332
1.31001732292 1.70313 0.00980989
1.31630144766 1.70798 0.010774
1.32258676036 1.71358 0.0100484
1.32886549245 1.71872 0.00975274
1.33514480495 1.72455 0.0109615
1.34144051627 1.72884 0.0104583
1.34773086842 1.73528 0.0106663
1.35400158999 1.73951 0.00986237
1.3602826093 1.7461 0.00952975
1.36656568646 1.75114 0.0106683
1.37285149848 1.75709 0.0102696
1.37913537293 1.76292 0.0103554
1.38540956715 1.76798 0.00941299
1.39169864122 1.77371 0.0100872
1.39798445144 1.77884 0.0105151
1.40426788341 1.7846 0.00982496
1.41055477948 1.79093 0.00983846
1.41683783355 1.79497 0.00957137
1.42311817719 1.80084 0.0101258
1.42939780116 1.80767 0.00989556
1.43568692182 1.81447 0.0101836
1.44197712177 1.81894 0.009456
1.44825366785 1.82341 0.0098627
1.45453234897 1.83065 0.011322
1.46081931915 1.83565 0.00997995
1.4671103644 1.84192 0.0104495
1.47339290895 1.84726 0.0106172
1.47966996524 1.85339 0.0102363
1.4859561446 1.85912 0.00994989
1.49223361076 1.86483 0.0101234
1.49850247038 1.86979 0.00956589
1.50478575205 1.87532 0.0101924
1.51107599189 1.88088 0.00969152
1.51736163499 1.88661 0.00907866
1.52364857097 1.89199 0.0100064
1.52993803572 1.89703 0.0112869
1.53623017691 1.90352 0.0103928
1.54251071878 1.90934 0.0105758
1.54878396308 1.91347 0.0100599
1.55507306978 1.91934 0.0102924
1.56135732493 1.92464 0.0100377
1.56762912105 1.92991 0.00956502
1.5739136974 1.93459 0.00990254
1.58020354523 1.94037 0.0111936
1.58648539343 1.94467 0.0101899
1.59276001426 1.95025 0.0105553
1.59904643639 1.95567 0.010561
1.60534213664 1.96074 0.0110602
1.61161976836 1.96483 0.0102493
1.61789716835 1.9706 0.0097216
1.62418270854 1.97763 0.00969885
1.63046407995 1.98448 0.00985838
1.63674824683 1.98935 0.0106233
1.64303013827 1.99588 0.0109257
1.64930808063 2.00326 0.0101262
1.65559224863 2.01086 0.0107326
1.66187827598 2.01555 0.0107993
1.66816823994 2.02119 0.0110062
1.6744495611 2.02786 0.0101725
1.68072138563 2.03457 0.00995179
1.68701215424 2.04181 0.0111134
1.6933074808 2.04586 0.0105844
1.69958064303 2.05324 0.0105109
1.70586179344 2.05994 0.0105149
1.71215172419 2.06611 0.0104216
1.71843538617 2.07235 0.0107929
1.72471844694 2.07825 0.0103305
1.73099491844 2.08452 0.0108738
1.73728636032 2.09116 0.0112374
1.74356630258 2.0968 0.01118
1.74983600778 2.10506 0.0110823
1.75612327869 2.11095 0.010025
1.76241061606 2.11735 0.0107887
1.76869357896 2.12334 0.0106731
1.77497674839 2.13046 0.0110434
1.78126362161 2.13682 0.0103838
1.78754574761 2.14173 0.0112848
1.7938272923 2.1492 0.0122798
1.80010772174 2.15536 0.0120796
1.80639091391 2.16291 0.0114716
1.81267451427 2.16898 0.0110387
1.81895363524 2.1748 0.0124575
1.82523850291 2.18235 0.0114534
1.8315236862 2.18857 0.0115408
1.83781040898 2.19528 0.0107435
1.84409642612 2.2009 0.0103916
1.8503769215 2.20837 0.012562
1.85666074594 2.21562 0.0125271
1.86294359809 2.22166 0.0122442
1.86922204917 2.22778 0.0120197
1.87550781357 2.23364 0.0124499
1.88179499507 2.24094 0.0122486
1.88807781314 2.24722 0.0128333
1.89435244502 2.25393 0.0127233
1.90063796885 2.26109 0.0124352
1.90692833723 2.2671 0.0128028
1.91320221586 2.27424 0.0131383
1.91948223445 2.28067 0.0127207
1.92577010575 2.28828 0.0130301
1.93206491035 2.29427 0.0139494
1.93834071151 2.3017 0.0118515
1.94460828613 2.30597 0.0137109
1.9508968614 2.3128 0.0132493
1.95718811973 2.32002 0.0130141
1.96347509207 2.32628 0.0125444
1.9697553281 2.33375 0.0129531
1.9760413775 2.33972 0.0148956
1.98233260336 2.34668 0.0143455
1.98861171931 2.35176 0.0144991
1.99488792869 2.35996 0.0139613
2.00117304134 2.36425 0.0139875
2.00745262249 2.3711 0.0129869
2.01372721862 2.37913 0.0147056
2.02001108039 2.38627 0.0136825
2.02630405283 2.39222 0.014586
2.03258735828 2.3995 0.0143796
2.03886100377 2.40406 0.0143011
2.04514489951 2.41066 0.0146659
2.05143683626 2.41752 0.0153117
2.05772382203 2.42397 0.0136722
2.0640044634 2.43028 0.0160264
2.07029278421 2.43531 0.0158721
2.07658471853 2.44244 0.0156174
2.08285424307 2.44955 0.0155319
2.08912259138 2.45526 0.0154722
2.09541730178 2.46075 0.0168495
2.10170304464 2.46671 0.0152518
2.10797273337 2.47402 0.0155893
2.11425579676 2.47855 0.0165298
2.12053788985 2.48474 0.0167283
2.12682075079 2.48992 0.0154593
2.13310670204 2.49659 0.0168383
2.13940011923 2.50273 0.0156828
2.14568939859 2.50994 0.0163252
2.15195789682 2.51403 0.0171939
2.15824033347 2.51902 0.0156325
2.16453048092 2.526 0.018213
2.17081716829 2.53228 0.0177349
2.17709912993 2.53661 0.0167412
2.18337674027 2.54296 0.0178098
2.18965452646 2.54733 0.0173549
2.19593814184 2.55295 0.0184057
2.20221722867 2.55832 0.0169065
2.20849850085 2.56476 0.0197341
2.21479372465 2.57241 0.0182979
2.22107581834 2.57631 0.0181929
2.22733812199 2.58305 0.0205386
2.23362792264 2.58801 0.018656
2.2399287897 2.593 0.0193159
2.24620084223 2.5982 0.0181906
2.2524810722 2.60864 0.0203751
2.25875993301 2.61238 0.0197208
2.26503776668 2.62097 0.0204557
2.27130391144 2.627 0.0185636
2.27758972822 2.6345 0.0193822
2.28389830542 2.64203 0.0195345
2.29017001225 2.64962 0.0207891
2.29645357402 2.65538 0.0213451
2.30275372852 2.66282 0.022077
2.30903325986 2.6727 0.020927
2.31530674049 2.67719 0.0225288
2.32158490306 2.68559 0.0218753
2.3278758488 2.69052 0.0210821
2.33415543799 2.69497 0.0223689
2.34041936871 2.70212 0.0209575
2.34670710068 2.70707 0.0222924
2.3530032916 2.71719 0.0202762
2.35928989445 2.72244 0.0231614
2.36555387699 2.72656 0.0237926
2.37182578571 2.73627 0.0245949
2.3781409032 2.7401 0.0262716
2.38442809259 2.75038 0.0255559
2.39069258243 2.75234 0.0272072
2.39698813839 2.7591 0.0251023
2.40330354843 2.76763 0.0272054
2.40957307365 2.77141 0.0245695
2.41583080138 2.78118 0.0288681
2.42214385676 2.78504 0.0293981
2.42843005755 2.78971 0.0260822
2.43467776878 2.79428 0.0242312
2.44097021258 2.80497 0.0290011
2.44729898127 2.80864 0.0247326
2.45356911846 2.81441 0.0303828
2.45980003814 2.82457 0.0290334
2.4661092349 2.82632 0.0314162
2.47241430729 2.83214 0.0318251
2.47866355169 2.83677 0.0300654
2.48493431628 2.84465 0.0326614
2.49124283111 2.85573 0.0321099
2.49755537626 2.8543 0.033563
2.50380379021 2.86286 0.0314691
2.51005045336 2.87047 0.0400756
2.51638815336 2.87289 0.0384029
2.52269694929 2.87758 0.0417766
2.52891211798 2.88066 0.0335019
2.53519495098 2.89299 0.0380492
2.54155301509 2.89315 0.0392038
2.54783359884 2.89846 0.0432337
2.55402772623 2.90546 0.0437258
2.56033571996 2.91194 0.0500423
2.56672381747 2.91823 0.0422237
2.57294751341 2.91831 0.0466309
2.57911252531 2.92789 0.0516417
2.58547549612 2.92654 0.0421825
2.59185019505 2.93798 0.0501614
2.59805932148 2.93345 0.0449606
2.60429715989 2.93419 0.0451074
2.61067449751 2.95116 0.0489285
2.61693283418 2.96043 0.0489704
2.62300854502 2.95471 0.0564844
2.62939753095 2.95482 0.0629256
2.63591057571 2.96407 0.0660321
2.64202978624 2.96674 0.0686388
2.64803951219 2.96137 0.0705365
2.65454096229 2.96439 0.0695851
2.66118028258 2.97414 0.0641543
2.66719514746 2.97538 0.0788895
2.67309090101 2.98445 0.0705263
2.67973176445 2.97653 0.0799481
2.68646693102 2.98434 0.0943626
2.69219835647 2.98224 0.101949
2.69796467721 2.96977 0.100228
2.70489193937 2.9938 0.104642
2.71182026315 2.9962 0.116122
2.71709790339 2.99172 0.174737
2.7227864466 3.01986 0.137775
2.72994784687 2.99923 0.139228
2.73706528781 2.99963 0.169627
2.74248820391 3.04942 0.305857
2.74787331837 3.00326 0.1809
2.75504313834 3.04544 0.282928
2.76219934437 3.01813 0.352395
2.76789278819 3.0698 0.693309
2.77283198247 2.99041 0.593384
2.77965581172 2.90196 1.28878
2.78599582346 5.0798 103.614
