0.0088996412247 0.585892 0.116967
0.0150791221651 0.5904 0.0738962
0.0214479018646 0.592302 0.0414627
0.0278366077649 0.594859 0.0363977
0.034350997858 0.603348 0.029195
0.0404788676143 0.599402 0.0318661
0.0467671668358 0.603772 0.0298091
0.0530822510177 0.612513 0.0255808
0.0594536244094 0.611831 0.0257037
0.0657622481459 0.614254 0.0230216
0.071966329067 0.619511 0.0221114
0.0782786091569 0.624182 0.0195123
0.0847039894583 0.623579 0.0176606
0.0909685462053 0.624867 0.0184614
0.0972078977683 0.619913 0.0190358
0.103476303896 0.624241 0.0173786
0.109757644425 0.629003 0.0180719
0.116054308478 0.634046 0.0150071
0.122366966654 0.641618 0.0166587
0.128681726309 0.649228 0.0178441
0.134950080166 0.653684 0.0179315
0.141194955884 0.652439 0.0170838
0.147513357575 0.657626 0.0129527
0.153786507425 0.656476 0.0140265
0.160065754405 0.663672 0.0156102
0.166399116869 0.665436 0.0149308
0.172719564578 0.671881 0.0139512
0.178976521338 0.679287 0.0163167
0.185235369065 0.687019 0.0138831
0.191480678734 0.69762 0.0129327
0.197788986865 0.705805 0.013665
0.204093773545 0.710549 0.0130248
0.210393930261 0.716817 0.0122537
0.216690970982 0.723742 0.0117593
0.222970028122 0.730745 0.0141216
0.229262002709 0.736104 0.0128877
0.235514150837 0.745341 0.0140222
0.241791058382 0.754516 0.0124943
0.248085653944 0.764585 0.0127341
0.254349225687 0.775307 0.0114501
0.260633425188 0.784216 0.0108067
0.26692573709 0.791708 0.0135555
0.273242334314 0.802078 0.0117378
0.279552968008 0.81059 0.0126947
0.285836629231 0.82098 0.012949
0.292087627139 0.829351 0.0116832
0.298344984444 0.837437 0.0119374
0.304638263941 0.84846 0.0108887
0.3109279127 0.855592 0.0116842
0.317216817162 0.867886 0.0114008
0.323518756794 0.875569 0.0104646
0.329816821755 0.887524 0.0118957
0.336117642946 0.897163 0.0107551
0.342370037571 0.906041 0.0109241
0.348647819267 0.914486 0.0102053
0.354941161441 0.922428 0.0101575
0.361191693542 0.931267 0.0117182
0.367476708956 0.941932 0.0104705
0.373764779528 0.950978 0.0120198
0.380065403148 0.959618 0.00959742
0.386353986126 0.96843 0.0119685
0.392614018136 0.97835 0.0109076
0.398926450032 0.984725 0.0111308
0.405207324458 0.990971 0.0100436
0.411491647757 1.00051 0.0106994
0.417781427212 1.00882 0.0116346
0.424040064873 1.01672 0.0124217
0.430342569027 1.02483 0.0108529
0.436635856026 1.03245 0.01113
0.442899618322 1.03941 0.011437
0.449163441853 1.04625 0.0120766
0.455441414625 1.0524 0.0108604
0.46176344703 1.05898 0.0118583
0.468064424202 1.06809 0.0118573
0.474348524276 1.07375 0.011285
0.480635613682 1.0809 0.0101827
0.486901925839 1.0877 0.0105692
0.49316970996 1.09196 0.0113283
0.499450674714 1.1003 0.0108603
0.505715905134 1.10412 0.0113688
0.511992399627 1.10966 0.0123156
0.518312609777 1.11683 0.0106903
0.524608963803 1.1214 0.0100252
0.530875730848 1.12792 0.0111175
0.537157352795 1.1334 0.0104959
0.543457956378 1.13643 0.0112683
0.549743065239 1.14338 0.0110825
0.55599374275 1.14763 0.0109079
0.562285467661 1.15338 0.0107857
0.568601153723 1.16044 0.0121708
0.574880458942 1.1632 0.0110686
0.581155021034 1.16692 0.0112814
0.587439449666 1.17193 0.0109475
0.59371762203 1.17636 0.0105192
0.599997195479 1.18133 0.0114844
0.606267911512 1.18371 0.0108574
0.612546957644 1.18989 0.0100685
0.618847773304 1.19426 0.011902
0.625131056744 1.19813 0.0111107
0.631402745038 1.20307 0.010364
0.637700356273 1.20653 0.0110905
0.643985778331 1.21223 0.0114227
0.650268541717 1.2157 0.0111123
0.65655861177 1.22008 0.0108236
0.662836928236 1.22295 0.0108755
0.669118544496 1.22703 0.0101797
0.675407019858 1.23168 0.0120113
0.681683551459 1.23469 0.0114087
0.687959253386 1.23893 0.0113131
0.694234431704 1.24321 0.0104648
0.700517540243 1.24717 0.00977624
0.706812495661 1.25008 0.010003
0.713101900967 1.25522 0.0103334
0.719391825117 1.26057 0.0104766
0.72568338076 1.26249 0.0110378
0.731965268271 1.26709 0.0107247
0.738250799048 1.27188 0.0105725
0.744526584212 1.27449 0.0103326
0.750787110194 1.27902 0.00949603
0.757075846532 1.28295 0.0111952
0.76336412336 1.28803 0.011289
0.769646295986 1.29191 0.0104543
0.775939486518 1.29545 0.00951928
0.782232914199 1.30039 0.010763
0.788531493652 1.30428 0.00997854
0.794789656698 1.30886 0.0114186
0.801049109659 1.31134 0.010786
0.807336406173 1.31768 0.0117096
0.813622948837 1.32065 0.00967044
0.819915299896 1.32483 0.0116654
0.826195263639 1.32895 0.0110438
0.832489707008 1.33408 0.0108886
0.838795930921 1.3369 0.0103292
0.84506346397 1.34187 0.0104146
0.851328286756 1.3456 0.00881023
0.85761982639 1.35007 0.0107074
0.863905847706 1.35481 0.0103844
0.870183874549 1.35816 0.0101052
0.876464109608 1.36349 0.00930566
0.88275038734 1.36854 0.0103036
0.889033276839 1.37261 0.00962786
0.895308424711 1.3761 0.00937269
0.901595652167 1.38161 0.0103906
0.907883332809 1.3855 0.0106398
0.914174410632 1.38946 0.00935257
0.920463081772 1.39453 0.0101602
0.926743441526 1.39956 0.0108079
0.933032419735 1.40419 0.00995351
0.939326578557 1.40899 0.00936787
0.94559748104 1.41273 0.0104775
0.951866001855 1.41809 0.0112716
0.958141325553 1.42134 0.0100236
0.964435094511 1.42585 0.00956846
0.970735563357 1.4315 0.0100871
0.977008076845 1.43814 0.0111824
0.983282332536 1.44139 0.0105664
0.989556969197 1.44591 0.0101923
0.995845630192 1.45125 0.00987981
1.00213621074 1.45504 0.0101551
1.00840482534 1.46156 0.0106032
1.01469414984 1.46421 0.00960967
1.02099255544 1.47171 0.00956418
1.02727398044 1.47541 0.0105491
1.0335591819 1.481 0.0101892
1.03984755739 1.4855 0.0108155
1.04612697494 1.49111 0.0104429
1.05240343681 1.49419 0.00944579
1.05868070465 1.50042 0.00973298
1.06496433307 1.50583 0.00997057
1.07125677744 1.51033 0.0102541
1.0775440488 1.51479 0.00964249
1.08382482019 1.52126 0.0109884
1.09010802394 1.52657 0.00936181
1.09638966596 1.53156 0.00894102
1.10268113206 1.53631 0.00996502
1.10896304759 1.54156 0.00996521
1.11522542846 1.54684 0.0102614
1.12150212761 1.55297 0.0111645
1.12779257382 1.55738 0.0102977
1.13408955267 1.56349 0.0109578
1.14036404965 1.56862 0.00977984
1.14663918032 1.57342 0.00995209
1.15294241299 1.5799 0.0100631
1.15922890675 1.58473 0.0102086
1.16550872189 1.58958 0.00981461
1.17179307626 1.59462 0.00942957
1.17808743637 1.60119 0.0108132
1.18436765425 1.60647 0.00981786
1.1906346423 1.61194 0.00980129
1.19691220883 1.61713 0.0100037
1.20320157735 1.62331 0.0102937
1.20948684444 1.62929 0.00999222
1.21576390207 1.63498 0.010838
1.22204975517 1.6395 0.010373
1.22834061662 1.64603 0.0101843
1.23463298658 1.65151 0.0102164
1.24090224718 1.65762 0.00997391
1.24717483914 1.66277 0.00984224
1.25346545993 1.66961 0.0100922
1.25974995189 1.67404 0.00973672
1.26603214313 1.68045 0.00975429
1.27231628847 1.68624 0.00951473
1.27860415506 1.69182 0.00979291
1.28488658893 1.6976 0.00969385
1.29117542007 1.7037 0.00914371
1.29746572637 1.70926 0.00912097
1.30374182701 1.71547 0.0100015
1.31001732292 1.72113 0.0104226
1.31630144766 1.7274 0.00980741
1.32258676036 1.73284 0.00965133
1.32886549245 1.73971 0.00915597
1.33514480495 1.74524 0.00955192
1.34144051627 1.75105 0.0100659
1.34773086842 1.75783 0.0106734
1.35400158999 1.76382 0.0100064
1.3602826093 1.76961 0.00983589
1.36656568646 1.77575 0.0104041
1.37285149848 1.78083 0.0100317
1.37913537293 1.78729 0.010015
1.38540956715 1.7939 0.00972921
1.39169864122 1.79874 0.00996747
1.39798445144 1.80655 0.00956955
1.40426788341 1.81154 0.00971097
1.41055477948 1.81775 0.00944301
1.41683783355 1.82433 0.00996749
1.42311817719 1.82984 0.0106494
1.42939780116 1.83545 0.00953613
1.43568692182 1.84112 0.0108232
1.44197712177 1.84861 0.0100601
1.44825366785 1.85459 0.00956283
1.45453234897 1.85943 0.00925758
1.46081931915 1.8649 0.0101254
1.4671103644 1.87109 0.0103933
1.47339290895 1.87736 0.00987116
1.47966996524 1.88362 0.0100213
1.4859561446 1.88942 0.0103665
1.49223361076 1.89539 0.00953383
1.49850247038 1.90236 0.0101497
1.50478575205 1.90723 0.009907
1.51107599189 1.91252 0.0100076
1.51736163499 1.91742 0.00947634
1.52364857097 1.92441 0.010475
1.52993803572 1.92956 0.0108327
1.53623017691 1.93468 0.00938456
1.54251071878 1.94026 0.0102178
1.54878396308 1.94638 0.00995009
1.55507306978 1.95128 0.0100306
1.56135732493 1.95641 0.010374
1.56762912105 1.962 0.0100909
1.5739136974 1.96737 0.00972855
1.58020354523 1.97258 0.0103943
1.58648539343 1.97743 0.00989829
1.59276001426 1.98216 0.0101169
1.59904643639 1.98687 0.00972102
1.60534213664 1.99197 0.0100227
1.61161976836 1.99865 0.0104271
1.61789716835 2.00417 0.0102722
1.62418270854 2.0108 0.0100933
1.63046407995 2.01688 0.0100203
1.63674824683 2.02304 0.010122
1.64303013827 2.02884 0.0104597
1.64930808063 2.03576 0.0097599
1.65559224863 2.04238 0.0113818
1.66187827598 2.04835 0.0110532
1.66816823994 2.05507 0.00983307
1.6744495611 2.06096 0.0106577
1.68072138563 2.06649 0.0118212
1.68701215424 2.07322 0.0104884
1.6933074808 2.08027 0.0107099
1.69958064303 2.087 0.0108447
1.70586179344 2.09159 0.0112223
1.71215172419 2.09907 0.0111901
1.71843538617 2.10531 0.0110999
1.72471844694 2.11118 0.0109241
1.73099491844 2.11727 0.0105009
1.73728636032 2.12479 0.0106368
1.74356630258 2.13028 0.0112598
1.74983600778 2.13577 0.0109502
1.75612327869 2.14313 0.0104585
1.76241061606 2.14955 0.0115298
1.76869357896 2.15526 0.0108728
1.77497674839 2.16195 0.0104162
1.78126362161 2.16709 0.0119984
1.78754574761 2.17399 0.0106846
1.7938272923 2.18053 0.0114819
1.80010772174 2.18673 0.0108753
1.80639091391 2.1936 0.0116368
1.81267451427 2.1994 0.0109989
1.81895363524 2.20576 0.0114088
1.82523850291 2.2124 0.0118702
1.8315236862 2.21917 0.0115175
1.83781040898 2.22597 0.0107741
1.84409642612 2.2316 0.0116282
1.8503769215 2.23749 0.0117619
1.85666074594 2.24452 0.0110161
1.86294359809 2.24978 0.0109448
1.86922204917 2.25658 0.0104442
1.87550781357 2.26309 0.0117373
1.88179499507 2.26974 0.0114608
1.88807781314 2.27566 0.0103278
1.89435244502 2.2812 0.0109296
1.90063796885 2.28952 0.0118387
1.90692833723 2.2948 0.010686
1.91320221586 2.3006 0.012185
1.91948223445 2.30684 0.0120258
1.92577010575 2.31488 0.0117694
1.93206491035 2.32011 0.0117255
1.93834071151 2.32586 0.0119019
1.94460828613 2.33262 0.0125368
1.9508968614 2.34019 0.0126626
1.95718811973 2.34578 0.0119332
1.96347509207 2.35122 0.0121161
1.9697553281 2.35776 0.0129165
1.9760413775 2.36544 0.0120209
1.98233260336 2.36983 0.0122347
1.98861171931 2.37706 0.0124197
1.99488792869 2.38207 0.0122007
2.00117304134 2.3891 0.0129867
2.00745262249 2.39572 0.012735
2.01372721862 2.40129 0.0120328
2.02001108039 2.40847 0.0130641
2.02630405283 2.41396 0.0121486
2.03258735828 2.41953 0.0141543
2.03886100377 2.42514 0.01325
2.04514489951 2.43144 0.0139916
2.05143683626 2.43769 0.0148048
2.05772382203 2.44426 0.0117444
2.0640044634 2.44956 0.0138954
2.07029278421 2.45537 0.0143875
2.07658471853 2.46108 0.0129948
2.08285424307 2.46738 0.0135648
2.08912259138 2.47111 0.0138807
2.09541730178 2.47944 0.0152617
2.10170304464 2.48418 0.0147814
2.10797273337 2.49014 0.0128143
2.11425579676 2.49725 0.0142421
2.12053788985 2.50264 0.0151983
2.12682075079 2.50791 0.0147007
2.13310670204 2.51224 0.0158019
2.13940011923 2.51804 0.0149747
2.14568939859 2.52412 0.0146199
2.15195789682 2.52955 0.014784
2.15824033347 2.53533 0.0157548
2.16453048092 2.53895 0.0148894
2.17081716829 2.54455 0.0138556
2.17709912993 2.55003 0.0153593
2.18337674027 2.55589 0.0143372
2.18965452646 2.5607 0.0154624
2.19593814184 2.56679 0.0159699
2.20221722867 2.57119 0.0159064
2.20849850085 2.57835 0.0157437
2.21479372465 2.58123 0.0155516
2.22107581834 2.58842 0.0171701
2.22733812199 2.59286 0.0141247
2.23362792264 2.59862 0.0178902
2.2399287897 2.60505 0.0161932
2.24620084223 2.61119 0.016193
2.2524810722 2.61543 0.0179477
2.25875993301 2.62366 0.0157102
2.26503776668 2.62997 0.016928
2.27130391144 2.63498 0.0188764
2.27758972822 2.64187 0.016774
2.28389830542 2.64994 0.01797
2.29017001225 2.65784 0.0187535
2.29645357402 2.66308 0.0178586
2.30275372852 2.67123 0.0183575
2.30903325986 2.67481 0.0202669
2.31530674049 2.68206 0.0184192
2.32158490306 2.68792 0.0175527
2.3278758488 2.69254 0.019031
2.33415543799 2.70241 0.0206742
2.34041936871 2.70699 0.018748
2.34670710068 2.71423 0.0192407
2.3530032916 2.72011 0.0214453
2.35928989445 2.72695 0.0204351
2.36555387699 2.73464 0.0203982
2.37182578571 2.73434 0.0223856
2.3781409032 2.74311 0.023213
2.38442809259 2.74607 0.021511
2.39069258243 2.75616 0.0246278
2.39698813839 2.76229 0.0214546
2.40330354843 2.76564 0.0223068
2.40957307365 2.77407 0.0252098
2.41583080138 2.77864 0.0246312
2.42214385676 2.78522 0.0231133
2.42843005755 2.79005 0.0247413
2.43467776878 2.79781 0.0261445
2.44097021258 2.80205 0.0230643
2.44729898127 2.81336 0.0281147
2.45356911846 2.81349 0.0285691
2.45980003814 2.81737 0.0284129
2.4661092349 2.82455 0.0305746
2.47241430729 2.82733 0.033993
2.47866355169 2.83979 0.0296055
2.48493431628 2.84078 0.0287152
2.49124283111 2.84839 0.0340239
2.49755537626 2.85593 0.0287109
2.50380379021 2.85523 0.0301848
2.51005045336 2.86113 0.0359626
2.51638815336 2.86301 0.0316984
2.52269694929 2.87571 0.0349992
2.52891211798 2.87698 0.0306728
2.53519495098 2.8799 0.0346373
2.54155301509 2.88562 0.0375624
2.54783359884 2.8866 0.0390158
2.55402772623 2.90074 0.0386207
2.56033571996 2.9033 0.0392426
2.56672381747 2.90514 0.0436218
2.57294751341 2.91022 0.0433151
2.57911252531 2.91548 0.0453891
2.58547549612 2.91915 0.0454775
2.59185019505 2.92149 0.0449244
2.59805932148 2.9232 0.054325
2.60429715989 2.93288 0.0454422
2.61067449751 2.93986 0.0546437
2.61693283418 2.93532 0.0525225
2.62300854502 2.94006 0.0621224
2.62939753095 2.94716 0.0552865
2.63591057571 2.94727 0.0600665
2.64202978624 2.9535 0.0580614
2.64803951219 2.96125 0.0565869
2.65454096229 2.96451 0.0595755
2.66118028258 2.96471 0.0707454
2.66719514746 2.96178 0.0685142
2.67309090101 2.96794 0.0807892
2.67973176445 2.98578 0.0708607
2.68646693102 2.98422 0.0836562
2.69219835647 2.95931 0.102021
2.69796467721 2.96583 0.0798258
2.70489193937 2.96886 0.111766
2.71182026315 2.97026 0.107973
2.71709790339 2.98167 0.14894
2.7227864466 2.97212 0.113076
2.72994784687 2.96849 0.141097
2.73706528781 3.01129 0.164385
2.74248820391 2.98338 0.260376
2.74787331837 2.96707 0.215086
2.75504313834 2.99936 0.218824
2.76219934437 2.97194 0.297499
2.76789278819 2.94719 0.557769
2.77283198247 2.9075 0.565819
2.77965581172 2.91856 1.16564
2.78599582346 -21.4895 148.201
