0.0088996412247 -0.287677 0.175744
0.0150791221651 -0.281258 0.104727
0.0214479018646 -0.260431 0.0591992
0.0278366077649 -0.246915 0.0567369
0.034350997858 -0.218954 0.0443882
0.0404788676143 -0.193569 0.0443033
0.0467671668358 -0.16363 0.0404939
0.0530822510177 -0.121133 0.0383123
0.0594536244094 -0.0831792 0.0312811
0.0657622481459 -0.0443885 0.0290953
0.071966329067 0.000778575 0.0272988
0.0782786091569 0.0447148 0.0263913
0.0847039894583 0.091952 0.0230743
0.0909685462053 0.128784 0.0270764
0.0972078977683 0.167668 0.0264956
0.103476303896 0.215476 0.0225203
0.109757644425 0.268261 0.0236397
0.116054308478 0.322272 0.0195923
0.122366966654 0.374353 0.0211694
0.128681726309 0.428007 0.0204544
0.134950080166 0.480843 0.021031
0.141194955884 0.520079 0.0185989
0.147513357575 0.560565 0.0179623
0.153786507425 0.598459 0.0160985
0.160065754405 0.638912 0.0187978
0.166399116869 0.677139 0.0184804
0.172719564578 0.716629 0.0165206
0.178976521338 0.753204 0.0154488
0.185235369065 0.795884 0.0164088
0.191480678734 0.82961 0.0156405
0.197788986865 0.86171 0.0157858
0.204093773545 0.889605 0.0163894
0.210393930261 0.914642 0.0156435
0.216690970982 0.935741 0.0142001
0.222970028122 0.954859 0.0148357
0.229262002709 0.976237 0.015444
0.235514150837 0.993561 0.0163312
0.241791058382 1.01082 0.0135706
0.248085653944 1.02731 0.0149519
0.254349225687 1.04128 0.0143012
0.260633425188 1.05558 0.0133787
0.26692573709 1.06508 0.0138304
0.273242334314 1.07681 0.0121639
0.279552968008 1.08327 0.0143237
0.285836629231 1.09065 0.0129421
0.292087627139 1.0944 0.013995
0.298344984444 1.10148 0.0139414
0.304638263941 1.10649 0.0144172
0.3109279127 1.11043 0.013589
0.317216817162 1.11677 0.0124516
0.323518756794 1.1189 0.0124593
0.329816821755 1.12297 0.0139901
0.336117642946 1.12517 0.0140108
0.342370037571 1.12744 0.0137183
0.348647819267 1.12982 0.0122294
0.354941161441 1.1315 0.0119987
0.361191693542 1.13316 0.0134511
0.367476708956 1.1362 0.012073
0.373764779528 1.13946 0.0121305
0.380065403148 1.13943 0.0112925
0.386353986126 1.14084 0.012001
0.392614018136 1.14486 0.0119584
0.398926450032 1.14526 0.0117668
0.405207324458 1.14676 0.0120156
0.411491647757 1.14834 0.012249
0.417781427212 1.15171 0.0122436
0.424040064873 1.15404 0.0128992
0.430342569027 1.15423 0.0136973
0.436635856026 1.15903 0.0123462
0.442899618322 1.16045 0.0102624
0.449163441853 1.1623 0.0127828
0.455441414625 1.16424 0.0118082
0.46176344703 1.16702 0.0117637
0.468064424202 1.16948 0.011003
0.474348524276 1.17234 0.0118679
0.480635613682 1.17593 0.0103683
0.486901925839 1.1778 0.0113159
0.49316970996 1.17956 0.011608
0.499450674714 1.18371 0.0118136
0.505715905134 1.18557 0.0104954
0.511992399627 1.18623 0.0123907
0.518312609777 1.18982 0.0105669
0.524608963803 1.19239 0.0103632
0.530875730848 1.19622 0.011391
0.537157352795 1.19908 0.0107787
0.543457956378 1.20059 0.0119485
0.549743065239 1.20369 0.011114
0.55599374275 1.20541 0.0113524
0.562285467661 1.2096 0.0116888
0.568601153723 1.21513 0.0125693
0.574880458942 1.21559 0.0116911
0.581155021034 1.2177 0.0113589
0.587439449666 1.22124 0.011641
0.59371762203 1.22325 0.010624
0.599997195479 1.22762 0.0128309
0.606267911512 1.22905 0.0110891
0.612546957644 1.23171 0.0107074
0.618847773304 1.23677 0.0120091
0.625131056744 1.23908 0.0106153
0.631402745038 1.24282 0.00989418
0.637700356273 1.24509 0.0109925
0.643985778331 1.24893 0.0107726
0.650268541717 1.25193 0.0112432
0.65655861177 1.25572 0.0114742
0.662836928236 1.25859 0.0105611
0.669118544496 1.26076 0.0115365
0.675407019858 1.26558 0.0116804
0.681683551459 1.26749 0.0112563
0.687959253386 1.2718 0.0116306
0.694234431704 1.27359 0.0102689
0.700517540243 1.27739 0.0102955
0.706812495661 1.27999 0.0102686
0.713101900967 1.28508 0.0105157
0.719391825117 1.28893 0.0108781
0.72568338076 1.29114 0.0108874
0.731965268271 1.29454 0.0112636
0.738250799048 1.29836 0.0109433
0.744526584212 1.30144 0.0103947
0.750787110194 1.30572 0.0107615
0.757075846532 1.30838 0.0108857
0.76336412336 1.31324 0.0112083
0.769646295986 1.31698 0.0110231
0.775939486518 1.31972 0.00991917
0.782232914199 1.32337 0.0116914
0.788531493652 1.32743 0.010132
0.794789656698 1.33141 0.0110189
0.801049109659 1.33353 0.010369
0.807336406173 1.33942 0.011455
0.813622948837 1.34193 0.00939814
0.819915299896 1.34609 0.0111775
0.826195263639 1.3504 0.010121
0.832489707008 1.35348 0.0112867
0.838795930921 1.3563 0.0109399
0.84506346397 1.36172 0.0104832
0.851328286756 1.36422 0.00973549
0.85761982639 1.36885 0.0103811
0.863905847706 1.37297 0.0104508
0.870183874549 1.3767 0.00995569
0.876464109608 1.3809 0.00895169
0.88275038734 1.38473 0.0102797
0.889033276839 1.38919 0.00949219
0.895308424711 1.39299 0.00986801
0.901595652167 1.39789 0.0107415
0.907883332809 1.40154 0.0111003
0.914174410632 1.40457 0.00970679
0.920463081772 1.40996 0.010885
0.926743441526 1.41409 0.0119186
0.933032419735 1.4186 0.0110767
0.939326578557 1.423 0.0102218
0.94559748104 1.42658 0.00956236
0.951866001855 1.4313 0.0107796
0.958141325553 1.43403 0.00997092
0.964435094511 1.43863 0.0108976
0.970735563357 1.44478 0.00999584
0.977008076845 1.45007 0.0102911
0.983282332536 1.4527 0.0105288
0.989556969197 1.45783 0.0103843
0.995845630192 1.46231 0.00999728
1.00213621074 1.46644 0.010406
1.00840482534 1.47295 0.0104818
1.01469414984 1.47574 0.00950956
1.02099255544 1.48141 0.00976636
1.02727398044 1.48541 0.0105997
1.0335591819 1.49073 0.0100518
1.03984755739 1.49481 0.010578
1.04612697494 1.49981 0.0105568
1.05240343681 1.50366 0.00948784
1.05868070465 1.50896 0.0100932
1.06496433307 1.51447 0.0105642
1.07125677744 1.51914 0.0101816
1.0775440488 1.52301 0.0100319
1.08382482019 1.52915 0.0116254
1.09010802394 1.53383 0.00996099
1.09638966596 1.53908 0.00926292
1.10268113206 1.54333 0.0101404
1.10896304759 1.5487 0.0102758
1.11522542846 1.55409 0.0104374
1.12150212761 1.55943 0.0117033
1.12779257382 1.56402 0.00911197
1.13408955267 1.56942 0.0108373
1.14036404965 1.57478 0.0103499
1.14663918032 1.57957 0.00990107
1.15294241299 1.58489 0.00951429
1.15922890675 1.58988 0.0100244
1.16550872189 1.59456 0.01035
1.17179307626 1.6 0.00959183
1.17808743637 1.60639 0.010248
1.18436765425 1.61151 0.0103589
1.1906346423 1.6162 0.0104215
1.19691220883 1.62219 0.0104372
1.20320157735 1.62721 0.0103748
1.20948684444 1.63352 0.0102262
1.21576390207 1.63895 0.0110049
1.22204975517 1.64323 0.0102328
1.22834061662 1.64998 0.0101113
1.23463298658 1.65522 0.0100804
1.24090224718 1.66118 0.0107962
1.24717483914 1.66668 0.00993393
1.25346545993 1.67287 0.0102947
1.25974995189 1.67799 0.00955786
1.26603214313 1.68353 0.00965716
1.27231628847 1.68967 0.00945464
1.27860415506 1.69506 0.0103206
1.28488658893 1.70082 0.0104061
1.29117542007 1.70661 0.00911338
1.29746572637 1.71245 0.00942742
1.30374182701 1.71839 0.0101098
1.31001732292 1.72446 0.0110743
1.31630144766 1.73027 0.0104282
1.32258676036 1.7363 0.00984859
1.32886549245 1.74207 0.00935103
1.33514480495 1.74809 0.0094603
1.34144051627 1.75388 0.0100478
1.34773086842 1.76073 0.0103994
1.35400158999 1.76571 0.0102432
1.3602826093 1.7726 0.00958849
1.36656568646 1.77837 0.0105677
1.37285149848 1.78315 0.0108297
1.37913537293 1.79034 0.0107072
1.38540956715 1.79678 0.00989655
1.39169864122 1.80131 0.0101272
1.39798445144 1.80843 0.00933516
1.40426788341 1.8144 0.00950285
1.41055477948 1.82086 0.00970702
1.41683783355 1.82694 0.0106249
1.42311817719 1.83246 0.0105672
1.42939780116 1.83836 0.0099433
1.43568692182 1.84397 0.0109074
1.44197712177 1.85171 0.0101387
1.44825366785 1.85682 0.00969011
1.45453234897 1.86257 0.00993573
1.46081931915 1.86832 0.0104872
1.4671103644 1.8749 0.0110782
1.47339290895 1.88116 0.0106557
1.47966996524 1.88707 0.010258
1.4859561446 1.89261 0.0104339
1.49223361076 1.89867 0.00948282
1.49850247038 1.90562 0.00997653
1.50478575205 1.91067 0.0095781
1.51107599189 1.91592 0.010759
1.51736163499 1.92137 0.00939347
1.52364857097 1.92789 0.0102063
1.52993803572 1.93364 0.0111662
1.53623017691 1.93816 0.00994193
1.54251071878 1.94424 0.0107026
1.54878396308 1.95033 0.00936203
1.55507306978 1.95579 0.0102452
1.56135732493 1.96044 0.0109869
1.56762912105 1.96629 0.0102614
1.5739136974 1.97136 0.00966105
1.58020354523 1.97735 0.0108187
1.58648539343 1.9822 0.0109082
1.59276001426 1.98736 0.010495
1.59904643639 1.99222 0.00960904
1.60534213664 1.99769 0.00982966
1.61161976836 2.00303 0.0105942
1.61789716835 2.00904 0.0104698
1.62418270854 2.01573 0.0107168
1.63046407995 2.02202 0.0105567
1.63674824683 2.02849 0.0104765
1.64303013827 2.03443 0.010916
1.64930808063 2.04133 0.0096878
1.65559224863 2.04832 0.0111366
1.66187827598 2.0535 0.0116144
1.66816823994 2.06092 0.0104312
1.6744495611 2.06655 0.011083
1.68072138563 2.07264 0.0115972
1.68701215424 2.07945 0.0104821
1.6933074808 2.0866 0.0110234
1.69958064303 2.09328 0.0108599
1.70586179344 2.09709 0.0111951
1.71215172419 2.10548 0.0111782
1.71843538617 2.11117 0.0111204
1.72471844694 2.11793 0.011438
1.73099491844 2.12357 0.011353
1.73728636032 2.13139 0.0104276
1.74356630258 2.13712 0.0112656
1.74983600778 2.14377 0.0107217
1.75612327869 2.15091 0.0102836
1.76241061606 2.15729 0.01148
1.76869357896 2.16232 0.0114204
1.77497674839 2.17067 0.0116403
1.78126362161 2.17505 0.0115418
1.78754574761 2.18146 0.0110353
1.7938272923 2.18888 0.0120426
1.80010772174 2.19414 0.0121955
1.80639091391 2.20199 0.0123269
1.81267451427 2.20848 0.0118172
1.81895363524 2.21399 0.0113413
1.82523850291 2.22071 0.0123907
1.8315236862 2.2285 0.0120536
1.83781040898 2.23547 0.0112757
1.84409642612 2.24141 0.0122367
1.8503769215 2.24766 0.0128195
1.85666074594 2.2551 0.0120967
1.86294359809 2.26059 0.0116969
1.86922204917 2.26715 0.0115724
1.87550781357 2.27293 0.0132861
1.88179499507 2.2803 0.0124033
1.88807781314 2.2866 0.0124202
1.89435244502 2.29263 0.0113151
1.90063796885 2.30095 0.0131501
1.90692833723 2.30672 0.0111957
1.91320221586 2.31293 0.0118692
1.91948223445 2.31954 0.0138836
1.92577010575 2.3274 0.0125563
1.93206491035 2.33286 0.0130732
1.93834071151 2.33882 0.0121802
1.94460828613 2.34561 0.0132375
1.9508968614 2.35389 0.0138656
1.95718811973 2.35999 0.0123391
1.96347509207 2.36539 0.0129443
1.9697553281 2.3714 0.0134828
1.9760413775 2.3793 0.0132479
1.98233260336 2.38461 0.0132525
1.98861171931 2.39136 0.0131903
1.99488792869 2.39687 0.0129563
2.00117304134 2.4037 0.0135186
2.00745262249 2.41127 0.0122925
2.01372721862 2.41683 0.0137739
2.02001108039 2.42461 0.0129708
2.02630405283 2.42973 0.0138092
2.03258735828 2.4364 0.0146687
2.03886100377 2.4416 0.0144553
2.04514489951 2.44808 0.0151417
2.05143683626 2.45428 0.0148255
2.05772382203 2.46106 0.0127086
2.0640044634 2.46809 0.0141964
2.07029278421 2.47317 0.013693
2.07658471853 2.48001 0.0144986
2.08285424307 2.48623 0.0139848
2.08912259138 2.49086 0.0148467
2.09541730178 2.49873 0.015461
2.10170304464 2.50339 0.0164062
2.10797273337 2.50959 0.0143885
2.11425579676 2.5164 0.0165042
2.12053788985 2.52193 0.0154802
2.12682075079 2.52806 0.0161478
2.13310670204 2.53297 0.0171292
2.13940011923 2.53849 0.0160301
2.14568939859 2.54471 0.0155473
2.15195789682 2.54973 0.0162115
2.15824033347 2.55617 0.0158571
2.16453048092 2.56023 0.0163459
2.17081716829 2.56672 0.0167849
2.17709912993 2.57198 0.0161825
2.18337674027 2.57878 0.0158579
2.18965452646 2.58277 0.016581
2.19593814184 2.58952 0.0168633
2.20221722867 2.59353 0.0169207
2.20849850085 2.5996 0.0166258
2.21479372465 2.60395 0.0169505
2.22107581834 2.61148 0.0181389
2.22733812199 2.61823 0.0163624
2.23362792264 2.62297 0.0186936
2.2399287897 2.62878 0.0179186
2.24620084223 2.63557 0.0168497
2.2524810722 2.64228 0.0186568
2.25875993301 2.64918 0.0184031
2.26503776668 2.65655 0.0190979
2.27130391144 2.66052 0.018066
2.27758972822 2.66784 0.0182189
2.28389830542 2.67619 0.0197847
2.29017001225 2.68623 0.0187638
2.29645357402 2.69034 0.018114
2.30275372852 2.69838 0.0214956
2.30903325986 2.70365 0.0194022
2.31530674049 2.70935 0.0200899
2.32158490306 2.71713 0.0206732
2.3278758488 2.72221 0.0200472
2.33415543799 2.73178 0.0211112
2.34041936871 2.73805 0.0206916
2.34670710068 2.74293 0.0212717
2.3530032916 2.75074 0.0248741
2.35928989445 2.75547 0.019886
2.36555387699 2.76405 0.0203485
2.37182578571 2.76739 0.0233725
2.3781409032 2.77499 0.0228336
2.38442809259 2.78041 0.0230038
2.39069258243 2.7893 0.0248206
2.39698813839 2.79742 0.0242656
2.40330354843 2.79927 0.0239626
2.40957307365 2.80771 0.0269368
2.41583080138 2.81387 0.0260106
2.42214385676 2.82105 0.0237494
2.42843005755 2.82523 0.0276841
2.43467776878 2.83169 0.0264183
2.44097021258 2.83905 0.0238029
2.44729898127 2.84734 0.0283113
2.45356911846 2.84805 0.0243258
2.45980003814 2.8544 0.0298777
2.4661092349 2.86009 0.0298427
2.47241430729 2.86592 0.0325663
2.47866355169 2.87328 0.0315735
2.48493431628 2.8767 0.0288682
2.49124283111 2.88671 0.0363388
2.49755537626 2.89308 0.0300259
2.50380379021 2.89584 0.0332945
2.51005045336 2.9005 0.0344714
2.51638815336 2.90159 0.0353432
2.52269694929 2.91464 0.038485
2.52891211798 2.91472 0.0361676
2.53519495098 2.91982 0.0346745
2.54155301509 2.92538 0.0386089
2.54783359884 2.92804 0.036843
2.55402772623 2.94265 0.0373772
2.56033571996 2.9445 0.0406632
2.56672381747 2.94691 0.0459759
2.57294751341 2.95428 0.0422344
2.57911252531 2.95831 0.0415915
2.58547549612 2.96551 0.0447117
2.59185019505 2.9713 0.0507449
2.59805932148 2.96388 0.0495427
2.60429715989 2.97683 0.0495142
2.61067449751 2.98588 0.051312
2.61693283418 2.9825 0.0533731
2.62300854502 2.9872 0.0572995
2.62939753095 2.99372 0.0546995
2.63591057571 2.99595 0.0587793
2.64202978624 2.99967 0.0573459
2.64803951219 3.00872 0.0597953
2.65454096229 3.00605 0.0583018
2.66118028258 3.01289 0.0730262
2.66719514746 3.01036 0.0805726
2.67309090101 3.01582 0.0832692
2.67973176445 3.02478 0.0685399
2.68646693102 3.03199 0.0796006
2.69219835647 3.00184 0.092494
2.69796467721 3.00716 0.0808621
2.70489193937 3.02332 0.109405
2.71182026315 3.01576 0.113868
2.71709790339 3.04093 0.160394
2.7227864466 3.04118 0.113275
2.72994784687 3.01956 0.149173
2.73706528781 3.06692 0.153781
2.74248820391 3.05729 0.275707
2.74787331837 3.04292 0.216252
2.75504313834 3.07737 0.225963
2.76219934437 3.04281 0.297049
2.76789278819 3.04527 0.558687
2.77283198247 2.99394 0.541371
2.77965581172 2.98065 1.19095
2.78599582346 -22.789 166.046
