0.0088996412247 -2.09036 0.28422
0.0150791221651 -2.02785 0.159595
0.0214479018646 -1.87092 0.0954327
0.0278366077649 -1.72965 0.0833676
0.034350997858 -1.53026 0.0789403
0.0404788676143 -1.32122 0.0730699
0.0467671668358 -1.09435 0.059711
0.0530822510177 -0.849339 0.0590053
0.0594536244094 -0.59713 0.0490579
0.0657622481459 -0.358991 0.0427278
0.071966329067 -0.13409 0.0418545
0.0782786091569 0.0809176 0.0349576
0.0847039894583 0.280341 0.0293167
0.0909685462053 0.441475 0.031823
0.0972078977683 0.578171 0.0332491
0.103476303896 0.710136 0.0277309
0.109757644425 0.828825 0.0315389
0.116054308478 0.92498 0.0269502
0.122366966654 1.01004 0.0249496
0.128681726309 1.07709 0.0255141
0.134950080166 1.1215 0.0259503
0.141194955884 1.14658 0.0236128
0.147513357575 1.16359 0.02214
0.153786507425 1.17135 0.0167837
0.160065754405 1.17788 0.0241049
0.166399116869 1.18097 0.0211037
0.172719564578 1.1851 0.0184286
0.178976521338 1.19034 0.0196125
0.185235369065 1.19774 0.0194552
0.191480678734 1.19598 0.0172537
0.197788986865 1.19819 0.0172861
0.204093773545 1.19219 0.0188965
0.210393930261 1.19289 0.0178236
0.216690970982 1.1879 0.0178192
0.222970028122 1.18535 0.0169203
0.229262002709 1.18807 0.0174722
0.235514150837 1.18582 0.0161883
0.241791058382 1.18771 0.0147098
0.248085653944 1.18734 0.0164082
0.254349225687 1.18979 0.014737
0.260633425188 1.1922 0.0151031
0.26692573709 1.19118 0.016587
0.273242334314 1.19101 0.0145525
0.279552968008 1.1923 0.0163001
0.285836629231 1.19199 0.0133436
0.292087627139 1.19235 0.015292
0.298344984444 1.19374 0.013726
0.304638263941 1.19397 0.0146201
0.3109279127 1.19409 0.0135972
0.317216817162 1.19797 0.0136901
0.323518756794 1.19888 0.0118815
0.329816821755 1.20063 0.0137886
0.336117642946 1.20136 0.0149919
0.342370037571 1.20194 0.0146595
0.348647819267 1.20348 0.0130482
0.354941161441 1.20376 0.0125653
0.361191693542 1.20409 0.0130077
0.367476708956 1.20708 0.0122931
0.373764779528 1.21051 0.0120397
0.380065403148 1.20987 0.0127438
0.386353986126 1.21056 0.012698
0.392614018136 1.21161 0.0129497
0.398926450032 1.21312 0.0135629
0.405207324458 1.21454 0.0129762
0.411491647757 1.21416 0.0124114
0.417781427212 1.21706 0.0128352
0.424040064873 1.21761 0.0125781
0.430342569027 1.2206 0.0134128
0.436635856026 1.22225 0.0133232
0.442899618322 1.22281 0.0120151
0.449163441853 1.22384 0.0132685
0.455441414625 1.22526 0.0117201
0.46176344703 1.22688 0.012988
0.468064424202 1.22744 0.0113407
0.474348524276 1.23082 0.0126855
0.480635613682 1.23244 0.0108824
0.486901925839 1.23402 0.0128975
0.49316970996 1.2331 0.0123771
0.499450674714 1.2368 0.0120427
0.505715905134 1.23769 0.011993
0.511992399627 1.23708 0.0137686
0.518312609777 1.24106 0.0107929
0.524608963803 1.24245 0.0103997
0.530875730848 1.24567 0.0119489
0.537157352795 1.24718 0.0105278
0.543457956378 1.24705 0.0130792
0.549743065239 1.25055 0.0117956
0.55599374275 1.25153 0.0114271
0.562285467661 1.25396 0.012787
0.568601153723 1.2574 0.0126264
0.574880458942 1.25768 0.0133073
0.581155021034 1.25975 0.0119181
0.587439449666 1.26306 0.0128107
0.59371762203 1.26348 0.0113252
0.599997195479 1.26676 0.0135648
0.606267911512 1.26847 0.0130099
0.612546957644 1.27021 0.0106564
0.618847773304 1.27256 0.0127309
0.625131056744 1.27468 0.0108879
0.631402745038 1.27773 0.0110068
0.637700356273 1.28031 0.0116909
0.643985778331 1.28268 0.011345
0.650268541717 1.28451 0.0107625
0.65655861177 1.2881 0.0111668
0.662836928236 1.28944 0.010961
0.669118544496 1.29135 0.0118691
0.675407019858 1.29565 0.0117861
0.681683551459 1.29755 0.0114244
0.687959253386 1.30098 0.011962
0.694234431704 1.30111 0.0110348
0.700517540243 1.305 0.0110392
0.706812495661 1.30707 0.0105697
0.713101900967 1.31041 0.0110801
0.719391825117 1.31387 0.011362
0.72568338076 1.31582 0.0109542
0.731965268271 1.31913 0.0118377
0.738250799048 1.32216 0.0107874
0.744526584212 1.32478 0.0110144
0.750787110194 1.32857 0.0114702
0.757075846532 1.32979 0.0116552
0.76336412336 1.3347 0.0114736
0.769646295986 1.33702 0.011285
0.775939486518 1.3402 0.0111075
0.782232914199 1.34359 0.0117792
0.788531493652 1.34698 0.0102812
0.794789656698 1.35134 0.0112546
0.801049109659 1.35148 0.0111137
0.807336406173 1.35689 0.0116075
0.813622948837 1.35913 0.010014
0.819915299896 1.36265 0.0112728
0.826195263639 1.36715 0.0105607
0.832489707008 1.36896 0.01126
0.838795930921 1.37212 0.0103714
0.84506346397 1.3768 0.0110285
0.851328286756 1.38009 0.0093348
0.85761982639 1.38306 0.0100916
0.863905847706 1.38604 0.0110203
0.870183874549 1.39052 0.01013
0.876464109608 1.39376 0.00947608
0.88275038734 1.39781 0.011325
0.889033276839 1.40134 0.010172
0.895308424711 1.40496 0.0107725
0.901595652167 1.40927 0.0108905
0.907883332809 1.41232 0.0114513
0.914174410632 1.41518 0.0107814
0.920463081772 1.4191 0.0105608
0.926743441526 1.42472 0.0113265
0.933032419735 1.42866 0.0108695
0.939326578557 1.43215 0.0103067
0.94559748104 1.43545 0.0102523
0.951866001855 1.44021 0.0115183
0.958141325553 1.44296 0.00912478
0.964435094511 1.4471 0.0107284
0.970735563357 1.45184 0.00970408
0.977008076845 1.45691 0.0107424
0.983282332536 1.45951 0.0102205
0.989556969197 1.46442 0.00994519
0.995845630192 1.4685 0.0100259
1.00213621074 1.4732 0.0104776
1.00840482534 1.47796 0.0106524
1.01469414984 1.48106 0.00965895
1.02099255544 1.48644 0.00959683
1.02727398044 1.49037 0.0107862
1.0335591819 1.49565 0.00996338
1.03984755739 1.49921 0.00981576
1.04612697494 1.50377 0.0103488
1.05240343681 1.50804 0.00931829
1.05868070465 1.51376 0.0101231
1.06496433307 1.51778 0.0104954
1.07125677744 1.52225 0.0104099
1.0775440488 1.52582 0.0102653
1.08382482019 1.53215 0.0109403
1.09010802394 1.53579 0.0104158
1.09638966596 1.5412 0.0101671
1.10268113206 1.54592 0.0101544
1.10896304759 1.55012 0.0103936
1.11522542846 1.55647 0.0103987
1.12150212761 1.5604 0.0117212
1.12779257382 1.56423 0.00989739
1.13408955267 1.57061 0.0104138
1.14036404965 1.57521 0.0107112
1.14663918032 1.58001 0.0100875
1.15294241299 1.5856 0.00946105
1.15922890675 1.58995 0.0102992
1.16550872189 1.5945 0.0101094
1.17179307626 1.59968 0.0101481
1.17808743637 1.60578 0.0103611
1.18436765425 1.61068 0.00978428
1.1906346423 1.61613 0.0105752
1.19691220883 1.62066 0.0103231
1.20320157735 1.6267 0.00990039
1.20948684444 1.63247 0.0103878
1.21576390207 1.63704 0.0105388
1.22204975517 1.64229 0.00986978
1.22834061662 1.64838 0.00992043
1.23463298658 1.65344 0.0112057
1.24090224718 1.65913 0.0104411
1.24717483914 1.66525 0.00976732
1.25346545993 1.67013 0.0103127
1.25974995189 1.67521 0.00932273
1.26603214313 1.68106 0.00941014
1.27231628847 1.6866 0.00892102
1.27860415506 1.69134 0.0106208
1.28488658893 1.6983 0.0106571
1.29117542007 1.70315 0.00939964
1.29746572637 1.70912 0.00968619
1.30374182701 1.71508 0.0098522
1.31001732292 1.72095 0.0108707
1.31630144766 1.72609 0.0104389
1.32258676036 1.73225 0.00966596
1.32886549245 1.73841 0.00909323
1.33514480495 1.74411 0.00939872
1.34144051627 1.74955 0.00925828
1.34773086842 1.75565 0.0101732
1.35400158999 1.76184 0.010575
1.3602826093 1.7678 0.00900477
1.36656568646 1.77407 0.0107352
1.37285149848 1.77885 0.010101
1.37913537293 1.7851 0.00997451
1.38540956715 1.79177 0.00894069
1.39169864122 1.79687 0.0102728
1.39798445144 1.80328 0.00920595
1.40426788341 1.8094 0.0100877
1.41055477948 1.81548 0.00929142
1.41683783355 1.82126 0.0099765
1.42311817719 1.82638 0.00983176
1.42939780116 1.8334 0.0101873
1.43568692182 1.83845 0.0102388
1.44197712177 1.84606 0.00991806
1.44825366785 1.851 0.0102895
1.45453234897 1.85713 0.00961048
1.46081931915 1.86266 0.0107939
1.4671103644 1.86882 0.0103868
1.47339290895 1.87466 0.0108418
1.47966996524 1.88103 0.00986642
1.4859561446 1.8866 0.0103138
1.49223361076 1.89294 0.00995779
1.49850247038 1.89862 0.0095768
1.50478575205 1.90428 0.0100415
1.51107599189 1.90931 0.0100301
1.51736163499 1.91525 0.00963367
1.52364857097 1.92143 0.0101107
1.52993803572 1.92655 0.010173
1.53623017691 1.93212 0.00974721
1.54251071878 1.93746 0.0106993
1.54878396308 1.94317 0.0094235
1.55507306978 1.94923 0.0102268
1.56135732493 1.95418 0.0104697
1.56762912105 1.9599 0.0105589
1.5739136974 1.96487 0.00977582
1.58020354523 1.97041 0.0108874
1.58648539343 1.97487 0.0102733
1.59276001426 1.98023 0.0101079
1.59904643639 1.98536 0.00971625
1.60534213664 1.99071 0.0104136
1.61161976836 1.99641 0.0106228
1.61789716835 2.00228 0.0100575
1.62418270854 2.00849 0.0100325
1.63046407995 2.01522 0.010713
1.63674824683 2.02092 0.0104184
1.64303013827 2.02733 0.0103558
1.64930808063 2.03424 0.00982515
1.65559224863 2.04109 0.0104859
1.66187827598 2.04618 0.0112115
1.66816823994 2.05366 0.0103909
1.6744495611 2.05881 0.0115856
1.68072138563 2.06562 0.011731
1.68701215424 2.07153 0.0102029
1.6933074808 2.07881 0.0109701
1.69958064303 2.08546 0.0108112
1.70586179344 2.0904 0.0111154
1.71215172419 2.0975 0.0107183
1.71843538617 2.10389 0.0112583
1.72471844694 2.10979 0.0111021
1.73099491844 2.11599 0.0119524
1.73728636032 2.12359 0.0112956
1.74356630258 2.12893 0.0118268
1.74983600778 2.13612 0.0111397
1.75612327869 2.14305 0.0100726
1.76241061606 2.1489 0.0116117
1.76869357896 2.15492 0.0113936
1.77497674839 2.16266 0.0114968
1.78126362161 2.16736 0.0119148
1.78754574761 2.174 0.0116289
1.7938272923 2.18071 0.0114788
1.80010772174 2.18639 0.0121735
1.80639091391 2.1944 0.0119065
1.81267451427 2.19989 0.0114315
1.81895363524 2.20554 0.0121605
1.82523850291 2.21296 0.0118295
1.8315236862 2.22032 0.0115782
1.83781040898 2.22731 0.0113808
1.84409642612 2.23204 0.0114021
1.8503769215 2.23918 0.0123812
1.85666074594 2.24729 0.0121499
1.86294359809 2.25268 0.0121979
1.86922204917 2.2592 0.0123369
1.87550781357 2.26445 0.0133414
1.88179499507 2.2724 0.0121854
1.88807781314 2.27824 0.0120285
1.89435244502 2.28356 0.0113939
1.90063796885 2.29273 0.0132455
1.90692833723 2.29849 0.0111554
1.91320221586 2.30392 0.0126351
1.91948223445 2.31086 0.0127142
1.92577010575 2.31869 0.0120841
1.93206491035 2.32473 0.0128487
1.93834071151 2.3311 0.0126134
1.94460828613 2.33697 0.0127013
1.9508968614 2.34456 0.0127576
1.95718811973 2.35038 0.0126838
1.96347509207 2.35647 0.0116045
1.9697553281 2.36341 0.0132079
1.9760413775 2.37053 0.0127294
1.98233260336 2.37577 0.0137291
1.98861171931 2.38251 0.0128686
1.99488792869 2.38821 0.0123853
2.00117304134 2.39429 0.0134207
2.00745262249 2.40242 0.0117477
2.01372721862 2.40818 0.0135163
2.02001108039 2.41565 0.0130996
2.02630405283 2.42143 0.013321
2.03258735828 2.42857 0.0142908
2.03886100377 2.43322 0.0139176
2.04514489951 2.43925 0.0143732
2.05143683626 2.44609 0.0147102
2.05772382203 2.45299 0.0124218
2.0640044634 2.45931 0.0138448
2.07029278421 2.46412 0.0136993
2.07658471853 2.47139 0.0141912
2.08285424307 2.47849 0.0135569
2.08912259138 2.48318 0.0141895
2.09541730178 2.48916 0.0155378
2.10170304464 2.49515 0.0147356
2.10797273337 2.50063 0.0135092
2.11425579676 2.50758 0.0162533
2.12053788985 2.51333 0.0151764
2.12682075079 2.5194 0.0154189
2.13310670204 2.52252 0.0163599
2.13940011923 2.52898 0.0157038
2.14568939859 2.53769 0.0151486
2.15195789682 2.54163 0.015308
2.15824033347 2.54799 0.0151679
2.16453048092 2.5512 0.0155947
2.17081716829 2.55929 0.0165268
2.17709912993 2.56318 0.0162228
2.18337674027 2.56897 0.0156408
2.18965452646 2.57389 0.0165216
2.19593814184 2.58099 0.0158835
2.20221722867 2.58388 0.0162515
2.20849850085 2.59126 0.0167782
2.21479372465 2.59543 0.0159108
2.22107581834 2.6019 0.0166415
2.22733812199 2.61013 0.0162316
2.23362792264 2.61476 0.0177913
2.2399287897 2.61964 0.0187902
2.24620084223 2.62703 0.017137
2.2524810722 2.63375 0.0193122
2.25875993301 2.64064 0.0176091
2.26503776668 2.64757 0.0177346
2.27130391144 2.65092 0.0175173
2.27758972822 2.65971 0.0192458
2.28389830542 2.66887 0.0183031
2.29017001225 2.67751 0.018496
2.29645357402 2.68103 0.0177789
2.30275372852 2.68927 0.0206705
2.30903325986 2.69432 0.0205797
2.31530674049 2.70241 0.0193197
2.32158490306 2.7088 0.0191909
2.3278758488 2.71192 0.0189056
2.33415543799 2.72363 0.0211466
2.34041936871 2.72743 0.0201118
2.34670710068 2.73253 0.022088
2.3530032916 2.74432 0.0230999
2.35928989445 2.74796 0.0209532
2.36555387699 2.75622 0.0215997
2.37182578571 2.75718 0.023441
2.3781409032 2.76379 0.0245554
2.38442809259 2.77322 0.0233648
2.39069258243 2.78002 0.0236957
2.39698813839 2.78535 0.0264507
2.40330354843 2.79 0.0269015
2.40957307365 2.79838 0.0254601
2.41583080138 2.80606 0.0266851
2.42214385676 2.80934 0.0255957
2.42843005755 2.81637 0.0278357
2.43467776878 2.82343 0.0254861
2.44097021258 2.82771 0.0263729
2.44729898127 2.83704 0.0278092
2.45356911846 2.83985 0.0262704
2.45980003814 2.84914 0.0288228
2.4661092349 2.8511 0.030551
2.47241430729 2.85715 0.0314634
2.47866355169 2.86325 0.0297355
2.48493431628 2.86945 0.0305478
2.49124283111 2.87829 0.0329447
2.49755537626 2.88327 0.0339711
2.50380379021 2.8909 0.0332282
2.51005045336 2.89296 0.0374799
2.51638815336 2.89693 0.0346575
2.52269694929 2.90409 0.0384911
2.52891211798 2.90743 0.0364195
2.53519495098 2.91472 0.0303717
2.54155301509 2.9174 0.0355197
2.54783359884 2.91792 0.0378397
2.55402772623 2.93559 0.0351907
2.56033571996 2.93672 0.0415614
2.56672381747 2.93599 0.0451039
2.57294751341 2.94368 0.0415598
2.57911252531 2.94463 0.043346
2.58547549612 2.94992 0.0414377
2.59185019505 2.95916 0.0466122
2.59805932148 2.9535 0.0453405
2.60429715989 2.96301 0.0467416
2.61067449751 2.97728 0.0536172
2.61693283418 2.97878 0.0473942
2.62300854502 2.97371 0.0558029
2.62939753095 2.98575 0.0647049
2.63591057571 2.98585 0.0578823
2.64202978624 2.99618 0.0626858
2.64803951219 3.00058 0.0618663
2.65454096229 2.99172 0.0606159
2.66118028258 2.99532 0.0673418
2.66719514746 2.99623 0.0780387
2.67309090101 3.00492 0.0797976
2.67973176445 3.01327 0.0726561
2.68646693102 3.02337 0.0872709
2.69219835647 2.9976 0.0976434
2.69796467721 2.99226 0.0955195
2.70489193937 3.01986 0.101066
2.71182026315 2.99736 0.103599
2.71709790339 3.02342 0.161924
2.7227864466 3.02269 0.122394
2.72994784687 3.01674 0.153455
2.73706528781 3.05904 0.148412
2.74248820391 3.05203 0.252521
2.74787331837 3.05072 0.221072
2.75504313834 3.07615 0.240358
2.76219934437 3.06511 0.319364
2.76789278819 2.99697 0.586965
2.77283198247 3.01722 0.587376
2.77965581172 2.96656 1.27655
2.78599582346 -12.2876 170.349
