0.0088996412247 1.08216 0.101117
0.0150791221651 1.06864 0.0613365
0.0214479018646 1.07143 0.0390249
0.0278366077649 1.0775 0.0372849
0.034350997858 1.07836 0.0251103
0.0404788676143 1.0795 0.0253577
0.0467671668358 1.07778 0.023016
0.0530822510177 1.08162 0.0215569
0.0594536244094 1.08085 0.0197577
0.0657622481459 1.08166 0.0185397
0.071966329067 1.0809 0.01865
0.0782786091569 1.08049 0.0177059
0.0847039894583 1.076 0.0173253
0.0909685462053 1.07529 0.0171761
0.0972078977683 1.07086 0.0162534
0.103476303896 1.06733 0.0132323
0.109757644425 1.06655 0.0172087
0.116054308478 1.06411 0.0152102
0.122366966654 1.06378 0.0143649
0.128681726309 1.06415 0.0156502
0.134950080166 1.06173 0.0150794
0.141194955884 1.05564 0.0154022
0.147513357575 1.0522 0.0158386
0.153786507425 1.04771 0.0134528
0.160065754405 1.04606 0.0139408
0.166399116869 1.04018 0.012508
0.172719564578 1.03909 0.0136148
0.178976521338 1.03492 0.0123307
0.185235369065 1.03631 0.0134461
0.191480678734 1.03353 0.0132434
0.197788986865 1.03084 0.0121232
0.204093773545 1.02979 0.0124934
0.210393930261 1.02524 0.0122724
0.216690970982 1.0224 0.0126636
0.222970028122 1.01922 0.0126295
0.229262002709 1.01615 0.0128877
0.235514150837 1.01373 0.0126323
0.241791058382 1.0114 0.012433
0.248085653944 1.0125 0.0133695
0.254349225687 1.01106 0.0117246
0.260633425188 1.00888 0.0121763
0.26692573709 1.00634 0.0126956
0.273242334314 1.00563 0.0102522
0.279552968008 1.00595 0.0127163
0.285836629231 1.00373 0.0126153
0.292087627139 1.00336 0.0121583
0.298344984444 1.00205 0.013513
0.304638263941 1.00127 0.010906
0.3109279127 0.998974 0.010485
0.317216817162 1.00057 0.0121625
0.323518756794 0.998636 0.0105292
0.329816821755 1.00083 0.0111544
0.336117642946 1.00014 0.0110921
0.342370037571 1.00033 0.0105698
0.348647819267 0.999472 0.0101574
0.354941161441 0.999286 0.0105981
0.361191693542 0.998456 0.0115107
0.367476708956 1.00051 0.0112705
0.373764779528 1.00093 0.0103699
0.380065403148 1.00173 0.0100014
0.386353986126 1.0029 0.0111011
0.392614018136 1.00475 0.0103783
0.398926450032 1.00523 0.0102315
0.405207324458 1.00519 0.00993787
0.411491647757 1.00654 0.00955497
0.417781427212 1.00848 0.011275
0.424040064873 1.00957 0.0111038
0.430342569027 1.01283 0.00996516
0.436635856026 1.01453 0.0110058
0.442899618322 1.0151 0.00976313
0.449163441853 1.01567 0.0100353
0.455441414625 1.01884 0.0111681
0.46176344703 1.02112 0.0109466
0.468064424202 1.02344 0.0111266
0.474348524276 1.02573 0.0114771
0.480635613682 1.02873 0.00935361
0.486901925839 1.03076 0.0103512
0.49316970996 1.03245 0.0112403
0.499450674714 1.0365 0.0107367
0.505715905134 1.0383 0.0104965
0.511992399627 1.03988 0.0107522
0.518312609777 1.04444 0.00912312
0.524608963803 1.04649 0.00919377
0.530875730848 1.05025 0.0091338
0.537157352795 1.05341 0.0105845
0.543457956378 1.05576 0.00998282
0.549743065239 1.05927 0.0109875
0.55599374275 1.06197 0.00936196
0.562285467661 1.06724 0.0105164
0.568601153723 1.07151 0.00947643
0.574880458942 1.07356 0.0106019
0.581155021034 1.07649 0.0102014
0.587439449666 1.08088 0.0110127
0.59371762203 1.08315 0.00997423
0.599997195479 1.08838 0.011208
0.606267911512 1.09117 0.00976058
0.612546957644 1.09494 0.00886877
0.618847773304 1.09857 0.0111134
0.625131056744 1.10478 0.0104035
0.631402745038 1.10783 0.0103687
0.637700356273 1.11127 0.011392
0.643985778331 1.11653 0.0100993
0.650268541717 1.12044 0.0103179
0.65655861177 1.1245 0.00995544
0.662836928236 1.12844 0.0102838
0.669118544496 1.13198 0.00983409
0.675407019858 1.13728 0.0110078
0.681683551459 1.14226 0.0101677
0.687959253386 1.14633 0.0111072
0.694234431704 1.15094 0.0099734
0.700517540243 1.15599 0.00977462
0.706812495661 1.16012 0.0102232
0.713101900967 1.16547 0.00972026
0.719391825117 1.17111 0.00963073
0.72568338076 1.17382 0.010448
0.731965268271 1.1788 0.010469
0.738250799048 1.18391 0.00930375
0.744526584212 1.18733 0.00952254
0.750787110194 1.19381 0.00912363
0.757075846532 1.19851 0.0110434
0.76336412336 1.20489 0.0101117
0.769646295986 1.20913 0.0094379
0.775939486518 1.21385 0.0091565
0.782232914199 1.21958 0.0100702
0.788531493652 1.2251 0.0100907
0.794789656698 1.22969 0.00982166
0.801049109659 1.23413 0.0100664
0.807336406173 1.2397 0.0109359
0.813622948837 1.24573 0.00924646
0.819915299896 1.24976 0.0105679
0.826195263639 1.25582 0.0102854
0.832489707008 1.26114 0.0102633
0.838795930921 1.26536 0.00971149
0.84506346397 1.27098 0.00998405
0.851328286756 1.27527 0.00878798
0.85761982639 1.28099 0.00988395
0.863905847706 1.2865 0.00980699
0.870183874549 1.29157 0.00985952
0.876464109608 1.29715 0.00909813
0.88275038734 1.30331 0.00986239
0.889033276839 1.3079 0.00953023
0.895308424711 1.31317 0.00978357
0.901595652167 1.31837 0.0102417
0.907883332809 1.32433 0.0102135
0.914174410632 1.32842 0.0094147
0.920463081772 1.33444 0.00928533
0.926743441526 1.34061 0.00964769
0.933032419735 1.34669 0.0096303
0.939326578557 1.35123 0.00925718
0.94559748104 1.35621 0.00984513
0.951866001855 1.36223 0.0109207
0.958141325553 1.36684 0.0100044
0.964435094511 1.37234 0.0104473
0.970735563357 1.37807 0.00993655
0.977008076845 1.38497 0.0105668
0.983282332536 1.38864 0.00967629
0.989556969197 1.39523 0.00953595
0.995845630192 1.40017 0.00946196
1.00213621074 1.4051 0.00897549
1.00840482534 1.41235 0.009677
1.01469414984 1.41653 0.00942997
1.02099255544 1.42248 0.00973247
1.02727398044 1.42805 0.0104649
1.0335591819 1.43432 0.00985847
1.03984755739 1.43936 0.0104848
1.04612697494 1.44521 0.010615
1.05240343681 1.44836 0.00937948
1.05868070465 1.45472 0.00886323
1.06496433307 1.46138 0.0102902
1.07125677744 1.46617 0.00976449
1.0775440488 1.47088 0.00975786
1.08382482019 1.47875 0.0102334
1.09010802394 1.4839 0.00993447
1.09638966596 1.48833 0.00927074
1.10268113206 1.49405 0.00958031
1.10896304759 1.49925 0.0101455
1.11522542846 1.50488 0.00929884
1.12150212761 1.51096 0.0101922
1.12779257382 1.51535 0.0098255
1.13408955267 1.52219 0.0101908
1.14036404965 1.52717 0.0104932
1.14663918032 1.53256 0.00967972
1.15294241299 1.5383 0.00945267
1.15922890675 1.54355 0.00987362
1.16550872189 1.54825 0.0103915
1.17179307626 1.5537 0.00966062
1.17808743637 1.56051 0.0107172
1.18436765425 1.56511 0.00987641
1.1906346423 1.57091 0.00957864
1.19691220883 1.57606 0.00940172
1.20320157735 1.58214 0.0101154
1.20948684444 1.58762 0.0103341
1.21576390207 1.59329 0.0112626
1.22204975517 1.59757 0.0099017
1.22834061662 1.60402 0.00928875
1.23463298658 1.6092 0.00995155
1.24090224718 1.61518 0.00961097
1.24717483914 1.62014 0.00896906
1.25346545993 1.62663 0.0099484
1.25974995189 1.63059 0.0101897
1.26603214313 1.63641 0.00968825
1.27231628847 1.642 0.00986244
1.27860415506 1.64696 0.0097065
1.28488658893 1.65288 0.00967918
1.29117542007 1.65826 0.00941939
1.29746572637 1.6635 0.00886841
1.30374182701 1.66888 0.0098538
1.31001732292 1.67399 0.00984951
1.31630144766 1.67988 0.00934368
1.32258676036 1.68477 0.00980246
1.32886549245 1.69049 0.00826473
1.33514480495 1.69656 0.00934848
1.34144051627 1.70063 0.00959582
1.34773086842 1.70709 0.00991761
1.35400158999 1.71133 0.00992052
1.3602826093 1.71748 0.00951263
1.36656568646 1.72271 0.0100168
1.37285149848 1.72738 0.0100136
1.37913537293 1.73337 0.0101762
1.38540956715 1.73871 0.0102421
1.39169864122 1.7431 0.00954924
1.39798445144 1.74986 0.00880515
1.40426788341 1.75367 0.00926747
1.41055477948 1.75928 0.0093319
1.41683783355 1.76468 0.0102656
1.42311817719 1.7697 0.0102457
1.42939780116 1.77505 0.00888314
1.43568692182 1.78024 0.0111031
1.44197712177 1.78582 0.0100449
1.44825366785 1.79011 0.00947183
1.45453234897 1.79513 0.00887042
1.46081931915 1.80001 0.0097659
1.4671103644 1.80486 0.00994464
1.47339290895 1.81021 0.00966881
1.47966996524 1.81536 0.00977636
1.4859561446 1.82058 0.00963623
1.49223361076 1.82494 0.0100024
1.49850247038 1.83033 0.00987741
1.50478575205 1.83447 0.00975604
1.51107599189 1.83928 0.00937889
1.51736163499 1.84304 0.00937817
1.52364857097 1.84856 0.00970393
1.52993803572 1.85315 0.0103821
1.53623017691 1.85723 0.00958507
1.54251071878 1.86161 0.0103898
1.54878396308 1.86584 0.00925332
1.55507306978 1.87095 0.0101907
1.56135732493 1.87571 0.00996096
1.56762912105 1.87941 0.00965528
1.5739136974 1.88291 0.00994064
1.58020354523 1.8878 0.00989578
1.58648539343 1.89144 0.00953856
1.59276001426 1.89583 0.00992788
1.59904643639 1.89923 0.0101429
1.60534213664 1.90325 0.01016
1.61161976836 1.91214 0.0108761
1.61789716835 1.91229 0.01011
1.62418270854 1.91729 0.010303
1.63046407995 1.92308 0.00998732
1.63674824683 1.92697 0.0103707
1.64303013827 1.93204 0.0110917
1.64930808063 1.93724 0.00908646
1.65559224863 1.94211 0.0114818
1.66187827598 1.94736 0.0108525
1.66816823994 1.9524 0.00957516
1.6744495611 1.95728 0.00993881
1.68072138563 1.96118 0.0108716
1.68701215424 1.96675 0.0101276
1.6933074808 1.97104 0.0102208
1.69958064303 1.97674 0.0101618
1.70586179344 1.98112 0.0109806
1.71215172419 1.98616 0.0106633
1.71843538617 1.99112 0.0103053
1.72471844694 1.99527 0.0100085
1.73099491844 1.99967 0.0102051
1.73728636032 2.0052 0.0106542
1.74356630258 2.00974 0.0103235
1.74983600778 2.01423 0.009837
1.75612327869 2.01877 0.00919388
1.76241061606 2.02378 0.0106063
1.76869357896 2.02778 0.0101796
1.77497674839 2.03394 0.0106501
1.78126362161 2.03779 0.0109169
1.78754574761 2.04138 0.0102045
1.7938272923 2.04718 0.0107108
1.80010772174 2.05074 0.0104437
1.80639091391 2.05607 0.0114962
1.81267451427 2.06089 0.0114858
1.81895363524 2.0647 0.0110583
1.82523850291 2.07049 0.0110974
1.8315236862 2.07515 0.0114299
1.83781040898 2.07984 0.0103462
1.84409642612 2.08456 0.011064
1.8503769215 2.08828 0.0117949
1.85666074594 2.09452 0.010887
1.86294359809 2.09626 0.0119856
1.86922204917 2.10135 0.0106252
1.87550781357 2.10708 0.0126641
1.88179499507 2.1116 0.0111601
1.88807781314 2.11669 0.0101822
1.89435244502 2.11902 0.0101345
1.90063796885 2.12561 0.0112387
1.90692833723 2.12987 0.0119701
1.91320221586 2.13371 0.0120708
1.91948223445 2.13742 0.0122357
1.92577010575 2.14294 0.0112597
1.93206491035 2.14721 0.0123139
1.93834071151 2.15041 0.0117582
1.94460828613 2.15407 0.0119267
1.9508968614 2.16018 0.0122351
1.95718811973 2.16476 0.0121654
1.96347509207 2.1681 0.0112741
1.9697553281 2.17268 0.0127551
1.9760413775 2.17812 0.0127809
1.98233260336 2.18193 0.0123947
1.98861171931 2.18576 0.0121272
1.99488792869 2.19082 0.0132417
2.00117304134 2.19351 0.0128287
2.00745262249 2.19797 0.0126724
2.01372721862 2.20351 0.012159
2.02001108039 2.20675 0.0124746
2.02630405283 2.21152 0.0125615
2.03258735828 2.21601 0.0142707
2.03886100377 2.21844 0.0140001
2.04514489951 2.22348 0.0143242
2.05143683626 2.22703 0.0134606
2.05772382203 2.23155 0.0117845
2.0640044634 2.23501 0.0140817
2.07029278421 2.23874 0.012663
2.07658471853 2.24303 0.0129999
2.08285424307 2.24799 0.0122707
2.08912259138 2.24921 0.0127487
2.09541730178 2.25483 0.014872
2.10170304464 2.25755 0.015345
2.10797273337 2.26153 0.0125164
2.11425579676 2.26512 0.0140812
2.12053788985 2.27015 0.0146516
2.12682075079 2.27098 0.0150563
2.13310670204 2.27599 0.0152758
2.13940011923 2.2793 0.0142936
2.14568939859 2.28391 0.0142069
2.15195789682 2.28663 0.0147627
2.15824033347 2.29053 0.0142922
2.16453048092 2.29229 0.0155548
2.17081716829 2.29586 0.0143913
2.17709912993 2.3 0.013716
2.18337674027 2.30345 0.0148057
2.18965452646 2.30704 0.013154
2.19593814184 2.31047 0.0136741
2.20221722867 2.31277 0.0157662
2.20849850085 2.31942 0.0153071
2.21479372465 2.32062 0.0159769
2.22107581834 2.32569 0.0156211
2.22733812199 2.32606 0.0149654
2.23362792264 2.33082 0.0164442
2.2399287897 2.33408 0.0159871
2.24620084223 2.33757 0.0154077
2.2524810722 2.34034 0.018928
2.25875993301 2.34678 0.0165576
2.26503776668 2.35137 0.0160897
2.27130391144 2.35159 0.0171767
2.27758972822 2.35808 0.01674
2.28389830542 2.36217 0.0183252
2.29017001225 2.36852 0.0206406
2.29645357402 2.36818 0.0165272
2.30275372852 2.37346 0.0188
2.30903325986 2.37869 0.0196512
2.31530674049 2.38139 0.0183942
2.32158490306 2.38435 0.0190513
2.3278758488 2.38771 0.0192827
2.33415543799 2.3908 0.0199149
2.34041936871 2.39492 0.0178203
2.34670710068 2.39627 0.0181078
2.3530032916 2.40284 0.0207735
2.35928989445 2.40689 0.0200215
2.36555387699 2.40818 0.0222491
2.37182578571 2.40947 0.0215009
2.3781409032 2.41412 0.022536
2.38442809259 2.41855 0.0209852
2.39069258243 2.42107 0.0225209
2.39698813839 2.42412 0.0210636
2.40330354843 2.42738 0.0224434
2.40957307365 2.43165 0.0207311
2.41583080138 2.43293 0.0251914
2.42214385676 2.43478 0.0236369
2.42843005755 2.43709 0.0207955
2.43467776878 2.44135 0.0259222
2.44097021258 2.44665 0.0230084
2.44729898127 2.44864 0.0256395
2.45356911846 2.45084 0.0259255
2.45980003814 2.45165 0.0273523
2.4661092349 2.45633 0.0298123
2.47241430729 2.45153 0.0287265
2.47866355169 2.46268 0.0304883
2.48493431628 2.46329 0.0256753
2.49124283111 2.46633 0.0294496
2.49755537626 2.46772 0.024042
2.50380379021 2.46934 0.0285598
2.51005045336 2.47211 0.0330612
2.51638815336 2.46764 0.0312925
2.52269694929 2.47931 0.0306837
2.52891211798 2.47721 0.0292672
2.53519495098 2.48207 0.0299508
2.54155301509 2.48124 0.031247
2.54783359884 2.48549 0.0363739
2.55402772623 2.49278 0.0342865
2.56033571996 2.49176 0.0403706
2.56672381747 2.49063 0.0381675
2.57294751341 2.489 0.0393824
2.57911252531 2.49472 0.0439551
2.58547549612 2.50205 0.0390888
2.59185019505 2.50164 0.0398397
2.59805932148 2.49482 0.0456834
2.60429715989 2.50712 0.0432787
2.61067449751 2.51202 0.0457558
2.61693283418 2.50052 0.0481225
2.62300854502 2.512 0.0524394
2.62939753095 2.50721 0.0545454
2.63591057571 2.51212 0.055879
2.64202978624 2.50949 0.056658
2.64803951219 2.51534 0.0560868
2.65454096229 2.51213 0.061419
2.66118028258 2.51445 0.0650357
2.66719514746 2.51086 0.0683784
2.67309090101 2.50799 0.0732637
2.67973176445 2.52014 0.0733438
2.68646693102 2.53006 0.0714764
2.69219835647 2.51611 0.082641
2.69796467721 2.51804 0.0743302
2.70489193937 2.51983 0.0964204
2.71182026315 2.51523 0.0951581
2.71709790339 2.53579 0.132771
2.7227864466 2.5275 0.101269
2.72994784687 2.51834 0.148344
2.73706528781 2.55299 0.150162
2.74248820391 2.53086 0.236447
2.74787331837 2.50713 0.211642
2.75504313834 2.56261 0.243599
2.76219934437 2.54772 0.310292
2.76789278819 2.50702 0.483577
2.77283198247 2.47539 0.519994
2.77965581172 2.44426 1.19868
2.78599582346 156.657 3551.41
