0.0088996412247 3.33191 0.124677
0.0150791221651 3.14255 0.0611893
0.0214479018646 2.97087 0.0455812
0.0278366077649 2.84398 0.0476456
0.034350997858 2.72183 0.0362876
0.0404788676143 2.63728 0.036039
0.0467671668358 2.5734 0.0339881
0.0530822510177 2.5157 0.0301894
0.0594536244094 2.46398 0.0251326
0.0657622481459 2.42158 0.025229
0.071966329067 2.3825 0.0222749
0.0782786091569 2.34579 0.02398
0.0847039894583 2.31242 0.0209296
0.0909685462053 2.28853 0.024657
0.0972078977683 2.26475 0.0217816
0.103476303896 2.24333 0.0195237
0.109757644425 2.22737 0.0205612
0.116054308478 2.20914 0.0175046
0.122366966654 2.18926 0.0188646
0.128681726309 2.17171 0.0178091
0.134950080166 2.15739 0.017713
0.141194955884 2.14268 0.0151199
0.147513357575 2.12823 0.016238
0.153786507425 2.12087 0.0199905
0.160065754405 2.10652 0.0181178
0.166399116869 2.09396 0.0191262
0.172719564578 2.0844 0.0168237
0.178976521338 2.07168 0.0174117
0.185235369065 2.06249 0.0163053
0.191480678734 2.05223 0.0172453
0.197788986865 2.04154 0.0157909
0.204093773545 2.03062 0.0156183
0.210393930261 2.02056 0.0148683
0.216690970982 2.01058 0.0173279
0.222970028122 1.99975 0.0157907
0.229262002709 1.99204 0.0178192
0.235514150837 1.97973 0.0177417
0.241791058382 1.97159 0.0164392
0.248085653944 1.96431 0.015259
0.254349225687 1.95306 0.016757
0.260633425188 1.94019 0.0168806
0.26692573709 1.93254 0.0125642
0.273242334314 1.92397 0.0161253
0.279552968008 1.91456 0.0155679
0.285836629231 1.90544 0.0167069
0.292087627139 1.89551 0.017441
0.298344984444 1.88854 0.0147332
0.304638263941 1.87414 0.0183889
0.3109279127 1.86775 0.0168462
0.317216817162 1.85756 0.0177538
0.323518756794 1.84588 0.0163195
0.329816821755 1.84101 0.0146738
0.336117642946 1.82961 0.0169712
0.342370037571 1.82418 0.0179559
0.348647819267 1.81115 0.0170122
0.354941161441 1.79997 0.0134943
0.361191693542 1.79355 0.0176453
0.367476708956 1.78545 0.0145234
0.373764779528 1.77682 0.0150665
0.380065403148 1.76424 0.0163924
0.386353986126 1.75703 0.0158396
0.392614018136 1.74851 0.0170868
0.398926450032 1.73874 0.016088
0.405207324458 1.72932 0.0150854
0.411491647757 1.72318 0.0143023
0.417781427212 1.71404 0.016932
0.424040064873 1.70435 0.0162323
0.430342569027 1.69545 0.0160768
0.436635856026 1.68691 0.0154618
0.442899618322 1.6764 0.0156913
0.449163441853 1.66879 0.0163649
0.455441414625 1.65952 0.0170863
0.46176344703 1.65322 0.0150419
0.468064424202 1.64208 0.0168686
0.474348524276 1.6346 0.0154635
0.480635613682 1.62461 0.0152446
0.486901925839 1.61631 0.0158015
0.49316970996 1.60648 0.0172966
0.499450674714 1.6007 0.0168033
0.505715905134 1.58886 0.0152044
0.511992399627 1.58543 0.0168181
0.518312609777 1.57591 0.0190329
0.524608963803 1.56277 0.0165726
0.530875730848 1.55969 0.0160977
0.537157352795 1.54954 0.0158242
0.543457956378 1.54126 0.0152001
0.549743065239 1.53039 0.0157812
0.55599374275 1.52506 0.0179187
0.562285467661 1.51639 0.0148837
0.568601153723 1.50625 0.0157013
0.574880458942 1.49883 0.0167768
0.581155021034 1.48973 0.0160028
0.587439449666 1.48427 0.0176012
0.59371762203 1.47231 0.0176587
0.599997195479 1.46783 0.015677
0.606267911512 1.45655 0.0154393
0.612546957644 1.4506 0.0143295
0.618847773304 1.44266 0.0161148
0.625131056744 1.43436 0.0147353
0.631402745038 1.42692 0.0140237
0.637700356273 1.41797 0.0151925
0.643985778331 1.4119 0.0165122
0.650268541717 1.40499 0.0161109
0.65655861177 1.39627 0.0138171
0.662836928236 1.39023 0.0152065
0.669118544496 1.38212 0.0164091
0.675407019858 1.37623 0.0174674
0.681683551459 1.36719 0.0156114
0.687959253386 1.3565 0.0181862
0.694234431704 1.34912 0.0186605
0.700517540243 1.34493 0.0161881
0.706812495661 1.33804 0.0157827
0.713101900967 1.3287 0.0142509
0.719391825117 1.32203 0.0169226
0.72568338076 1.31637 0.016201
0.731965268271 1.30893 0.017252
0.738250799048 1.30287 0.0160843
0.744526584212 1.29457 0.0148652
0.750787110194 1.28803 0.0160547
0.757075846532 1.28287 0.0164833
0.76336412336 1.27432 0.0176065
0.769646295986 1.27032 0.0183583
0.775939486518 1.26567 0.0161334
0.782232914199 1.25913 0.0153827
0.788531493652 1.2514 0.0163512
0.794789656698 1.24255 0.0166659
0.801049109659 1.23731 0.0175191
0.807336406173 1.23338 0.016644
0.813622948837 1.22601 0.0166088
0.819915299896 1.2226 0.0174509
0.826195263639 1.21752 0.0186185
0.832489707008 1.2127 0.0169306
0.838795930921 1.20516 0.0181644
0.84506346397 1.20014 0.0190627
0.851328286756 1.19246 0.0178475
0.85761982639 1.18977 0.0147548
0.863905847706 1.1851 0.0200231
0.870183874549 1.17864 0.0190775
0.876464109608 1.17595 0.0174426
0.88275038734 1.17333 0.0186965
0.889033276839 1.16834 0.0181847
0.895308424711 1.16126 0.0176627
0.901595652167 1.15947 0.0176766
0.907883332809 1.15412 0.0167243
0.914174410632 1.15136 0.0175145
0.920463081772 1.14974 0.0168911
0.926743441526 1.14628 0.0186188
0.933032419735 1.14068 0.0184273
0.939326578557 1.14065 0.0171655
0.94559748104 1.13674 0.0170621
0.951866001855 1.13498 0.0172121
0.958141325553 1.12976 0.0162129
0.964435094511 1.13102 0.0213107
0.970735563357 1.1276 0.0193204
0.977008076845 1.12533 0.0182849
0.983282332536 1.12428 0.0205274
0.989556969197 1.12425 0.0198301
0.995845630192 1.12343 0.0190646
1.00213621074 1.12383 0.0190172
1.00840482534 1.12343 0.0185032
1.01469414984 1.12175 0.0185008
1.02099255544 1.12388 0.0173419
1.02727398044 1.12585 0.018146
1.0335591819 1.12664 0.016623
1.03984755739 1.12705 0.0197527
1.04612697494 1.12873 0.0189142
1.05240343681 1.13246 0.0171439
1.05868070465 1.13246 0.0196526
1.06496433307 1.13723 0.0182842
1.07125677744 1.13752 0.0171952
1.0775440488 1.14548 0.0164751
1.08382482019 1.1452 0.0180061
1.09010802394 1.14723 0.0172076
1.09638966596 1.15772 0.0195133
1.10268113206 1.15687 0.0177992
1.10896304759 1.16378 0.0171877
1.11522542846 1.16808 0.0174517
1.12150212761 1.17641 0.0186031
1.12779257382 1.18009 0.016696
1.13408955267 1.18814 0.0179688
1.14036404965 1.19417 0.0164973
1.14663918032 1.20389 0.0179686
1.15294241299 1.20773 0.0174534
1.15922890675 1.21694 0.0164703
1.16550872189 1.22765 0.0179177
1.17179307626 1.23603 0.0173456
1.17808743637 1.24355 0.0174779
1.18436765425 1.25248 0.0172208
1.1906346423 1.26316 0.0158945
1.19691220883 1.27594 0.0165125
1.20320157735 1.28297 0.0162086
1.20948684444 1.29657 0.0154823
1.21576390207 1.30726 0.016349
1.22204975517 1.31838 0.0182621
1.22834061662 1.33098 0.0172548
1.23463298658 1.34441 0.0169108
1.24090224718 1.35706 0.0160927
1.24717483914 1.37005 0.0169828
1.25346545993 1.38756 0.0157818
1.25974995189 1.40146 0.0172024
1.26603214313 1.41463 0.0146451
1.27231628847 1.43275 0.0163755
1.27860415506 1.44346 0.0177755
1.28488658893 1.4607 0.0134442
1.29117542007 1.47861 0.0146472
1.29746572637 1.49886 0.0149172
1.30374182701 1.51391 0.0145532
1.31001732292 1.52957 0.0153228
1.31630144766 1.55059 0.0131135
1.32258676036 1.56735 0.0132603
1.32886549245 1.58806 0.0144362
1.33514480495 1.60585 0.0148161
1.34144051627 1.62772 0.0146185
1.34773086842 1.64562 0.0157461
1.35400158999 1.667 0.0135585
1.3602826093 1.687 0.0155049
1.36656568646 1.70712 0.0142422
1.37285149848 1.73038 0.0135213
1.37913537293 1.75251 0.0125076
1.38540956715 1.77564 0.0131873
1.39169864122 1.79839 0.0134142
1.39798445144 1.82173 0.0143032
1.40426788341 1.84491 0.0147956
1.41055477948 1.86974 0.013799
1.41683783355 1.89166 0.014091
1.42311817719 1.91786 0.0142528
1.42939780116 1.94084 0.0145378
1.43568692182 1.96783 0.0125815
1.44197712177 1.99423 0.0117808
1.44825366785 2.01999 0.0131711
1.45453234897 2.04587 0.0141293
1.46081931915 2.07213 0.0126172
1.4671103644 2.09977 0.0127583
1.47339290895 2.128 0.0122478
1.47966996524 2.15537 0.0118669
1.4859561446 2.18105 0.013746
1.49223361076 2.20986 0.0109573
1.49850247038 2.23844 0.0133083
1.50478575205 2.26562 0.0131969
1.51107599189 2.29422 0.0122755
1.51736163499 2.32478 0.0117429
1.52364857097 2.35256 0.0137562
1.52993803572 2.38179 0.0120043
1.53623017691 2.41259 0.0122048
1.54251071878 2.44187 0.0108279
1.54878396308 2.47271 0.0114753
1.55507306978 2.50254 0.0119471
1.56135732493 2.53453 0.0110866
1.56762912105 2.56495 0.0134802
1.5739136974 2.59607 0.0113979
1.58020354523 2.62634 0.0127759
1.58648539343 2.65869 0.0128744
1.59276001426 2.68957 0.0126054
1.59904643639 2.72016 0.0123795
1.60534213664 2.75368 0.0123922
1.61161976836 2.77402 0.0126459
1.61789716835 2.79029 0.0119691
1.62418270854 2.80551 0.0126042
1.63046407995 2.82254 0.0118798
1.63674824683 2.83894 0.0111079
1.64303013827 2.8563 0.012075
1.64930808063 2.87163 0.0130171
1.65559224863 2.88492 0.0111988
1.66187827598 2.90436 0.0128447
1.66816823994 2.92036 0.0115695
1.6744495611 2.93738 0.0124118
1.68072138563 2.95517 0.0138699
1.68701215424 2.97208 0.0125353
1.6933074808 2.98834 0.0139595
1.69958064303 3.00656 0.0134529
1.70586179344 3.02636 0.0127368
1.71215172419 3.0469 0.0122088
1.71843538617 3.06353 0.0131392
1.72471844694 3.08036 0.0129546
1.73099491844 3.10238 0.0126741
1.73728636032 3.11878 0.0136085
1.74356630258 3.1377 0.0127185
1.74983600778 3.15713 0.012022
1.75612327869 3.17911 0.0135873
1.76241061606 3.19757 0.014314
1.76869357896 3.21716 0.0135094
1.77497674839 3.23789 0.0140483
1.78126362161 3.25862 0.0130832
1.78754574761 3.2798 0.0137389
1.7938272923 3.30113 0.014052
1.80010772174 3.32306 0.0149095
1.80639091391 3.34306 0.0130941
1.81267451427 3.36464 0.0144438
1.81895363524 3.38704 0.0141739
1.82523850291 3.41081 0.0144487
1.8315236862 3.43092 0.0148151
1.83781040898 3.45478 0.0136198
1.84409642612 3.47621 0.0155853
1.8503769215 3.50057 0.0144578
1.85666074594 3.52272 0.014704
1.86294359809 3.54455 0.0151364
1.86922204917 3.56957 0.0159256
1.87550781357 3.59296 0.0157104
1.88179499507 3.61791 0.014917
1.88807781314 3.64173 0.0146731
1.89435244502 3.66579 0.0152373
1.90063796885 3.69201 0.0166385
1.90692833723 3.71664 0.0164192
1.91320221586 3.74339 0.0162246
1.91948223445 3.76893 0.0147733
1.92577010575 3.79248 0.0168638
1.93206491035 3.81984 0.0151084
1.93834071151 3.84233 0.0168242
1.94460828613 3.87077 0.0167907
1.9508968614 3.89816 0.0160831
1.95718811973 3.92169 0.0148335
1.96347509207 3.94936 0.0164409
1.9697553281 3.97688 0.016196
1.9760413775 4.00386 0.0177636
1.98233260336 4.03063 0.0165857
1.98861171931 4.05992 0.0164911
1.99488792869 4.08566 0.0179202
2.00117304134 4.11341 0.0164503
2.00745262249 4.14288 0.0176753
2.01372721862 4.16655 0.0160825
2.02001108039 4.19816 0.0185833
2.02630405283 4.22233 0.0168405
2.03258735828 4.25264 0.0176731
2.03886100377 4.2831 0.0194728
2.04514489951 4.30853 0.0165069
2.05143683626 4.33871 0.0194188
2.05772382203 4.36663 0.0186401
2.0640044634 4.39662 0.0196107
2.07029278421 4.42531 0.0188397
2.07658471853 4.45356 0.0191662
2.08285424307 4.47993 0.0202345
2.08912259138 4.5081 0.0189916
2.09541730178 4.53673 0.0188674
2.10170304464 4.56869 0.0205474
2.10797273337 4.59451 0.0210416
2.11425579676 4.62332 0.0215694
2.12053788985 4.64907 0.0198874
2.12682075079 4.68419 0.0212458
2.13310670204 4.70773 0.0207386
2.13940011923 4.736 0.0213934
2.14568939859 4.76704 0.0194224
2.15195789682 4.79135 0.0219105
2.15824033347 4.82127 0.018677
2.16453048092 4.84506 0.0213978
2.17081716829 4.87321 0.0232903
2.17709912993 4.90286 0.0222163
2.18337674027 4.9265 0.0199726
2.18965452646 4.95423 0.0216725
2.19593814184 4.97305 0.0239351
2.20221722867 5.00575 0.0215954
2.20849850085 5.02722 0.0256104
2.21479372465 5.057 0.0241611
2.22107581834 5.07885 0.0239829
2.22733812199 5.10238 0.0250025
2.23362792264 5.12945 0.0237114
2.2399287897 5.14999 0.0255866
2.24620084223 5.17277 0.0229467
2.2524810722 5.19225 0.0259586
2.25875993301 5.21291 0.0261311
2.26503776668 5.23076 0.0272504
2.27130391144 5.25176 0.0261515
2.27758972822 5.26985 0.0251404
2.28389830542 5.29205 0.0285846
2.29017001225 5.31313 0.0297274
2.29645357402 5.33509 0.0264404
2.30275372852 5.35912 0.0255114
2.30903325986 5.38242 0.0280875
2.31530674049 5.40627 0.0305451
2.32158490306 5.43357 0.0250138
2.3278758488 5.45102 0.0299663
2.33415543799 5.48035 0.0281092
2.34041936871 5.5081 0.0327593
2.34670710068 5.52819 0.0276595
2.3530032916 5.55766 0.0325552
2.35928989445 5.58109 0.0319138
2.36555387699 5.611 0.0302395
2.37182578571 5.63644 0.0310041
2.3781409032 5.65737 0.0315177
2.38442809259 5.69015 0.0345384
2.39069258243 5.71808 0.0336605
2.39698813839 5.74279 0.0343127
2.40330354843 5.76874 0.0364165
2.40957307365 5.79943 0.0317158
2.41583080138 5.83035 0.0354214
2.42214385676 5.85533 0.038339
2.42843005755 5.88096 0.0365284
2.43467776878 5.91169 0.0372699
2.44097021258 5.94114 0.0328835
2.44729898127 5.96733 0.0386956
2.45356911846 5.99596 0.0435699
2.45980003814 6.0219 0.0423423
2.4661092349 6.05457 0.0404365
2.47241430729 6.08729 0.0452326
2.47866355169 6.11164 0.0423421
2.48493431628 6.13602 0.0445439
2.49124283111 6.16936 0.0462136
2.49755537626 6.20296 0.0436583
2.50380379021 6.22487 0.0437426
2.51005045336 6.26157 0.04591
2.51638815336 6.28224 0.0473582
2.52269694929 6.31214 0.043711
2.52891211798 6.34067 0.0516307
2.53519495098 6.36341 0.050958
2.54155301509 6.39525 0.0457325
2.54783359884 6.42154 0.0525244
2.55402772623 6.45921 0.0590336
2.56033571996 6.48364 0.0488672
2.56672381747 6.51525 0.0592426
2.57294751341 6.53858 0.0590801
2.57911252531 6.56641 0.0562065
2.58547549612 6.59718 0.0521535
2.59185019505 6.60997 0.0615382
2.59805932148 6.63576 0.0600375
2.60429715989 6.67031 0.0646923
2.61067449751 6.69955 0.0679454
2.61693283418 6.72922 0.0765045
2.62300854502 6.7566 0.0709746
2.62939753095 6.77212 0.0753414
2.63591057571 6.79285 0.0756576
2.64202978624 6.81421 0.0785594
2.64803951219 6.84392 0.0912978
2.65454096229 6.86028 0.09312
2.66118028258 6.88686 0.091389
2.66719514746 6.91127 0.0973206
2.67309090101 6.93355 0.0966107
2.67973176445 6.96554 0.112587
2.68646693102 7.01083 0.108547
2.69219835647 6.99613 0.132074
2.69796467721 7.00971 0.127303
2.70489193937 7.03054 0.129389
2.71182026315 7.07285 0.139565
2.71709790339 7.07052 0.184751
2.7227864466 7.10342 0.174218
2.72994784687 7.10645 0.190897
2.73706528781 7.16515 0.206491
2.74248820391 7.14758 0.300604
2.74787331837 7.20658 0.285051
2.75504313834 7.19058 0.347547
2.76219934437 7.2514 0.479328
2.76789278819 7.16327 0.73244
2.77283198247 7.07861 0.797218
2.77965581172 7.37278 1.73837
2.78599582346 nan nan
