0.0088996412247 6.13956 0.253885
0.0150791221651 5.64229 0.142956
0.0214479018646 5.16976 0.0947996
0.0278366077649 4.82654 0.0788793
0.034350997858 4.51704 0.078598
0.0404788676143 4.2634 0.0655533
0.0467671668358 4.06055 0.0573043
0.0530822510177 3.87235 0.0598457
0.0594536244094 3.69559 0.0435895
0.0657622481459 3.54578 0.0433622
0.071966329067 3.41005 0.0425419
0.0782786091569 3.28627 0.0397946
0.0847039894583 3.17566 0.0339245
0.0909685462053 3.08601 0.0362094
0.0972078977683 3.01304 0.0340683
0.103476303896 2.93264 0.0276615
0.109757644425 2.85488 0.0309688
0.116054308478 2.77949 0.0274385
0.122366966654 2.70044 0.027678
0.128681726309 2.63296 0.0250963
0.134950080166 2.57198 0.0251167
0.141194955884 2.52299 0.0244002
0.147513357575 2.4802 0.0218252
0.153786507425 2.44707 0.0243734
0.160065754405 2.40668 0.0240188
0.166399116869 2.36902 0.0228701
0.172719564578 2.33163 0.0189682
0.178976521338 2.29543 0.0200076
0.185235369065 2.26468 0.0204898
0.191480678734 2.2363 0.0215686
0.197788986865 2.2094 0.0200235
0.204093773545 2.18504 0.0189643
0.210393930261 2.16705 0.0183647
0.216690970982 2.14867 0.0174198
0.222970028122 2.13006 0.0182561
0.229262002709 2.11092 0.0189192
0.235514150837 2.09316 0.0205588
0.241791058382 2.08182 0.0175652
0.248085653944 2.06708 0.0182743
0.254349225687 2.05048 0.0186122
0.260633425188 2.03789 0.019328
0.26692573709 2.02454 0.018461
0.273242334314 2.01362 0.0179286
0.279552968008 2.00134 0.0176452
0.285836629231 1.99219 0.0169894
0.292087627139 1.98421 0.0182751
0.298344984444 1.97151 0.0162672
0.304638263941 1.95605 0.0180113
0.3109279127 1.9472 0.0175405
0.317216817162 1.93323 0.016218
0.323518756794 1.92294 0.0180254
0.329816821755 1.91743 0.0164716
0.336117642946 1.9045 0.0164065
0.342370037571 1.89565 0.0172867
0.348647819267 1.88272 0.0145084
0.354941161441 1.86909 0.0158851
0.361191693542 1.86028 0.0160118
0.367476708956 1.84878 0.0160982
0.373764779528 1.83859 0.0157562
0.380065403148 1.82742 0.0183126
0.386353986126 1.82022 0.015477
0.392614018136 1.80485 0.015624
0.398926450032 1.797 0.0166647
0.405207324458 1.79926 0.0160539
0.411491647757 1.77612 0.0144953
0.417781427212 1.76273 0.0160844
0.424040064873 1.75218 0.0163576
0.430342569027 1.74127 0.018542
0.436635856026 1.73101 0.0177575
0.442899618322 1.71952 0.0169561
0.449163441853 1.70872 0.0173231
0.455441414625 1.69688 0.0187697
0.46176344703 1.68697 0.0168893
0.468064424202 1.67428 0.0179618
0.474348524276 1.66504 0.0165592
0.480635613682 1.65433 0.0160891
0.486901925839 1.64375 0.0168877
0.49316970996 1.63044 0.0177268
0.499450674714 1.62044 0.0189373
0.505715905134 1.60817 0.0181651
0.511992399627 1.60144 0.019925
0.518312609777 1.58945 0.0172967
0.524608963803 1.57564 0.0163323
0.530875730848 1.56653 0.0153774
0.537157352795 1.55692 0.0164946
0.543457956378 1.5447 0.0161617
0.549743065239 1.5336 0.0150063
0.55599374275 1.52276 0.0153106
0.562285467661 1.51265 0.0178127
0.568601153723 1.50074 0.0150653
0.574880458942 1.4904 0.0171692
0.581155021034 1.48217 0.0160649
0.587439449666 1.47167 0.0165295
0.59371762203 1.45881 0.0178989
0.599997195479 1.45128 0.0168481
0.606267911512 1.43788 0.0161653
0.612546957644 1.42763 0.0144976
0.618847773304 1.41824 0.0162494
0.625131056744 1.40689 0.0176415
0.631402745038 1.39645 0.0166068
0.637700356273 1.38629 0.0155487
0.643985778331 1.37532 0.0180529
0.650268541717 1.36615 0.0189087
0.65655861177 1.3561 0.0154088
0.662836928236 1.34723 0.0163668
0.669118544496 1.33775 0.0178148
0.675407019858 1.32606 0.0166027
0.681683551459 1.31796 0.0196049
0.687959253386 1.30368 0.0177011
0.694234431704 1.29793 0.0177448
0.700517540243 1.29355 0.0180433
0.706812495661 1.27904 0.0150929
0.713101900967 1.26765 0.0169733
0.719391825117 1.25803 0.0178656
0.72568338076 1.24726 0.0176059
0.731965268271 1.23882 0.0175811
0.738250799048 1.23194 0.0184396
0.744526584212 1.2211 0.0188221
0.750787110194 1.21145 0.0175842
0.757075846532 1.20376 0.0181215
0.76336412336 1.19251 0.0195688
0.769646295986 1.18645 0.0196544
0.775939486518 1.17444 0.0176836
0.782232914199 1.1708 0.0174794
0.788531493652 1.15803 0.0173557
0.794789656698 1.14568 0.0182447
0.801049109659 1.14123 0.0199363
0.807336406173 1.13312 0.0165381
0.813622948837 1.12422 0.019214
0.819915299896 1.11666 0.0183542
0.826195263639 1.10841 0.0213993
0.832489707008 1.10195 0.0188429
0.838795930921 1.09041 0.019608
0.84506346397 1.08464 0.0206745
0.851328286756 1.07326 0.0211022
0.85761982639 1.0688 0.019821
0.863905847706 1.06135 0.0209939
0.870183874549 1.05356 0.0198324
0.876464109608 1.04283 0.0194469
0.88275038734 1.04097 0.0172026
0.889033276839 1.03262 0.019409
0.895308424711 1.02065 0.0203134
0.901595652167 1.01576 0.0184278
0.907883332809 1.00954 0.0204341
0.914174410632 1.00461 0.0197149
0.920463081772 0.998714 0.0220671
0.926743441526 0.994332 0.0188734
0.933032419735 0.985119 0.0209152
0.939326578557 0.981572 0.0228907
0.94559748104 0.975521 0.0188963
0.951866001855 0.968783 0.0208528
0.958141325553 0.963045 0.0210026
0.964435094511 0.960314 0.0218698
0.970735563357 0.957644 0.0256318
0.977008076845 0.951899 0.0212378
0.983282332536 0.94843 0.0224571
0.989556969197 0.945223 0.0223455
0.995845630192 0.942367 0.0212592
1.00213621074 0.940671 0.0220006
1.00840482534 0.940377 0.0241341
1.01469414984 0.932733 0.023307
1.02099255544 0.934855 0.0224004
1.02727398044 0.932507 0.0207042
1.0335591819 0.929813 0.0235192
1.03984755739 0.931041 0.0203798
1.04612697494 0.929002 0.0220869
1.05240343681 0.927002 0.0222219
1.05868070465 0.928752 0.0204506
1.06496433307 0.930507 0.0211614
1.07125677744 0.926228 0.0215609
1.0775440488 0.938096 0.0226805
1.08382482019 0.933151 0.0191134
1.09010802394 0.934546 0.0213219
1.09638966596 0.940133 0.0227759
1.10268113206 0.94116 0.0228831
1.10896304759 0.946132 0.0192096
1.11522542846 0.946643 0.0230821
1.12150212761 0.951674 0.0234711
1.12779257382 0.957199 0.0214854
1.13408955267 0.963974 0.0195118
1.14036404965 0.968786 0.0206367
1.14663918032 0.97355 0.0218666
1.15294241299 0.979345 0.0223577
1.15922890675 0.985584 0.0234882
1.16550872189 0.995947 0.0211788
1.17179307626 1.00549 0.0213494
1.17808743637 1.01307 0.023474
1.18436765425 1.01944 0.0218104
1.1906346423 1.03439 0.0230411
1.19691220883 1.04007 0.0182043
1.20320157735 1.04781 0.0212716
1.20948684444 1.06195 0.0214038
1.21576390207 1.07307 0.02236
1.22204975517 1.08546 0.0220289
1.22834061662 1.09659 0.0205579
1.23463298658 1.1104 0.0198588
1.24090224718 1.12267 0.0194317
1.24717483914 1.13272 0.019062
1.25346545993 1.15295 0.0195002
1.25974995189 1.16407 0.0205158
1.26603214313 1.18004 0.0195546
1.27231628847 1.19386 0.0194891
1.27860415506 1.21051 0.0192626
1.28488658893 1.22688 0.0186728
1.29117542007 1.24252 0.0168517
1.29746572637 1.26262 0.0189963
1.30374182701 1.27774 0.0184967
1.31001732292 1.29402 0.0170155
1.31630144766 1.31506 0.0163835
1.32258676036 1.33502 0.019267
1.32886549245 1.35572 0.0172123
1.33514480495 1.37449 0.0169929
1.34144051627 1.39324 0.0161656
1.34773086842 1.41615 0.0171243
1.35400158999 1.43618 0.0147402
1.3602826093 1.45859 0.0175449
1.36656568646 1.47939 0.0170024
1.37285149848 1.50053 0.0153874
1.37913537293 1.5231 0.0165186
1.38540956715 1.55092 0.0163259
1.39169864122 1.5714 0.0157016
1.39798445144 1.59544 0.0154696
1.40426788341 1.61861 0.0164429
1.41055477948 1.64246 0.0147778
1.41683783355 1.66762 0.0156627
1.42311817719 1.69195 0.0160013
1.42939780116 1.71719 0.0168003
1.43568692182 1.74671 0.0150569
1.44197712177 1.77071 0.0146785
1.44825366785 1.8007 0.0150624
1.45453234897 1.82476 0.0154443
1.46081931915 1.85367 0.0151566
1.4671103644 1.88057 0.0144569
1.47339290895 1.9082 0.0142446
1.47966996524 1.93703 0.0134788
1.4859561446 1.96591 0.0155313
1.49223361076 1.99379 0.0135626
1.49850247038 2.02281 0.0154545
1.50478575205 2.04958 0.0138027
1.51107599189 2.08053 0.0133572
1.51736163499 2.11095 0.0141815
1.52364857097 2.14051 0.014103
1.52993803572 2.17136 0.0129236
1.53623017691 2.20273 0.014625
1.54251071878 2.23211 0.0134878
1.54878396308 2.26309 0.0128939
1.55507306978 2.2952 0.0137732
1.56135732493 2.32667 0.0129421
1.56762912105 2.3575 0.0127016
1.5739136974 2.39151 0.0117697
1.58020354523 2.42016 0.0127349
1.58648539343 2.45293 0.0133758
1.59276001426 2.48551 0.0141742
1.59904643639 2.51742 0.0123287
1.60534213664 2.55155 0.0136012
1.61161976836 2.57165 0.0131577
1.61789716835 2.58605 0.012285
1.62418270854 2.60016 0.0131381
1.63046407995 2.61615 0.0135417
1.63674824683 2.63172 0.0126634
1.64303013827 2.64557 0.0134723
1.64930808063 2.66183 0.0127792
1.65559224863 2.67457 0.0117955
1.66187827598 2.69152 0.0129127
1.66816823994 2.70625 0.0129603
1.6744495611 2.7235 0.0138634
1.68072138563 2.73961 0.0136525
1.68701215424 2.75535 0.0140241
1.6933074808 2.7722 0.0152237
1.69958064303 2.78703 0.0134331
1.70586179344 2.80711 0.014397
1.71215172419 2.82533 0.0140992
1.71843538617 2.84117 0.0136501
1.72471844694 2.85614 0.014798
1.73099491844 2.87733 0.0146871
1.73728636032 2.89558 0.0146345
1.74356630258 2.91096 0.0146492
1.74983600778 2.92963 0.0146014
1.75612327869 2.94924 0.0123845
1.76241061606 2.96854 0.0154646
1.76869357896 2.98778 0.0149083
1.77497674839 3.00635 0.0147235
1.78126362161 3.0251 0.0149519
1.78754574761 3.04683 0.0140286
1.7938272923 3.06593 0.0148495
1.80010772174 3.08704 0.0148843
1.80639091391 3.10542 0.0152547
1.81267451427 3.12689 0.0150063
1.81895363524 3.14751 0.0140205
1.82523850291 3.17033 0.0153126
1.8315236862 3.19013 0.0158411
1.83781040898 3.21177 0.0153741
1.84409642612 3.23355 0.016361
1.8503769215 3.25729 0.0153182
1.85666074594 3.27661 0.016541
1.86294359809 3.30044 0.0162717
1.86922204917 3.32352 0.0162346
1.87550781357 3.34481 0.0157838
1.88179499507 3.36932 0.0169623
1.88807781314 3.39167 0.0160669
1.89435244502 3.41436 0.0176895
1.90063796885 3.44058 0.016254
1.90692833723 3.46447 0.0145267
1.91320221586 3.48843 0.0167704
1.91948223445 3.51228 0.0160796
1.92577010575 3.53622 0.0169998
1.93206491035 3.56318 0.0156907
1.93834071151 3.58435 0.0165749
1.94460828613 3.61233 0.0181868
1.9508968614 3.63764 0.0156892
1.95718811973 3.66219 0.0165979
1.96347509207 3.68819 0.0154405
1.9697553281 3.71421 0.0176095
1.9760413775 3.74048 0.0183187
1.98233260336 3.76587 0.0166645
1.98861171931 3.79406 0.0190118
1.99488792869 3.81675 0.0183797
2.00117304134 3.84732 0.0179487
2.00745262249 3.873 0.0180604
2.01372721862 3.89761 0.0192664
2.02001108039 3.92729 0.0194937
2.02630405283 3.95061 0.0174489
2.03258735828 3.98014 0.0181164
2.03886100377 4.00932 0.019605
2.04514489951 4.03514 0.018713
2.05143683626 4.06352 0.0197039
2.05772382203 4.09212 0.0204646
2.0640044634 4.11951 0.0204245
2.07029278421 4.14659 0.0202905
2.07658471853 4.17411 0.0216232
2.08285424307 4.20183 0.0216017
2.08912259138 4.22662 0.0222581
2.09541730178 4.25641 0.019671
2.10170304464 4.28581 0.0210355
2.10797273337 4.31344 0.0214723
2.11425579676 4.34159 0.0227747
2.12053788985 4.36526 0.0190141
2.12682075079 4.39871 0.0207272
2.13310670204 4.42304 0.0221776
2.13940011923 4.45052 0.0216851
2.14568939859 4.47971 0.0210662
2.15195789682 4.50429 0.0206663
2.15824033347 4.53092 0.0213677
2.16453048092 4.55494 0.0231241
2.17081716829 4.58321 0.0213379
2.17709912993 4.60961 0.0222798
2.18337674027 4.63507 0.0210117
2.18965452646 4.66059 0.0221674
2.19593814184 4.67967 0.0219031
2.20221722867 4.71342 0.0230669
2.20849850085 4.73203 0.0233507
2.21479372465 4.76094 0.0226238
2.22107581834 4.78219 0.0228702
2.22733812199 4.80277 0.0244998
2.23362792264 4.82806 0.0223103
2.2399287897 4.84684 0.0223237
2.24620084223 4.87024 0.0262553
2.2524810722 4.88617 0.0245828
2.25875993301 4.90643 0.024096
2.26503776668 4.92532 0.0262009
2.27130391144 4.94173 0.0268936
2.27758972822 4.95351 0.023667
2.28389830542 4.97452 0.0292537
2.29017001225 4.99549 0.0268078
2.29645357402 5.01238 0.0264977
2.30275372852 5.03498 0.0265071
2.30903325986 5.05948 0.0264763
2.31530674049 5.07827 0.0263973
2.32158490306 5.10135 0.0262765
2.3278758488 5.12185 0.0280705
2.33415543799 5.14849 0.0260325
2.34041936871 5.17217 0.0299482
2.34670710068 5.19275 0.0287322
2.3530032916 5.22043 0.0319849
2.35928989445 5.24381 0.0298746
2.36555387699 5.27269 0.0275156
2.37182578571 5.29627 0.0317096
2.3781409032 5.31332 0.0284271
2.38442809259 5.34573 0.0364371
2.39069258243 5.37338 0.0315777
2.39698813839 5.39565 0.0316752
2.40330354843 5.42135 0.036121
2.40957307365 5.44728 0.0303847
2.41583080138 5.47318 0.0322007
2.42214385676 5.49866 0.0367019
2.42843005755 5.52798 0.0362089
2.43467776878 5.55454 0.0345824
2.44097021258 5.58026 0.0340058
2.44729898127 5.60664 0.0365748
2.45356911846 5.63429 0.0414507
2.45980003814 5.65811 0.0437907
2.4661092349 5.68768 0.0379196
2.47241430729 5.71997 0.0405636
2.47866355169 5.74668 0.0429762
2.48493431628 5.76872 0.0454885
2.49124283111 5.79682 0.0444584
2.49755537626 5.82966 0.0438901
2.50380379021 5.85397 0.0468253
2.51005045336 5.88438 0.0426592
2.51638815336 5.90787 0.0419135
2.52269694929 5.93745 0.0464941
2.52891211798 5.96526 0.0523282
2.53519495098 5.99028 0.0499672
2.54155301509 6.01043 0.0455663
2.54783359884 6.04146 0.0480602
2.55402772623 6.07765 0.0562847
2.56033571996 6.09601 0.052213
2.56672381747 6.12447 0.0616671
2.57294751341 6.15567 0.0624957
2.57911252531 6.18008 0.0573482
2.58547549612 6.21474 0.0496481
2.59185019505 6.22706 0.0614453
2.59805932148 6.25246 0.0598092
2.60429715989 6.28229 0.0645815
2.61067449751 6.31018 0.0616232
2.61693283418 6.3446 0.0713306
2.62300854502 6.36962 0.0683537
2.62939753095 6.38553 0.0696463
2.63591057571 6.40252 0.0816563
2.64202978624 6.42537 0.0809586
2.64803951219 6.44677 0.0898271
2.65454096229 6.47437 0.089162
2.66118028258 6.49428 0.092668
2.66719514746 6.51343 0.103783
2.67309090101 6.53839 0.100499
2.67973176445 6.55871 0.105903
2.68646693102 6.60814 0.112635
2.69219835647 6.61651 0.132104
2.69796467721 6.61946 0.131488
2.70489193937 6.63937 0.129761
2.71182026315 6.68015 0.146219
2.71709790339 6.67141 0.177529
2.7227864466 6.72325 0.170099
2.72994784687 6.73048 0.190554
2.73706528781 6.772 0.204214
2.74248820391 6.79701 0.359296
2.74787331837 6.80118 0.250853
2.75504313834 6.831 0.367788
2.76219934437 6.90582 0.455194
2.76789278819 6.81403 0.7032
2.77283198247 6.76902 0.781321
2.77965581172 6.84225 1.5058
2.78599582346 nan nan
