0.0088996412247 5.16414 0.19684
0.0150791221651 4.77652 0.111821
0.0214479018646 4.42597 0.0773786
0.0278366077649 4.17611 0.0663528
0.034350997858 3.94691 0.0633654
0.0404788676143 3.77072 0.0541239
0.0467671668358 3.63227 0.051007
0.0530822510177 3.50294 0.0461691
0.0594536244094 3.38788 0.037489
0.0657622481459 3.29388 0.0372887
0.071966329067 3.20455 0.0353202
0.0782786091569 3.12621 0.0332901
0.0847039894583 3.05586 0.0301615
0.0909685462053 3.00319 0.031251
0.0972078977683 2.9606 0.0317743
0.103476303896 2.91107 0.0259247
0.109757644425 2.86669 0.0277192
0.116054308478 2.82306 0.0249095
0.122366966654 2.76963 0.0243586
0.128681726309 2.7265 0.0221125
0.134950080166 2.68714 0.0229994
0.141194955884 2.65517 0.02225
0.147513357575 2.62497 0.0216904
0.153786507425 2.6044 0.0234085
0.160065754405 2.5758 0.0244213
0.166399116869 2.546 0.0234864
0.172719564578 2.51751 0.01787
0.178976521338 2.4892 0.0198021
0.185235369065 2.46219 0.0188399
0.191480678734 2.43704 0.0199432
0.197788986865 2.41131 0.0194685
0.204093773545 2.38652 0.0186453
0.210393930261 2.36717 0.0198879
0.216690970982 2.34533 0.0172111
0.222970028122 2.32566 0.0173638
0.229262002709 2.30313 0.0190204
0.235514150837 2.27992 0.0196579
0.241791058382 2.26258 0.0176911
0.248085653944 2.24373 0.0175974
0.254349225687 2.22129 0.0193938
0.260633425188 2.20227 0.0184839
0.26692573709 2.18372 0.0185022
0.273242334314 2.16507 0.0174465
0.279552968008 2.14815 0.0187507
0.285836629231 2.13147 0.0163223
0.292087627139 2.11681 0.0180228
0.298344984444 2.10184 0.0189616
0.304638263941 2.07933 0.0173786
0.3109279127 2.06633 0.0174084
0.317216817162 2.04764 0.0175065
0.323518756794 2.03119 0.0170549
0.329816821755 2.02096 0.0159117
0.336117642946 2.00236 0.0165565
0.342370037571 1.98959 0.0185075
0.348647819267 1.9725 0.0163772
0.354941161441 1.95488 0.0142255
0.361191693542 1.94409 0.0162528
0.367476708956 1.92789 0.014708
0.373764779528 1.91645 0.0149786
0.380065403148 1.89991 0.0175359
0.386353986126 1.88976 0.0151777
0.392614018136 1.87376 0.0161891
0.398926450032 1.8624 0.0163076
0.405207324458 1.84736 0.0157593
0.411491647757 1.83717 0.0151305
0.417781427212 1.82393 0.0160695
0.424040064873 1.8114 0.0154951
0.430342569027 1.79699 0.0181068
0.436635856026 1.78565 0.0161047
0.442899618322 1.77286 0.0178445
0.449163441853 1.76085 0.0172631
0.455441414625 1.74806 0.0174391
0.46176344703 1.738 0.0155505
0.468064424202 1.72309 0.0167769
0.474348524276 1.71432 0.015876
0.480635613682 1.70218 0.0164787
0.486901925839 1.69075 0.0155843
0.49316970996 1.67692 0.0178318
0.499450674714 1.66548 0.0180349
0.505715905134 1.65351 0.0177799
0.511992399627 1.64632 0.0180087
0.518312609777 1.6342 0.0168536
0.524608963803 1.62141 0.0169936
0.530875730848 1.60939 0.0157423
0.537157352795 1.59895 0.0181662
0.543457956378 1.58601 0.0156686
0.549743065239 1.57541 0.015459
0.55599374275 1.5668 0.0150948
0.562285467661 1.55499 0.0175737
0.568601153723 1.54131 0.0152141
0.574880458942 1.53121 0.018791
0.581155021034 1.52171 0.0162766
0.587439449666 1.51207 0.0156968
0.59371762203 1.49845 0.0154392
0.599997195479 1.48958 0.0170331
0.606267911512 1.47709 0.0162802
0.612546957644 1.46626 0.0136585
0.618847773304 1.45731 0.0155029
0.625131056744 1.44687 0.0169219
0.631402745038 1.43521 0.0171213
0.637700356273 1.42532 0.017065
0.643985778331 1.41432 0.0187
0.650268541717 1.40674 0.0195517
0.65655861177 1.39464 0.0152731
0.662836928236 1.38497 0.0172941
0.669118544496 1.37587 0.0170288
0.675407019858 1.36606 0.0180234
0.681683551459 1.35572 0.0177543
0.687959253386 1.34027 0.0177643
0.694234431704 1.33487 0.0173406
0.700517540243 1.33046 0.0173475
0.706812495661 1.31594 0.0149809
0.713101900967 1.30478 0.0168564
0.719391825117 1.29493 0.0187138
0.72568338076 1.28327 0.0188523
0.731965268271 1.2775 0.0189767
0.738250799048 1.26642 0.0179928
0.744526584212 1.25671 0.0162269
0.750787110194 1.24579 0.0180773
0.757075846532 1.23775 0.0181707
0.76336412336 1.23 0.0180299
0.769646295986 1.22134 0.0177009
0.775939486518 1.20846 0.0182141
0.782232914199 1.2028 0.0180846
0.788531493652 1.19129 0.0173404
0.794789656698 1.17969 0.0197276
0.801049109659 1.17441 0.0182462
0.807336406173 1.18094 0.0174784
0.813622948837 1.15761 0.0184097
0.819915299896 1.14669 0.0189201
0.826195263639 1.14101 0.0206402
0.832489707008 1.13301 0.0191205
0.838795930921 1.12244 0.020329
0.84506346397 1.11359 0.0191687
0.851328286756 1.1037 0.0188506
0.85761982639 1.09808 0.0181674
0.863905847706 1.09068 0.0190846
0.870183874549 1.08334 0.0215773
0.876464109608 1.07236 0.0180629
0.88275038734 1.06783 0.0183341
0.889033276839 1.06094 0.0216593
0.895308424711 1.04858 0.0191109
0.901595652167 1.04678 0.0188198
0.907883332809 1.03758 0.0205644
0.914174410632 1.0328 0.0202482
0.920463081772 1.02684 0.0196907
0.926743441526 1.02089 0.0180805
0.933032419735 1.01338 0.0209051
0.939326578557 1.00873 0.0201333
0.94559748104 1.00118 0.0185668
0.951866001855 0.995263 0.0215812
0.958141325553 0.98787 0.0209864
0.964435094511 0.987763 0.0201955
0.970735563357 0.981534 0.0243755
0.977008076845 0.97398 0.019286
0.983282332536 0.972025 0.0225115
0.989556969197 0.970382 0.0217745
0.995845630192 0.965233 0.0208563
1.00213621074 0.961887 0.0205549
1.00840482534 0.962876 0.0234267
1.01469414984 0.955345 0.0221233
1.02099255544 0.956349 0.0206897
1.02727398044 0.957535 0.0208994
1.0335591819 0.952353 0.0211942
1.03984755739 0.951651 0.0208189
1.04612697494 0.950387 0.0213459
1.05240343681 0.948141 0.0221791
1.05868070465 0.947145 0.0201355
1.06496433307 0.949031 0.0211101
1.07125677744 0.94751 0.022485
1.0775440488 0.955908 0.0225236
1.08382482019 0.948901 0.0201853
1.09010802394 0.952075 0.0215814
1.09638966596 0.956079 0.0224262
1.10268113206 0.958759 0.0219761
1.10896304759 0.961052 0.0199676
1.11522542846 0.963671 0.0208176
1.12150212761 0.966942 0.0240459
1.12779257382 0.971534 0.0219428
1.13408955267 0.980295 0.019779
1.14036404965 0.982343 0.0209471
1.14663918032 0.98761 0.0198499
1.15294241299 0.992472 0.0208707
1.15922890675 0.999633 0.0227245
1.16550872189 1.00901 0.0210842
1.17179307626 1.01777 0.0216207
1.17808743637 1.02279 0.0220811
1.18436765425 1.03045 0.0223499
1.1906346423 1.04391 0.0238364
1.19691220883 1.05088 0.0195004
1.20320157735 1.0593 0.0214549
1.20948684444 1.07228 0.0183976
1.21576390207 1.08276 0.0206741
1.22204975517 1.09359 0.0208865
1.22834061662 1.10659 0.0192054
1.23463298658 1.11955 0.0196567
1.24090224718 1.13035 0.019193
1.24717483914 1.1403 0.0200372
1.25346545993 1.1608 0.0198161
1.25974995189 1.17137 0.0207789
1.26603214313 1.1855 0.0206922
1.27231628847 1.20111 0.0204941
1.27860415506 1.21514 0.0194252
1.28488658893 1.23406 0.0170306
1.29117542007 1.24941 0.0178093
1.29746572637 1.26848 0.0184168
1.30374182701 1.28278 0.0182419
1.31001732292 1.29997 0.0165447
1.31630144766 1.32004 0.0167025
1.32258676036 1.33881 0.0195428
1.32886549245 1.36009 0.0170288
1.33514480495 1.37934 0.0165908
1.34144051627 1.39646 0.0165884
1.34773086842 1.41988 0.0173231
1.35400158999 1.44067 0.016584
1.3602826093 1.45992 0.0170578
1.36656568646 1.48171 0.0167131
1.37285149848 1.50344 0.0167662
1.37913537293 1.52654 0.0169748
1.38540956715 1.55231 0.0164669
1.39169864122 1.57471 0.0167751
1.39798445144 1.6001 0.0155739
1.40426788341 1.62072 0.0164596
1.41055477948 1.6454 0.0153098
1.41683783355 1.66963 0.0157568
1.42311817719 1.69508 0.0160774
1.42939780116 1.7188 0.0160898
1.43568692182 1.74884 0.0149741
1.44197712177 1.77301 0.0128838
1.44825366785 1.8019 0.0144281
1.45453234897 1.82653 0.0149274
1.46081931915 1.85416 0.0143265
1.4671103644 1.88244 0.0138094
1.47339290895 1.9091 0.013601
1.47966996524 1.93889 0.0137337
1.4859561446 1.96602 0.0152166
1.49223361076 1.99461 0.0132836
1.49850247038 2.02442 0.0160129
1.50478575205 2.05045 0.0126029
1.51107599189 2.08182 0.013241
1.51736163499 2.11202 0.0124027
1.52364857097 2.14122 0.0134578
1.52993803572 2.17217 0.0128078
1.53623017691 2.20366 0.0137793
1.54251071878 2.23306 0.0123408
1.54878396308 2.26491 0.0131062
1.55507306978 2.29503 0.0133418
1.56135732493 2.32753 0.0121362
1.56762912105 2.3581 0.0130734
1.5739136974 2.39191 0.0121492
1.58020354523 2.42078 0.0128356
1.58648539343 2.45443 0.0148605
1.59276001426 2.48566 0.0139244
1.59904643639 2.51797 0.0130021
1.60534213664 2.55193 0.0128201
1.61161976836 2.57307 0.0132754
1.61789716835 2.58722 0.0122373
1.62418270854 2.60073 0.0134897
1.63046407995 2.61722 0.0128438
1.63674824683 2.63217 0.0124564
1.64303013827 2.64652 0.0131392
1.64930808063 2.66173 0.0127492
1.65559224863 2.67491 0.0114776
1.66187827598 2.69237 0.0135444
1.66816823994 2.70766 0.0121619
1.6744495611 2.72425 0.0133421
1.68072138563 2.74009 0.0142025
1.68701215424 2.75545 0.0140257
1.6933074808 2.7718 0.0154411
1.69958064303 2.78819 0.0137126
1.70586179344 2.80785 0.0140093
1.71215172419 2.82606 0.0137984
1.71843538617 2.84254 0.0134909
1.72471844694 2.85739 0.01391
1.73099491844 2.87786 0.0149038
1.73728636032 2.89529 0.0147679
1.74356630258 2.91195 0.0146801
1.74983600778 2.93064 0.0144542
1.75612327869 2.94979 0.0132401
1.76241061606 2.96861 0.0157438
1.76869357896 2.98851 0.0148072
1.77497674839 3.00769 0.0145942
1.78126362161 3.02604 0.0147598
1.78754574761 3.04701 0.01408
1.7938272923 3.0668 0.0162725
1.80010772174 3.08838 0.0164285
1.80639091391 3.10651 0.0147621
1.81267451427 3.12742 0.0149644
1.81895363524 3.14862 0.0145282
1.82523850291 3.17168 0.0155924
1.8315236862 3.19129 0.015496
1.83781040898 3.21377 0.0148041
1.84409642612 3.23532 0.0156427
1.8503769215 3.25755 0.0156849
1.85666074594 3.27736 0.0164954
1.86294359809 3.30192 0.0149754
1.86922204917 3.32473 0.0167972
1.87550781357 3.34713 0.0151621
1.88179499507 3.37073 0.0158009
1.88807781314 3.39384 0.0146133
1.89435244502 3.41658 0.016248
1.90063796885 3.44152 0.0154721
1.90692833723 3.46701 0.0150091
1.91320221586 3.49094 0.0157369
1.91948223445 3.51446 0.0162724
1.92577010575 3.53785 0.0169474
1.93206491035 3.56539 0.0158651
1.93834071151 3.58586 0.0164431
1.94460828613 3.61454 0.0178376
1.9508968614 3.63975 0.0156044
1.95718811973 3.66402 0.0149171
1.96347509207 3.68995 0.0155845
1.9697553281 3.71645 0.0171634
1.9760413775 3.74254 0.0180458
1.98233260336 3.76822 0.0162096
1.98861171931 3.79739 0.017754
1.99488792869 3.81976 0.0175158
2.00117304134 3.84951 0.0172297
2.00745262249 3.87571 0.0180544
2.01372721862 3.90015 0.0174915
2.02001108039 3.93016 0.0190835
2.02630405283 3.95443 0.0170511
2.03258735828 3.98393 0.0177131
2.03886100377 4.01315 0.0187819
2.04514489951 4.03854 0.0176735
2.05143683626 4.06578 0.0191103
2.05772382203 4.09504 0.0188813
2.0640044634 4.12234 0.0199174
2.07029278421 4.14977 0.0193868
2.07658471853 4.1779 0.0199353
2.08285424307 4.20532 0.0218651
2.08912259138 4.22911 0.0204947
2.09541730178 4.25995 0.0204166
2.10170304464 4.28917 0.0203296
2.10797273337 4.31566 0.0205176
2.11425579676 4.3447 0.0207732
2.12053788985 4.36856 0.018724
2.12682075079 4.40202 0.0202798
2.13310670204 4.42666 0.0212537
2.13940011923 4.45288 0.0202361
2.14568939859 4.48179 0.0204568
2.15195789682 4.50782 0.0210778
2.15824033347 4.53491 0.0192296
2.16453048092 4.55908 0.0215624
2.17081716829 4.58684 0.0218683
2.17709912993 4.6142 0.0218667
2.18337674027 4.63891 0.0210733
2.18965452646 4.66386 0.023235
2.19593814184 4.68414 0.0231838
2.20221722867 4.71707 0.0229232
2.20849850085 4.73613 0.0223799
2.21479372465 4.76549 0.0229389
2.22107581834 4.7859 0.0233461
2.22733812199 4.80744 0.0231978
2.23362792264 4.8334 0.0227151
2.2399287897 4.85112 0.0234032
2.24620084223 4.87312 0.0260062
2.2524810722 4.89024 0.0239188
2.25875993301 4.9099 0.0229328
2.26503776668 4.92874 0.0251707
2.27130391144 4.94666 0.0285552
2.27758972822 4.95958 0.0242958
2.28389830542 4.97851 0.0271363
2.29017001225 4.99976 0.0266277
2.29645357402 5.01822 0.0272126
2.30275372852 5.04101 0.0264679
2.30903325986 5.0641 0.0271546
2.31530674049 5.08439 0.0277266
2.32158490306 5.10795 0.0274004
2.3278758488 5.12613 0.0286992
2.33415543799 5.15497 0.0266423
2.34041936871 5.17947 0.0309271
2.34670710068 5.19774 0.0252413
2.3530032916 5.2252 0.0312685
2.35928989445 5.24857 0.0279128
2.36555387699 5.27814 0.0287419
2.37182578571 5.30175 0.0312569
2.3781409032 5.32038 0.0299508
2.38442809259 5.35087 0.0372033
2.39069258243 5.37841 0.0323125
2.39698813839 5.40219 0.0318765
2.40330354843 5.42758 0.0385664
2.40957307365 5.45552 0.0313858
2.41583080138 5.48206 0.0327265
2.42214385676 5.50416 0.0351962
2.42843005755 5.53201 0.0369061
2.43467776878 5.56181 0.0344745
2.44097021258 5.58473 0.0356399
2.44729898127 5.61507 0.0372336
2.45356911846 5.64328 0.0414739
2.45980003814 5.66698 0.0414401
2.4661092349 5.69611 0.0401721
2.47241430729 5.72759 0.04224
2.47866355169 5.75348 0.0423141
2.48493431628 5.77843 0.0465052
2.49124283111 5.80315 0.0454307
2.49755537626 5.83653 0.0431019
2.50380379021 5.86071 0.0441966
2.51005045336 5.8879 0.0452554
2.51638815336 5.91415 0.043771
2.52269694929 5.9452 0.0456491
2.52891211798 5.97031 0.0519619
2.53519495098 5.99956 0.0521138
2.54155301509 6.02155 0.0440662
2.54783359884 6.0497 0.0506714
2.55402772623 6.08407 0.0578679
2.56033571996 6.10577 0.053474
2.56672381747 6.13094 0.0595677
2.57294751341 6.16189 0.0582729
2.57911252531 6.18814 0.0570251
2.58547549612 6.21871 0.0522083
2.59185019505 6.23475 0.0639212
2.59805932148 6.26255 0.060634
2.60429715989 6.28895 0.063089
2.61067449751 6.3193 0.0670943
2.61693283418 6.34893 0.0767096
2.62300854502 6.38032 0.0638304
2.62939753095 6.3884 0.0754296
2.63591057571 6.41401 0.0851969
2.64202978624 6.43265 0.0763675
2.64803951219 6.46314 0.0870798
2.65454096229 6.47732 0.0890972
2.66118028258 6.50174 0.0922385
2.66719514746 6.52429 0.0879401
2.67309090101 6.54292 0.0967417
2.67973176445 6.56777 0.108987
2.68646693102 6.62231 0.110264
2.69219835647 6.61822 0.135337
2.69796467721 6.63083 0.123091
2.70489193937 6.6476 0.124625
2.71182026315 6.6976 0.159817
2.71709790339 6.68941 0.181822
2.7227864466 6.73357 0.174127
2.72994784687 6.74201 0.175035
2.73706528781 6.7816 0.210469
2.74248820391 6.80262 0.351916
2.74787331837 6.82745 0.263283
2.75504313834 6.84678 0.343925
2.76219934437 6.92589 0.445283
2.76789278819 6.88267 0.691667
2.77283198247 6.78219 0.763785
2.77965581172 6.89467 1.72934
2.78599582346 nan nan
