0.0088996412247 4.41091 0.171315
0.0150791221651 4.09874 0.0901882
0.0214479018646 3.83215 0.0608344
0.0278366077649 3.63472 0.0583034
0.034350997858 3.451 0.0511054
0.0404788676143 3.3171 0.044632
0.0467671668358 3.21446 0.0449695
0.0530822510177 3.11323 0.0385631
0.0594536244094 3.02854 0.0334232
0.0657622481459 2.95825 0.030016
0.071966329067 2.89266 0.0288347
0.0782786091569 2.83605 0.0284655
0.0847039894583 2.78344 0.025993
0.0909685462053 2.74641 0.0305491
0.0972078977683 2.7129 0.0269613
0.103476303896 2.67807 0.0247597
0.109757644425 2.64939 0.0249489
0.116054308478 2.62016 0.023316
0.122366966654 2.58403 0.019649
0.128681726309 2.55379 0.0191411
0.134950080166 2.52938 0.0218635
0.141194955884 2.50752 0.01936
0.147513357575 2.48719 0.0199144
0.153786507425 2.47488 0.0229888
0.160065754405 2.45367 0.0216627
0.166399116869 2.43498 0.0220522
0.172719564578 2.41787 0.018263
0.178976521338 2.40107 0.0183818
0.185235369065 2.38299 0.0166882
0.191480678734 2.36389 0.0182237
0.197788986865 2.34951 0.0181143
0.204093773545 2.3318 0.0175693
0.210393930261 2.31973 0.01809
0.216690970982 2.30582 0.0179903
0.222970028122 2.29009 0.0163652
0.229262002709 2.2749 0.0195814
0.235514150837 2.25891 0.0185029
0.241791058382 2.24706 0.0169221
0.248085653944 2.23491 0.0172799
0.254349225687 2.2186 0.018651
0.260633425188 2.20291 0.0179834
0.26692573709 2.18973 0.0164584
0.273242334314 2.17817 0.0175153
0.279552968008 2.16537 0.0163988
0.285836629231 2.15182 0.0151925
0.292087627139 2.14093 0.0168393
0.298344984444 2.13027 0.0160505
0.304638263941 2.11124 0.0167815
0.3109279127 2.10228 0.0171869
0.317216817162 2.08745 0.0180538
0.323518756794 2.07376 0.0170701
0.329816821755 2.06387 0.0156918
0.336117642946 2.0493 0.0186103
0.342370037571 2.04145 0.0184802
0.348647819267 2.02597 0.0165975
0.354941161441 2.01047 0.0139155
0.361191693542 2.00147 0.0167174
0.367476708956 1.98732 0.0158893
0.373764779528 1.97622 0.0167647
0.380065403148 1.96222 0.017273
0.386353986126 1.95167 0.0156504
0.392614018136 1.93823 0.0152869
0.398926450032 1.92745 0.0167704
0.405207324458 1.91333 0.0155652
0.411491647757 1.90461 0.0146994
0.417781427212 1.89181 0.0168829
0.424040064873 1.87991 0.0140948
0.430342569027 1.86623 0.0157439
0.436635856026 1.85568 0.01613
0.442899618322 1.84396 0.0171486
0.449163441853 1.83352 0.0168092
0.455441414625 1.82104 0.0168216
0.46176344703 1.81001 0.0158094
0.468064424202 1.79645 0.0164978
0.474348524276 1.78559 0.0144192
0.480635613682 1.77453 0.0165086
0.486901925839 1.76387 0.0144902
0.49316970996 1.75067 0.017672
0.499450674714 1.73873 0.0186334
0.505715905134 1.72623 0.0150669
0.511992399627 1.7194 0.016964
0.518312609777 1.70748 0.0181245
0.524608963803 1.69298 0.0156563
0.530875730848 1.68296 0.0172153
0.537157352795 1.67083 0.016319
0.543457956378 1.65847 0.0152617
0.549743065239 1.64792 0.0152515
0.55599374275 1.63839 0.0153767
0.562285467661 1.62663 0.0157377
0.568601153723 1.61223 0.0148445
0.574880458942 1.60266 0.017436
0.581155021034 1.59266 0.0156616
0.587439449666 1.58216 0.016442
0.59371762203 1.56797 0.016958
0.599997195479 1.55893 0.0149407
0.606267911512 1.54564 0.013839
0.612546957644 1.5349 0.0134079
0.618847773304 1.52666 0.0144696
0.625131056744 1.5148 0.0154255
0.631402745038 1.50245 0.015594
0.637700356273 1.49264 0.015544
0.643985778331 1.48296 0.0163861
0.650268541717 1.47292 0.0188932
0.65655861177 1.4608 0.0136743
0.662836928236 1.45095 0.0159555
0.669118544496 1.44163 0.015712
0.675407019858 1.43286 0.019676
0.681683551459 1.42329 0.0156159
0.687959253386 1.40696 0.0182615
0.694234431704 1.39944 0.0157119
0.700517540243 1.39295 0.0152052
0.706812495661 1.37981 0.0148368
0.713101900967 1.36817 0.0156513
0.719391825117 1.35845 0.0186468
0.72568338076 1.34765 0.0177794
0.731965268271 1.33916 0.0174926
0.738250799048 1.32928 0.0160261
0.744526584212 1.31737 0.0165796
0.750787110194 1.30873 0.0174281
0.757075846532 1.30052 0.0156114
0.76336412336 1.29039 0.0169149
0.769646295986 1.28212 0.0163646
0.775939486518 1.27205 0.015929
0.782232914199 1.26423 0.0166617
0.788531493652 1.25361 0.0164274
0.794789656698 1.24131 0.0180922
0.801049109659 1.2331 0.0175115
0.807336406173 1.22675 0.0181465
0.813622948837 1.21762 0.0170185
0.819915299896 1.20748 0.0162934
0.826195263639 1.20163 0.0195065
0.832489707008 1.19348 0.0168184
0.838795930921 1.18444 0.0185385
0.84506346397 1.17471 0.0182341
0.851328286756 1.16171 0.0180855
0.85761982639 1.15932 0.0163139
0.863905847706 1.15018 0.0201521
0.870183874549 1.14242 0.0185698
0.876464109608 1.1322 0.019711
0.88275038734 1.12787 0.0205612
0.889033276839 1.12052 0.0191087
0.895308424711 1.10846 0.0180352
0.901595652167 1.1056 0.018822
0.907883332809 1.0962 0.0200169
0.914174410632 1.08978 0.0181182
0.920463081772 1.08553 0.018972
0.926743441526 1.07723 0.0190928
0.933032419735 1.07232 0.019716
0.939326578557 1.06693 0.020164
0.94559748104 1.06083 0.0174237
0.951866001855 1.05391 0.0193432
0.958141325553 1.04563 0.0189627
0.964435094511 1.04682 0.0219676
0.970735563357 1.03818 0.0228689
0.977008076845 1.03387 0.0191367
0.983282332536 1.03111 0.0226556
0.989556969197 1.02622 0.0214882
0.995845630192 1.01954 0.0221514
1.00213621074 1.0171 0.0201714
1.00840482534 1.01652 0.0208544
1.01469414984 1.01191 0.0223518
1.02099255544 1.01322 0.0188072
1.02727398044 1.00988 0.0217065
1.0335591819 1.00601 0.0192056
1.03984755739 1.00602 0.0219625
1.04612697494 1.00393 0.0209238
1.05240343681 1.00254 0.0214493
1.05868070465 1.0005 0.0211078
1.06496433307 1.0031 0.0215202
1.07125677744 1.00026 0.0215641
1.0775440488 1.0082 0.0207557
1.08382482019 1.00401 0.0188772
1.09010802394 1.002 0.0216397
1.09638966596 1.0088 0.0210617
1.10268113206 1.00726 0.0217403
1.10896304759 1.01353 0.0205447
1.11522542846 1.01375 0.0212986
1.12150212761 1.01572 0.0211288
1.12779257382 1.02128 0.0175269
1.13408955267 1.02804 0.0196571
1.14036404965 1.03148 0.0192157
1.14663918032 1.03688 0.0206853
1.15294241299 1.03958 0.0196279
1.15922890675 1.04943 0.0191789
1.16550872189 1.05542 0.0187382
1.17179307626 1.06652 0.0199474
1.17808743637 1.07031 0.0214776
1.18436765425 1.07803 0.0228338
1.1906346423 1.09055 0.020324
1.19691220883 1.09736 0.0191179
1.20320157735 1.10347 0.0209376
1.20948684444 1.11799 0.0190167
1.21576390207 1.12751 0.0181412
1.22204975517 1.13804 0.023218
1.22834061662 1.14797 0.0175399
1.23463298658 1.15916 0.0212172
1.24090224718 1.17361 0.0179597
1.24717483914 1.18276 0.0192771
1.25346545993 1.20221 0.017263
1.25974995189 1.21465 0.0203715
1.26603214313 1.22687 0.0194742
1.27231628847 1.24239 0.0193533
1.27860415506 1.25605 0.0175829
1.28488658893 1.27335 0.0160969
1.29117542007 1.28994 0.0180703
1.29746572637 1.30827 0.018042
1.30374182701 1.32311 0.0174322
1.31001732292 1.33866 0.0163403
1.31630144766 1.35909 0.0153764
1.32258676036 1.37639 0.0176997
1.32886549245 1.39641 0.0169085
1.33514480495 1.41554 0.0161388
1.34144051627 1.43266 0.0173442
1.34773086842 1.4562 0.0165814
1.35400158999 1.47731 0.0154834
1.3602826093 1.49694 0.0176518
1.36656568646 1.51675 0.0178528
1.37285149848 1.53826 0.0157102
1.37913537293 1.56256 0.016745
1.38540956715 1.58625 0.01579
1.39169864122 1.60934 0.0159754
1.39798445144 1.63284 0.0146043
1.40426788341 1.65477 0.016502
1.41055477948 1.67916 0.0154308
1.41683783355 1.70213 0.0146885
1.42311817719 1.7283 0.0159823
1.42939780116 1.75157 0.0158883
1.43568692182 1.77959 0.0149651
1.44197712177 1.80559 0.013828
1.44825366785 1.83368 0.0156181
1.45453234897 1.8583 0.0163102
1.46081931915 1.88656 0.0143203
1.4671103644 1.91281 0.013827
1.47339290895 1.94065 0.0132863
1.47966996524 1.96983 0.0127483
1.4859561446 1.99655 0.0146617
1.49223361076 2.0256 0.0134051
1.49850247038 2.05419 0.0163893
1.50478575205 2.08099 0.0141321
1.51107599189 2.11163 0.0140572
1.51736163499 2.14226 0.0128554
1.52364857097 2.17054 0.0137447
1.52993803572 2.20173 0.0129381
1.53623017691 2.23321 0.0138996
1.54251071878 2.26131 0.0110533
1.54878396308 2.29379 0.013137
1.55507306978 2.32382 0.0137574
1.56135732493 2.35606 0.0122431
1.56762912105 2.38737 0.0136717
1.5739136974 2.41997 0.0133223
1.58020354523 2.4484 0.012874
1.58648539343 2.48244 0.0146788
1.59276001426 2.51394 0.0133197
1.59904643639 2.54436 0.0133086
1.60534213664 2.57939 0.0131369
1.61161976836 2.61724 0.0145024
1.61789716835 2.61438 0.0120611
1.62418270854 2.62833 0.0134757
1.63046407995 2.64547 0.0125808
1.63674824683 2.66022 0.0124926
1.64303013827 2.67525 0.0128539
1.64930808063 2.69016 0.0135532
1.65559224863 2.70347 0.0122949
1.66187827598 2.72037 0.0135874
1.66816823994 2.73725 0.0125182
1.6744495611 2.75203 0.0132719
1.68072138563 2.7688 0.014255
1.68701215424 2.78521 0.0141395
1.6933074808 2.80082 0.0153786
1.69958064303 2.81738 0.0137882
1.70586179344 2.83637 0.0139898
1.71215172419 2.85574 0.0140637
1.71843538617 2.87221 0.0143434
1.72471844694 2.88754 0.0135499
1.73099491844 2.90886 0.0150181
1.73728636032 2.92577 0.015222
1.74356630258 2.94212 0.0148816
1.74983600778 2.96169 0.0131105
1.75612327869 2.98139 0.0139764
1.76241061606 2.99913 0.0158489
1.76869357896 3.01989 0.0145779
1.77497674839 3.0388 0.0148641
1.78126362161 3.05836 0.0140858
1.78754574761 3.07864 0.0149572
1.7938272923 3.09953 0.0163045
1.80010772174 3.12087 0.0165613
1.80639091391 3.13952 0.015148
1.81267451427 3.15952 0.0149421
1.81895363524 3.18189 0.0144696
1.82523850291 3.20513 0.015001
1.8315236862 3.22386 0.016525
1.83781040898 3.24773 0.0148798
1.84409642612 3.26834 0.0158461
1.8503769215 3.29149 0.0147984
1.85666074594 3.31037 0.0160151
1.86294359809 3.33424 0.0161181
1.86922204917 3.35922 0.0170105
1.87550781357 3.38217 0.0156714
1.88179499507 3.40512 0.0166585
1.88807781314 3.42833 0.0155538
1.89435244502 3.45104 0.0160295
1.90063796885 3.47686 0.0158041
1.90692833723 3.50146 0.0158056
1.91320221586 3.52582 0.0163991
1.91948223445 3.551 0.0154993
1.92577010575 3.57362 0.0177938
1.93206491035 3.60145 0.0152826
1.93834071151 3.62179 0.0172311
1.94460828613 3.6501 0.0177771
1.9508968614 3.67625 0.0161552
1.95718811973 3.69993 0.0159045
1.96347509207 3.72785 0.0170817
1.9697553281 3.75417 0.017594
1.9760413775 3.78047 0.0186913
1.98233260336 3.80574 0.0168686
1.98861171931 3.83489 0.0178978
1.99488792869 3.85775 0.0178787
2.00117304134 3.88702 0.0171839
2.00745262249 3.91397 0.0187752
2.01372721862 3.93806 0.0184816
2.02001108039 3.96861 0.0188401
2.02630405283 3.99196 0.0171809
2.03258735828 4.02228 0.0185021
2.03886100377 4.05129 0.0197195
2.04514489951 4.07756 0.0186582
2.05143683626 4.10623 0.019591
2.05772382203 4.13347 0.0193405
2.0640044634 4.16223 0.0201972
2.07029278421 4.19026 0.0188278
2.07658471853 4.21744 0.0209297
2.08285424307 4.24524 0.0218323
2.08912259138 4.2696 0.0208742
2.09541730178 4.29999 0.0205432
2.10170304464 4.3301 0.0205839
2.10797273337 4.35573 0.0221889
2.11425579676 4.38531 0.0209815
2.12053788985 4.40904 0.0201121
2.12682075079 4.44325 0.0201861
2.13310670204 4.46746 0.0216523
2.13940011923 4.495 0.0210489
2.14568939859 4.52315 0.0208739
2.15195789682 4.55011 0.0218508
2.15824033347 4.57848 0.0211452
2.16453048092 4.60214 0.020192
2.17081716829 4.62977 0.0226541
2.17709912993 4.65768 0.0215818
2.18337674027 4.67979 0.0203833
2.18965452646 4.70746 0.0232507
2.19593814184 4.72686 0.0245287
2.20221722867 4.76001 0.0217484
2.20849850085 4.77889 0.0224086
2.21479372465 4.8092 0.0230159
2.22107581834 4.83006 0.0238718
2.22733812199 4.85101 0.0239975
2.23362792264 4.87736 0.022371
2.2399287897 4.89693 0.0223411
2.24620084223 4.91947 0.0271141
2.2524810722 4.93502 0.0233219
2.25875993301 4.95574 0.0232216
2.26503776668 4.97387 0.0271026
2.27130391144 4.99171 0.0265367
2.27758972822 5.00711 0.0248832
2.28389830542 5.02556 0.0291727
2.29017001225 5.04746 0.0280604
2.29645357402 5.068 0.026136
2.30275372852 5.08978 0.0237682
2.30903325986 5.11203 0.0274351
2.31530674049 5.13446 0.0281995
2.32158490306 5.15791 0.0272996
2.3278758488 5.17689 0.0277833
2.33415543799 5.20497 0.0290781
2.34041936871 5.23089 0.0321569
2.34670710068 5.24967 0.0265317
2.3530032916 5.27634 0.0332309
2.35928989445 5.2992 0.0303443
2.36555387699 5.33085 0.0288441
2.37182578571 5.35313 0.0324488
2.3781409032 5.37448 0.0300285
2.38442809259 5.40393 0.0357589
2.39069258243 5.43048 0.0310683
2.39698813839 5.45363 0.0339351
2.40330354843 5.48216 0.0412141
2.40957307365 5.50995 0.0336016
2.41583080138 5.53754 0.0342713
2.42214385676 5.55886 0.0353195
2.42843005755 5.58634 0.0366996
2.43467776878 5.6179 0.0386383
2.44097021258 5.64318 0.0364976
2.44729898127 5.67357 0.0386216
2.45356911846 5.69915 0.0395169
2.45980003814 5.72186 0.0441675
2.4661092349 5.7533 0.0421925
2.47241430729 5.78491 0.0440947
2.47866355169 5.80993 0.0422724
2.48493431628 5.83157 0.0474991
2.49124283111 5.86259 0.0459571
2.49755537626 5.89301 0.0432225
2.50380379021 5.91796 0.0440006
2.51005045336 5.94605 0.0465753
2.51638815336 5.97167 0.0465362
2.52269694929 5.99952 0.046732
2.52891211798 6.03034 0.0499352
2.53519495098 6.05582 0.0541669
2.54155301509 6.0822 0.0481366
2.54783359884 6.1048 0.0517563
2.55402772623 6.14514 0.0549234
2.56033571996 6.17015 0.0542381
2.56672381747 6.1916 0.0606862
2.57294751341 6.21995 0.0572771
2.57911252531 6.24981 0.0574502
2.58547549612 6.27807 0.0546573
2.59185019505 6.29825 0.0588796
2.59805932148 6.32311 0.063769
2.60429715989 6.35145 0.0626963
2.61067449751 6.37584 0.067004
2.61693283418 6.40676 0.076098
2.62300854502 6.43847 0.066071
2.62939753095 6.44745 0.0717411
2.63591057571 6.47573 0.0740977
2.64202978624 6.4925 0.0788113
2.64803951219 6.51894 0.0823923
2.65454096229 6.53812 0.0862459
2.66118028258 6.56701 0.0995652
2.66719514746 6.57795 0.0952559
2.67309090101 6.60801 0.0940923
2.67973176445 6.62683 0.110836
2.68646693102 6.68582 0.114474
2.69219835647 6.68471 0.132303
2.69796467721 6.69109 0.125044
2.70489193937 6.7125 0.125165
2.71182026315 6.75803 0.164463
2.71709790339 6.74965 0.180699
2.7227864466 6.79529 0.16308
2.72994784687 6.7925 0.172045
2.73706528781 6.83738 0.198933
2.74248820391 6.85154 0.325966
2.74787331837 6.89313 0.25922
2.75504313834 6.92557 0.33481
2.76219934437 6.95829 0.44234
2.76789278819 6.93432 0.734303
2.77283198247 6.79774 0.725755
2.77965581172 7.11718 1.65967
2.78599582346 nan nan
