0.0088996412247 2.37356 0.098473
0.0150791221651 2.26843 0.0543768
0.0214479018646 2.18391 0.0407005
0.0278366077649 2.11602 0.0382405
0.034350997858 2.05261 0.0269613
0.0404788676143 2.01154 0.0319144
0.0467671668358 1.97968 0.0240136
0.0530822510177 1.95031 0.0249623
0.0594536244094 1.92866 0.0197947
0.0657622481459 1.90828 0.0193277
0.071966329067 1.88902 0.0177629
0.0782786091569 1.87285 0.0189814
0.0847039894583 1.85296 0.0183748
0.0909685462053 1.83915 0.0226561
0.0972078977683 1.82467 0.0162645
0.103476303896 1.81082 0.0174174
0.109757644425 1.80706 0.0172239
0.116054308478 1.79729 0.0167541
0.122366966654 1.79026 0.016832
0.128681726309 1.77805 0.0170221
0.134950080166 1.77173 0.0170515
0.141194955884 1.76112 0.0151833
0.147513357575 1.75142 0.0160838
0.153786507425 1.74234 0.0160144
0.160065754405 1.73375 0.0168701
0.166399116869 1.72452 0.0180811
0.172719564578 1.71759 0.0166731
0.178976521338 1.71077 0.0159534
0.185235369065 1.70749 0.0169087
0.191480678734 1.70131 0.0151709
0.197788986865 1.69341 0.0165204
0.204093773545 1.68321 0.0170623
0.210393930261 1.67575 0.0156105
0.216690970982 1.66684 0.0157448
0.222970028122 1.65743 0.0176435
0.229262002709 1.65387 0.0169325
0.235514150837 1.64409 0.0165986
0.241791058382 1.63756 0.0173974
0.248085653944 1.62957 0.0165416
0.254349225687 1.62304 0.0165328
0.260633425188 1.61379 0.0171359
0.26692573709 1.60588 0.0147949
0.273242334314 1.60005 0.0162692
0.279552968008 1.58993 0.0161413
0.285836629231 1.58228 0.0172679
0.292087627139 1.57446 0.0184496
0.298344984444 1.56925 0.0159999
0.304638263941 1.55766 0.0170789
0.3109279127 1.55322 0.0163047
0.317216817162 1.54248 0.0170787
0.323518756794 1.53398 0.0155895
0.329816821755 1.52854 0.0150031
0.336117642946 1.52075 0.0167501
0.342370037571 1.51223 0.0172196
0.348647819267 1.50066 0.0145227
0.354941161441 1.49359 0.0159506
0.361191693542 1.48781 0.0178601
0.367476708956 1.481 0.0161514
0.373764779528 1.47287 0.015504
0.380065403148 1.46259 0.0173679
0.386353986126 1.45413 0.0166189
0.392614018136 1.44658 0.0182513
0.398926450032 1.44014 0.0169208
0.405207324458 1.43133 0.0153454
0.411491647757 1.42245 0.01725
0.417781427212 1.41636 0.0173273
0.424040064873 1.40846 0.019528
0.430342569027 1.39995 0.0157153
0.436635856026 1.39532 0.0152402
0.442899618322 1.38437 0.0185918
0.449163441853 1.37792 0.0158561
0.455441414625 1.3686 0.0184948
0.46176344703 1.36335 0.0175237
0.468064424202 1.35653 0.018296
0.474348524276 1.34708 0.0164837
0.480635613682 1.3399 0.0155491
0.486901925839 1.32894 0.0177975
0.49316970996 1.32126 0.0196948
0.499450674714 1.3158 0.0182937
0.505715905134 1.30837 0.0178629
0.511992399627 1.29954 0.0175846
0.518312609777 1.2916 0.0209425
0.524608963803 1.28268 0.0173679
0.530875730848 1.27901 0.0182581
0.537157352795 1.26817 0.0168133
0.543457956378 1.26179 0.0174794
0.549743065239 1.24954 0.0168676
0.55599374275 1.24539 0.0177966
0.562285467661 1.23978 0.0176636
0.568601153723 1.23031 0.0172216
0.574880458942 1.22202 0.0198153
0.581155021034 1.21571 0.018293
0.587439449666 1.20909 0.0203928
0.59371762203 1.19939 0.0177633
0.599997195479 1.19387 0.0175313
0.606267911512 1.18345 0.0168315
0.612546957644 1.17717 0.0154759
0.618847773304 1.17311 0.019564
0.625131056744 1.168 0.0172472
0.631402745038 1.15623 0.0172915
0.637700356273 1.14891 0.019102
0.643985778331 1.14211 0.017915
0.650268541717 1.13711 0.0182457
0.65655861177 1.13099 0.0177818
0.662836928236 1.12484 0.0154222
0.669118544496 1.1161 0.0173403
0.675407019858 1.11241 0.020766
0.681683551459 1.10076 0.0195934
0.687959253386 1.09189 0.0184302
0.694234431704 1.08853 0.018545
0.700517540243 1.0829 0.0174724
0.706812495661 1.07343 0.0184635
0.713101900967 1.06678 0.0190179
0.719391825117 1.06382 0.0195534
0.72568338076 1.05487 0.0198831
0.731965268271 1.04857 0.018507
0.738250799048 1.04343 0.0205723
0.744526584212 1.0376 0.0202564
0.750787110194 1.02889 0.0186845
0.757075846532 1.02609 0.0212834
0.76336412336 1.01801 0.0207186
0.769646295986 1.01542 0.0194579
0.775939486518 1.00785 0.0211974
0.782232914199 1.00341 0.019563
0.788531493652 0.996738 0.0207575
0.794789656698 0.990848 0.0181559
0.801049109659 0.987849 0.0193892
0.807336406173 0.980227 0.0209902
0.813622948837 0.974153 0.0220974
0.819915299896 0.973667 0.0197433
0.826195263639 0.966915 0.0210675
0.832489707008 0.96129 0.019957
0.838795930921 0.95539 0.0208959
0.84506346397 0.949125 0.0184469
0.851328286756 0.945096 0.0182259
0.85761982639 0.944869 0.0196162
0.863905847706 0.937314 0.0219687
0.870183874549 0.933903 0.0219367
0.876464109608 0.932299 0.0205254
0.88275038734 0.927811 0.0207702
0.889033276839 0.925093 0.0217167
0.895308424711 0.919083 0.021849
0.901595652167 0.914635 0.0253906
0.907883332809 0.912578 0.0228475
0.914174410632 0.908531 0.0202583
0.920463081772 0.907092 0.0203937
0.926743441526 0.907165 0.0221307
0.933032419735 0.902327 0.0226097
0.939326578557 0.902443 0.0201597
0.94559748104 0.90413 0.0209406
0.951866001855 0.896351 0.0213546
0.958141325553 0.891761 0.0207353
0.964435094511 0.893684 0.0225409
0.970735563357 0.893797 0.0211651
0.977008076845 0.893607 0.0212547
0.983282332536 0.889741 0.022399
0.989556969197 0.892043 0.0198652
0.995845630192 0.893283 0.022691
1.00213621074 0.890209 0.022713
1.00840482534 0.892813 0.0196823
1.01469414984 0.896362 0.0233023
1.02099255544 0.896459 0.0203421
1.02727398044 0.900569 0.0237445
1.0335591819 0.899174 0.0200196
1.03984755739 0.899488 0.0204969
1.04612697494 0.904824 0.0241813
1.05240343681 0.908538 0.0199675
1.05868070465 0.908544 0.0229367
1.06496433307 0.916034 0.0205502
1.07125677744 0.919616 0.0200499
1.0775440488 0.926198 0.0213297
1.08382482019 0.929671 0.0193968
1.09010802394 0.929005 0.0189981
1.09638966596 0.937874 0.0212034
1.10268113206 0.942113 0.0188989
1.10896304759 0.949158 0.0199062
1.11522542846 0.958348 0.0199442
1.12150212761 0.964816 0.0210283
1.12779257382 0.970418 0.0210657
1.13408955267 0.977964 0.0206556
1.14036404965 0.986691 0.0206315
1.14663918032 0.994319 0.0228045
1.15294241299 1.00217 0.0186086
1.15922890675 1.01404 0.0197383
1.16550872189 1.02258 0.0177469
1.17179307626 1.0329 0.0214115
1.17808743637 1.04195 0.0202744
1.18436765425 1.05383 0.0196072
1.1906346423 1.06542 0.018138
1.19691220883 1.07609 0.0192234
1.20320157735 1.08674 0.0175454
1.20948684444 1.10088 0.0172425
1.21576390207 1.11444 0.0173797
1.22204975517 1.124 0.0210732
1.22834061662 1.13943 0.016652
1.23463298658 1.15274 0.0172111
1.24090224718 1.16725 0.0172856
1.24717483914 1.18142 0.0180581
1.25346545993 1.20068 0.0177779
1.25974995189 1.21366 0.0170562
1.26603214313 1.22991 0.0149614
1.27231628847 1.24749 0.0181584
1.27860415506 1.26029 0.0177827
1.28488658893 1.27801 0.0160158
1.29117542007 1.29592 0.0143227
1.29746572637 1.31674 0.0166
1.30374182701 1.33139 0.0163415
1.31001732292 1.34896 0.0172426
1.31630144766 1.37179 0.0152313
1.32258676036 1.38919 0.0153418
1.32886549245 1.40986 0.0135041
1.33514480495 1.42889 0.01627
1.34144051627 1.45124 0.0146318
1.34773086842 1.4698 0.0154804
1.35400158999 1.49215 0.0152608
1.3602826093 1.51345 0.0153878
1.36656568646 1.53431 0.0142576
1.37285149848 1.55684 0.0138848
1.37913537293 1.58087 0.0153767
1.38540956715 1.60306 0.0138347
1.39169864122 1.62711 0.0144559
1.39798445144 1.65066 0.0146179
1.40426788341 1.67439 0.0149105
1.41055477948 1.69866 0.0141713
1.41683783355 1.72434 0.014898
1.42311817719 1.74902 0.01499
1.42939780116 1.77167 0.0129007
1.43568692182 1.80044 0.0128389
1.44197712177 1.82744 0.0133628
1.44825366785 1.85383 0.0130861
1.45453234897 1.88103 0.0146599
1.46081931915 1.90674 0.0139858
1.4671103644 1.93362 0.0133535
1.47339290895 1.96185 0.0118227
1.47966996524 1.98988 0.013587
1.4859561446 2.01625 0.0135642
1.49223361076 2.04654 0.0120179
1.49850247038 2.07501 0.0144774
1.50478575205 2.10204 0.0131299
1.51107599189 2.13016 0.0138756
1.51736163499 2.16339 0.0111736
1.52364857097 2.19044 0.0143537
1.52993803572 2.22181 0.0134374
1.53623017691 2.25125 0.0122208
1.54251071878 2.28053 0.0110073
1.54878396308 2.31225 0.0123833
1.55507306978 2.34341 0.0104911
1.56135732493 2.37392 0.0111327
1.56762912105 2.40307 0.01248
1.5739136974 2.43702 0.0111009
1.58020354523 2.46708 0.0125446
1.58648539343 2.49959 0.0122605
1.59276001426 2.52907 0.0115622
1.59904643639 2.56269 0.0121986
1.60534213664 2.59619 0.0117928
1.61161976836 2.61667 0.0122219
1.61789716835 2.63161 0.0118286
1.62418270854 2.64705 0.0124563
1.63046407995 2.66279 0.0113331
1.63674824683 2.67857 0.0118755
1.64303013827 2.69245 0.012246
1.64930808063 2.70931 0.0133083
1.65559224863 2.72239 0.0121555
1.66187827598 2.73926 0.0123113
1.66816823994 2.7559 0.0108219
1.6744495611 2.77088 0.0130382
1.68072138563 2.78794 0.012703
1.68701215424 2.80417 0.0129375
1.6933074808 2.81903 0.0143355
1.69958064303 2.83536 0.0124585
1.70586179344 2.85472 0.0138408
1.71215172419 2.87454 0.0124265
1.71843538617 2.89064 0.0128255
1.72471844694 2.90515 0.0117616
1.73099491844 2.92636 0.013353
1.73728636032 2.94352 0.0135714
1.74356630258 2.9608 0.0143305
1.74983600778 2.97834 0.0126831
1.75612327869 2.99957 0.0135784
1.76241061606 3.0176 0.0135567
1.76869357896 3.03419 0.0131728
1.77497674839 3.05525 0.0135881
1.78126362161 3.07344 0.0129824
1.78754574761 3.09369 0.0117477
1.7938272923 3.11507 0.0143644
1.80010772174 3.13505 0.0143728
1.80639091391 3.15326 0.0130769
1.81267451427 3.17429 0.0134429
1.81895363524 3.19515 0.0145024
1.82523850291 3.21779 0.0140789
1.8315236862 3.23583 0.0152944
1.83781040898 3.25896 0.0135705
1.84409642612 3.2792 0.0156614
1.8503769215 3.30239 0.013724
1.85666074594 3.32205 0.0134953
1.86294359809 3.34437 0.0147933
1.86922204917 3.36874 0.0145568
1.87550781357 3.38995 0.014158
1.88179499507 3.41321 0.0144468
1.88807781314 3.43755 0.0140938
1.89435244502 3.45939 0.0155317
1.90063796885 3.48318 0.0159462
1.90692833723 3.50703 0.0152589
1.91320221586 3.53186 0.0153143
1.91948223445 3.55644 0.0159009
1.92577010575 3.57884 0.0163063
1.93206491035 3.6056 0.0150179
1.93834071151 3.62561 0.0159208
1.94460828613 3.65401 0.0173176
1.9508968614 3.67861 0.0167334
1.95718811973 3.70225 0.0169982
1.96347509207 3.72858 0.0166499
1.9697553281 3.75431 0.0157326
1.9760413775 3.77982 0.0175861
1.98233260336 3.80622 0.0166403
1.98861171931 3.83343 0.016481
1.99488792869 3.85781 0.0169933
2.00117304134 3.88446 0.016524
2.00745262249 3.91335 0.0157601
2.01372721862 3.93646 0.0181354
2.02001108039 3.96598 0.0176179
2.02630405283 3.98947 0.016286
2.03258735828 4.01763 0.0174523
2.03886100377 4.0467 0.0180708
2.04514489951 4.07176 0.0185996
2.05143683626 4.10065 0.0191363
2.05772382203 4.12833 0.0188686
2.0640044634 4.15549 0.018764
2.07029278421 4.18439 0.0189481
2.07658471853 4.20841 0.019077
2.08285424307 4.23783 0.0196615
2.08912259138 4.2635 0.0193215
2.09541730178 4.29201 0.0194307
2.10170304464 4.32105 0.0184851
2.10797273337 4.34721 0.0200447
2.11425579676 4.37417 0.0210505
2.12053788985 4.39862 0.0192217
2.12682075079 4.43032 0.0210324
2.13310670204 4.45442 0.0196094
2.13940011923 4.48245 0.019859
2.14568939859 4.51195 0.0206098
2.15195789682 4.53677 0.0197716
2.15824033347 4.56532 0.0206431
2.16453048092 4.58576 0.0219741
2.17081716829 4.61601 0.0225767
2.17709912993 4.64268 0.0233468
2.18337674027 4.66405 0.0204319
2.18965452646 4.69161 0.0214635
2.19593814184 4.71166 0.0234512
2.20221722867 4.74239 0.0212088
2.20849850085 4.76217 0.0219173
2.21479372465 4.78919 0.022262
2.22107581834 4.81145 0.0235338
2.22733812199 4.83367 0.0250318
2.23362792264 4.85757 0.0237705
2.2399287897 4.87696 0.0240045
2.24620084223 4.89903 0.0247743
2.2524810722 4.91509 0.0234209
2.25875993301 4.93603 0.0252266
2.26503776668 4.95208 0.025454
2.27130391144 4.96936 0.0272397
2.27758972822 4.98364 0.0267664
2.28389830542 5.00386 0.0289834
2.29017001225 5.02203 0.027741
2.29645357402 5.04302 0.0261669
2.30275372852 5.06435 0.0248493
2.30903325986 5.08718 0.0303434
2.31530674049 5.10813 0.0279125
2.32158490306 5.13095 0.0257312
2.3278758488 5.14972 0.0279079
2.33415543799 5.17452 0.0260446
2.34041936871 5.19916 0.0319746
2.34670710068 5.21999 0.026862
2.3530032916 5.24731 0.0296916
2.35928989445 5.27286 0.0313741
2.36555387699 5.29548 0.0318171
2.37182578571 5.32016 0.0316922
2.3781409032 5.3411 0.0325855
2.38442809259 5.36995 0.0352434
2.39069258243 5.39638 0.0328322
2.39698813839 5.42034 0.030648
2.40330354843 5.44722 0.0356111
2.40957307365 5.47591 0.0321514
2.41583080138 5.50305 0.0324879
2.42214385676 5.52659 0.0357407
2.42843005755 5.55176 0.0368524
2.43467776878 5.57701 0.0369949
2.44097021258 5.60592 0.0332318
2.44729898127 5.63143 0.0386966
2.45356911846 5.65882 0.0404334
2.45980003814 5.6807 0.0390375
2.4661092349 5.71429 0.0376403
2.47241430729 5.73931 0.040907
2.47866355169 5.7647 0.0394711
2.48493431628 5.79025 0.0426129
2.49124283111 5.82369 0.0431829
2.49755537626 5.85573 0.0420162
2.50380379021 5.87815 0.0391733
2.51005045336 5.90979 0.0463359
2.51638815336 5.93101 0.0428824
2.52269694929 5.95992 0.0445051
2.52891211798 5.98682 0.0513263
2.53519495098 6.00646 0.0492741
2.54155301509 6.03609 0.0492108
2.54783359884 6.06105 0.0523184
2.55402772623 6.09968 0.0518422
2.56033571996 6.11994 0.0491523
2.56672381747 6.14846 0.0564995
2.57294751341 6.17621 0.0549132
2.57911252531 6.20001 0.0538595
2.58547549612 6.23282 0.055309
2.59185019505 6.24506 0.06016
2.59805932148 6.26816 0.0645985
2.60429715989 6.29949 0.0626743
2.61067449751 6.33295 0.0578591
2.61693283418 6.35675 0.0720797
2.62300854502 6.38247 0.0659443
2.62939753095 6.39856 0.0717589
2.63591057571 6.42169 0.0699886
2.64202978624 6.44275 0.0759006
2.64803951219 6.46917 0.0926604
2.65454096229 6.48749 0.0867549
2.66118028258 6.51118 0.0895094
2.66719514746 6.53915 0.0978653
2.67309090101 6.55907 0.0951808
2.67973176445 6.58115 0.101774
2.68646693102 6.62374 0.113935
2.69219835647 6.61747 0.128089
2.69796467721 6.62833 0.136645
2.70489193937 6.66077 0.119484
2.71182026315 6.69644 0.130265
2.71709790339 6.70951 0.156298
2.7227864466 6.7304 0.158224
2.72994784687 6.73028 0.174439
2.73706528781 6.80175 0.207736
2.74248820391 6.77236 0.2639
2.74787331837 6.81444 0.265226
2.75504313834 6.85238 0.327869
2.76219934437 6.87646 0.457967
2.76789278819 6.78416 0.728588
2.77283198247 6.80952 0.765054
2.77965581172 7.01067 1.65084
2.78599582346 nan nan
