0.0088996412247 0.979197 0.13137
0.0150791221651 1.01016 0.0677697
0.0214479018646 1.03778 0.0421165
0.0278366077649 1.06797 0.0388436
0.034350997858 1.09609 0.0310241
0.0404788676143 1.11163 0.0291173
0.0467671668358 1.13071 0.0266003
0.0530822510177 1.1561 0.0265374
0.0594536244094 1.17072 0.0219625
0.0657622481459 1.18481 0.0202862
0.071966329067 1.20225 0.0193839
0.0782786091569 1.21348 0.0203122
0.0847039894583 1.21471 0.0209627
0.0909685462053 1.21796 0.0211899
0.0972078977683 1.22023 0.0194113
0.103476303896 1.22869 0.0218516
0.109757644425 1.23278 0.0211285
0.116054308478 1.23967 0.0214455
0.122366966654 1.24908 0.0199623
0.128681726309 1.25153 0.0192016
0.134950080166 1.2546 0.0185567
0.141194955884 1.24682 0.01853
0.147513357575 1.24585 0.0166402
0.153786507425 1.23778 0.0168318
0.160065754405 1.23358 0.0188537
0.166399116869 1.23231 0.0183772
0.172719564578 1.23415 0.017944
0.178976521338 1.2314 0.019964
0.185235369065 1.23086 0.0180523
0.191480678734 1.22968 0.0169511
0.197788986865 1.23097 0.019106
0.204093773545 1.2229 0.019191
0.210393930261 1.2199 0.0186108
0.216690970982 1.21234 0.0186571
0.222970028122 1.20185 0.0164847
0.229262002709 1.19818 0.0188942
0.235514150837 1.1934 0.0216692
0.241791058382 1.19135 0.0201429
0.248085653944 1.18538 0.020064
0.254349225687 1.18275 0.0192444
0.260633425188 1.17808 0.0183361
0.26692573709 1.17339 0.0188867
0.273242334314 1.16733 0.0175195
0.279552968008 1.16148 0.0188491
0.285836629231 1.15267 0.0193386
0.292087627139 1.14864 0.0181667
0.298344984444 1.14423 0.0207138
0.304638263941 1.13077 0.0181154
0.3109279127 1.12581 0.0163967
0.317216817162 1.12397 0.0184155
0.323518756794 1.11681 0.0193785
0.329816821755 1.11023 0.0182728
0.336117642946 1.10568 0.020684
0.342370037571 1.09883 0.0216396
0.348647819267 1.09605 0.0169137
0.354941161441 1.08549 0.0192941
0.361191693542 1.07653 0.0195615
0.367476708956 1.07126 0.0220034
0.373764779528 1.065 0.0174331
0.380065403148 1.0565 0.0211589
0.386353986126 1.05475 0.0180404
0.392614018136 1.04512 0.0212177
0.398926450032 1.04027 0.0172741
0.405207324458 1.03228 0.0200766
0.411491647757 1.02794 0.0192791
0.417781427212 1.01642 0.0220873
0.424040064873 1.0127 0.0190855
0.430342569027 1.00312 0.0195258
0.436635856026 0.997804 0.0187269
0.442899618322 0.993726 0.0204854
0.449163441853 0.986992 0.0200526
0.455441414625 0.98025 0.0221523
0.46176344703 0.972869 0.022915
0.468064424202 0.962682 0.0216142
0.474348524276 0.959692 0.0218433
0.480635613682 0.952935 0.0221277
0.486901925839 0.950079 0.0189686
0.49316970996 0.938687 0.0214175
0.499450674714 0.937641 0.0211143
0.505715905134 0.921811 0.0242798
0.511992399627 0.921828 0.0206451
0.518312609777 0.915959 0.0202203
0.524608963803 0.904509 0.0223658
0.530875730848 0.898775 0.0178278
0.537157352795 0.897474 0.0218022
0.543457956378 0.890217 0.0229735
0.549743065239 0.881287 0.0208727
0.55599374275 0.876847 0.0205679
0.562285467661 0.871341 0.0201695
0.568601153723 0.863474 0.0232988
0.574880458942 0.858223 0.0228884
0.581155021034 0.849525 0.0242584
0.587439449666 0.84525 0.0243939
0.59371762203 0.835564 0.0227647
0.599997195479 0.834086 0.0220494
0.606267911512 0.826468 0.0236518
0.612546957644 0.817947 0.0246866
0.618847773304 0.81406 0.0242659
0.625131056744 0.803131 0.0229834
0.631402745038 0.805239 0.0231039
0.637700356273 0.799257 0.0243037
0.643985778331 0.790965 0.025852
0.650268541717 0.787638 0.0253463
0.65655861177 0.77467 0.025605
0.662836928236 0.7738 0.0223457
0.669118544496 0.770282 0.0233251
0.675407019858 0.763864 0.0233024
0.681683551459 0.758119 0.0232515
0.687959253386 0.753527 0.0256142
0.694234431704 0.746189 0.0219449
0.700517540243 0.749948 0.0271588
0.706812495661 0.737783 0.0241394
0.713101900967 0.733397 0.0250054
0.719391825117 0.732342 0.0259359
0.72568338076 0.722346 0.0254957
0.731965268271 0.717766 0.0240466
0.738250799048 0.715459 0.0266242
0.744526584212 0.711402 0.0260572
0.750787110194 0.706802 0.0243237
0.757075846532 0.701021 0.0256877
0.76336412336 0.69858 0.0258515
0.769646295986 0.697874 0.0287685
0.775939486518 0.696397 0.024902
0.782232914199 0.689683 0.0280948
0.788531493652 0.689975 0.0294384
0.794789656698 0.679872 0.0295622
0.801049109659 0.67798 0.0261021
0.807336406173 0.67677 0.026365
0.813622948837 0.669644 0.0262684
0.819915299896 0.667794 0.0271053
0.826195263639 0.669704 0.0256129
0.832489707008 0.66294 0.0269401
0.838795930921 0.65956 0.0295305
0.84506346397 0.660019 0.0280367
0.851328286756 0.659938 0.0266963
0.85761982639 0.655705 0.0271119
0.863905847706 0.655047 0.0311932
0.870183874549 0.655832 0.0285957
0.876464109608 0.653056 0.0301534
0.88275038734 0.652474 0.0274764
0.889033276839 0.652633 0.0271184
0.895308424711 0.650954 0.0291859
0.901595652167 0.650453 0.0290231
0.907883332809 0.656819 0.029934
0.914174410632 0.651045 0.025829
0.920463081772 0.653541 0.027022
0.926743441526 0.653716 0.0292601
0.933032419735 0.649425 0.0273936
0.939326578557 0.655317 0.0280845
0.94559748104 0.659733 0.0267835
0.951866001855 0.656611 0.0279183
0.958141325553 0.66216 0.0269308
0.964435094511 0.667608 0.02679
0.970735563357 0.666675 0.0263323
0.977008076845 0.674512 0.0239518
0.983282332536 0.674257 0.0250954
0.989556969197 0.683469 0.0271193
0.995845630192 0.684015 0.0276824
1.00213621074 0.695103 0.0232097
1.00840482534 0.697447 0.0270162
1.01469414984 0.696832 0.027229
1.02099255544 0.70934 0.0254192
1.02727398044 0.709042 0.0265938
1.0335591819 0.716729 0.0281168
1.03984755739 0.724324 0.0264338
1.04612697494 0.730805 0.0249989
1.05240343681 0.73592 0.0274298
1.05868070465 0.746723 0.0286461
1.06496433307 0.754465 0.0254167
1.07125677744 0.759541 0.0229022
1.0775440488 0.767475 0.0244396
1.08382482019 0.775291 0.0243093
1.09010802394 0.787693 0.0242585
1.09638966596 0.798369 0.0238919
1.10268113206 0.803516 0.0199388
1.10896304759 0.816563 0.024545
1.11522542846 0.827444 0.0230421
1.12150212761 0.839962 0.0246903
1.12779257382 0.846615 0.0208196
1.13408955267 0.864534 0.0236074
1.14036404965 0.871964 0.0225495
1.14663918032 0.886373 0.022743
1.15294241299 0.896147 0.0202159
1.15922890675 0.909209 0.0228833
1.16550872189 0.922153 0.0215528
1.17179307626 0.938706 0.0203313
1.17808743637 0.954823 0.0207588
1.18436765425 0.966961 0.0199021
1.1906346423 0.98107 0.0192194
1.19691220883 0.994607 0.0187805
1.20320157735 1.00936 0.0203907
1.20948684444 1.02696 0.0200887
1.21576390207 1.04195 0.019114
1.22204975517 1.05562 0.0208435
1.22834061662 1.07104 0.0167361
1.23463298658 1.08846 0.0206204
1.24090224718 1.1085 0.0172326
1.24717483914 1.12086 0.0208228
1.25346545993 1.14259 0.0168403
1.25974995189 1.15623 0.0169546
1.26603214313 1.17892 0.0177347
1.27231628847 1.198 0.0193597
1.27860415506 1.21397 0.016719
1.28488658893 1.23708 0.0136494
1.29117542007 1.2538 0.0157486
1.29746572637 1.27681 0.0164172
1.30374182701 1.29397 0.0152554
1.31001732292 1.31798 0.0162141
1.31630144766 1.33526 0.014774
1.32258676036 1.35641 0.0170761
1.32886549245 1.37942 0.0183071
1.33514480495 1.4007 0.0148567
1.34144051627 1.42334 0.0149072
1.34773086842 1.44702 0.0164692
1.35400158999 1.47074 0.0143151
1.3602826093 1.49311 0.0158205
1.36656568646 1.51597 0.0135735
1.37285149848 1.53883 0.013777
1.37913537293 1.56558 0.0144723
1.38540956715 1.58943 0.0157032
1.39169864122 1.61278 0.0141422
1.39798445144 1.64066 0.0142113
1.40426788341 1.66327 0.0158369
1.41055477948 1.68819 0.0136468
1.41683783355 1.71476 0.0129032
1.42311817719 1.74098 0.0160238
1.42939780116 1.76671 0.0140029
1.43568692182 1.79481 0.0139821
1.44197712177 1.82012 0.012377
1.44825366785 1.84869 0.0143061
1.45453234897 1.87578 0.0134505
1.46081931915 1.90476 0.0143736
1.4671103644 1.93363 0.012527
1.47339290895 1.96172 0.0145046
1.47966996524 1.99077 0.0128021
1.4859561446 2.01751 0.0129404
1.49223361076 2.04822 0.0121512
1.49850247038 2.07743 0.0135927
1.50478575205 2.10341 0.012327
1.51107599189 2.13528 0.0126475
1.51736163499 2.16503 0.0122852
1.52364857097 2.19575 0.0114195
1.52993803572 2.22622 0.0137948
1.53623017691 2.257 0.0126632
1.54251071878 2.28844 0.0110812
1.54878396308 2.31957 0.0112299
1.55507306978 2.35105 0.0119054
1.56135732493 2.38222 0.0121339
1.56762912105 2.41261 0.0131177
1.5739136974 2.44549 0.0122836
1.58020354523 2.47423 0.0123448
1.58648539343 2.50857 0.011753
1.59276001426 2.54037 0.0122843
1.59904643639 2.57076 0.0106905
1.60534213664 2.60317 0.0123695
1.61161976836 2.62724 0.0123466
1.61789716835 2.64283 0.0110465
1.62418270854 2.6563 0.0116209
1.63046407995 2.67226 0.0127147
1.63674824683 2.68797 0.0123552
1.64303013827 2.70431 0.0114727
1.64930808063 2.72212 0.0121926
1.65559224863 2.73479 0.0121333
1.66187827598 2.75044 0.0120826
1.66816823994 2.76593 0.0135245
1.6744495611 2.78446 0.0127857
1.68072138563 2.80054 0.0129812
1.68701215424 2.81678 0.0133556
1.6933074808 2.83446 0.0130934
1.69958064303 2.84985 0.0119646
1.70586179344 2.86776 0.0132771
1.71215172419 2.88789 0.0140782
1.71843538617 2.90267 0.0126079
1.72471844694 2.91964 0.012967
1.73099491844 2.94094 0.0136697
1.73728636032 2.95829 0.0135667
1.74356630258 2.97564 0.0136272
1.74983600778 2.99462 0.0130998
1.75612327869 3.01296 0.0127415
1.76241061606 3.03271 0.0139442
1.76869357896 3.05196 0.0145417
1.77497674839 3.07185 0.014219
1.78126362161 3.08952 0.0135602
1.78754574761 3.11049 0.0149659
1.7938272923 3.12872 0.0137396
1.80010772174 3.15087 0.0144026
1.80639091391 3.17056 0.0143608
1.81267451427 3.19065 0.0132626
1.81895363524 3.21164 0.0138971
1.82523850291 3.23235 0.014056
1.8315236862 3.25351 0.0138755
1.83781040898 3.273 0.0140525
1.84409642612 3.29684 0.0157502
1.8503769215 3.31928 0.015575
1.85666074594 3.33853 0.0155358
1.86294359809 3.363 0.0152357
1.86922204917 3.38721 0.0153277
1.87550781357 3.4075 0.0156397
1.88179499507 3.4302 0.0138646
1.88807781314 3.4524 0.0166607
1.89435244502 3.47366 0.0155253
1.90063796885 3.49993 0.0150303
1.90692833723 3.52477 0.0164401
1.91320221586 3.54717 0.0151409
1.91948223445 3.57265 0.01351
1.92577010575 3.5956 0.0176463
1.93206491035 3.6219 0.015321
1.93834071151 3.64353 0.0166838
1.94460828613 3.67057 0.0156444
1.9508968614 3.69434 0.0163085
1.95718811973 3.71872 0.0153968
1.96347509207 3.74421 0.0152897
1.9697553281 3.77161 0.0170163
1.9760413775 3.79611 0.0169362
1.98233260336 3.82039 0.0161776
1.98861171931 3.85046 0.0182096
1.99488792869 3.8713 0.0171767
2.00117304134 3.90009 0.0180534
2.00745262249 3.92808 0.0164608
2.01372721862 3.95232 0.01547
2.02001108039 3.98077 0.0183655
2.02630405283 4.00585 0.0184563
2.03258735828 4.03398 0.0184306
2.03886100377 4.06316 0.0168884
2.04514489951 4.08701 0.0191154
2.05143683626 4.11575 0.0185925
2.05772382203 4.14243 0.0183047
2.0640044634 4.17004 0.0194175
2.07029278421 4.19443 0.0170486
2.07658471853 4.2254 0.0194361
2.08285424307 4.25121 0.0190008
2.08912259138 4.27686 0.0201748
2.09541730178 4.30651 0.0196888
2.10170304464 4.33371 0.0201491
2.10797273337 4.36063 0.0180209
2.11425579676 4.38727 0.0197638
2.12053788985 4.41291 0.0225271
2.12682075079 4.4431 0.0203068
2.13310670204 4.46798 0.0208778
2.13940011923 4.49583 0.0205364
2.14568939859 4.52541 0.019815
2.15195789682 4.54796 0.0188518
2.15824033347 4.57686 0.0225871
2.16453048092 4.59955 0.0204855
2.17081716829 4.6287 0.0201775
2.17709912993 4.65716 0.0211633
2.18337674027 4.67893 0.0217781
2.18965452646 4.70693 0.0201662
2.19593814184 4.72456 0.0198851
2.20221722867 4.75702 0.0204809
2.20849850085 4.77395 0.0211094
2.21479372465 4.80124 0.0224394
2.22107581834 4.82168 0.0224708
2.22733812199 4.84038 0.0209801
2.23362792264 4.86718 0.0220028
2.2399287897 4.88679 0.0226378
2.24620084223 4.91114 0.0228826
2.2524810722 4.92401 0.024175
2.25875993301 4.94672 0.0246101
2.26503776668 4.96128 0.0248086
2.27130391144 4.97895 0.0248719
2.27758972822 4.99489 0.0245818
2.28389830542 5.01127 0.0238325
2.29017001225 5.03262 0.0285193
2.29645357402 5.05277 0.0220291
2.30275372852 5.07279 0.0261803
2.30903325986 5.09616 0.0275098
2.31530674049 5.11791 0.0257253
2.32158490306 5.13617 0.0249661
2.3278758488 5.15765 0.02646
2.33415543799 5.18215 0.0272413
2.34041936871 5.2086 0.0274527
2.34670710068 5.22954 0.030134
2.3530032916 5.25202 0.0268609
2.35928989445 5.28032 0.0288209
2.36555387699 5.30692 0.0302645
2.37182578571 5.32588 0.032833
2.3781409032 5.35212 0.0277893
2.38442809259 5.38062 0.0335252
2.39069258243 5.40355 0.0322716
2.39698813839 5.42919 0.0307973
2.40330354843 5.45256 0.0350383
2.40957307365 5.48022 0.0319229
2.41583080138 5.50559 0.0351754
2.42214385676 5.53143 0.0324447
2.42843005755 5.5591 0.0326058
2.43467776878 5.58935 0.0364169
2.44097021258 5.6084 0.0342912
2.44729898127 5.6396 0.0334457
2.45356911846 5.66574 0.0410394
2.45980003814 5.68885 0.0421952
2.4661092349 5.71665 0.0405384
2.47241430729 5.74269 0.0392681
2.47866355169 5.77123 0.0360535
2.48493431628 5.79563 0.039644
2.49124283111 5.82583 0.0409839
2.49755537626 5.85394 0.0357778
2.50380379021 5.87739 0.0483482
2.51005045336 5.90581 0.0466542
2.51638815336 5.93659 0.043758
2.52269694929 5.95837 0.0469724
2.52891211798 5.98569 0.0482333
2.53519495098 6.00756 0.0510702
2.54155301509 6.03539 0.0518636
2.54783359884 6.06209 0.0487976
2.55402772623 6.10226 0.0573597
2.56033571996 6.12307 0.0553167
2.56672381747 6.15185 0.0602541
2.57294751341 6.17507 0.0530747
2.57911252531 6.20148 0.0635359
2.58547549612 6.22429 0.0587282
2.59185019505 6.2468 0.062733
2.59805932148 6.27983 0.0607622
2.60429715989 6.31036 0.0643346
2.61067449751 6.33205 0.0590712
2.61693283418 6.37114 0.0737418
2.62300854502 6.3884 0.0700121
2.62939753095 6.39599 0.061273
2.63591057571 6.43166 0.0721142
2.64202978624 6.44538 0.0751894
2.64803951219 6.46698 0.0768798
2.65454096229 6.50204 0.0746137
2.66118028258 6.52749 0.0841004
2.66719514746 6.54411 0.0983127
2.67309090101 6.55754 0.084935
2.67973176445 6.57406 0.100225
2.68646693102 6.62657 0.114846
2.69219835647 6.64043 0.121237
2.69796467721 6.62929 0.112149
2.70489193937 6.68119 0.129414
2.71182026315 6.6958 0.132463
2.71709790339 6.69701 0.16553
2.7227864466 6.75093 0.151971
2.72994784687 6.77538 0.153451
2.73706528781 6.77447 0.201694
2.74248820391 6.75649 0.300948
2.74787331837 6.81724 0.277494
2.75504313834 6.8545 0.303009
2.76219934437 6.89129 0.432676
2.76789278819 6.83241 0.707654
2.77283198247 6.83811 0.715512
2.77965581172 6.78913 1.47048
2.78599582346 nan nan
