0.0088996412247 nan nan
0.0150791221651 0.462783 0.0927791
0.0214479018646 0.512858 0.0622189
0.0278366077649 0.578672 0.0455455
0.034350997858 0.654043 0.0407314
0.0404788676143 0.707935 0.0367944
0.0467671668358 0.761981 0.0332308
0.0530822510177 0.817177 0.0319994
0.0594536244094 0.846034 0.030575
0.0657622481459 0.883968 0.0272139
0.071966329067 0.915771 0.023955
0.0782786091569 0.944401 0.0211639
0.0847039894583 0.968176 0.0248064
0.0909685462053 0.991554 0.0210974
0.0972078977683 1.00759 0.0234906
0.103476303896 1.02577 0.0262245
0.109757644425 1.0411 0.0206203
0.116054308478 1.05487 0.0226952
0.122366966654 1.07164 0.0209537
0.128681726309 1.0791 0.0201186
0.134950080166 1.0874 0.0215684
0.141194955884 1.08624 0.019391
0.147513357575 1.09154 0.0206081
0.153786507425 1.08588 0.0158506
0.160065754405 1.09031 0.0181196
0.166399116869 1.09185 0.0223177
0.172719564578 1.09637 0.0205861
0.178976521338 1.09787 0.0239404
0.185235369065 1.10322 0.0187104
0.191480678734 1.10219 0.0193642
0.197788986865 1.10503 0.0204329
0.204093773545 1.09709 0.0210245
0.210393930261 1.09956 0.0185555
0.216690970982 1.09238 0.020069
0.222970028122 1.08344 0.0198451
0.229262002709 1.0849 0.0193978
0.235514150837 1.07795 0.0208204
0.241791058382 1.08038 0.0201842
0.248085653944 1.07474 0.0230443
0.254349225687 1.07462 0.0208952
0.260633425188 1.07145 0.0203306
0.26692573709 1.06982 0.0222178
0.273242334314 1.06423 0.01977
0.279552968008 1.0573 0.0191736
0.285836629231 1.05281 0.0210834
0.292087627139 1.04783 0.0213544
0.298344984444 1.0435 0.0217539
0.304638263941 1.03724 0.018141
0.3109279127 1.03036 0.0193222
0.317216817162 1.0263 0.0166654
0.323518756794 1.02393 0.0211709
0.329816821755 1.02045 0.0204952
0.336117642946 1.0152 0.0209035
0.342370037571 1.00712 0.0239118
0.348647819267 1.00482 0.018183
0.354941161441 0.999869 0.020974
0.361191693542 0.988388 0.0202979
0.367476708956 0.98288 0.0206303
0.373764779528 0.98282 0.0195132
0.380065403148 0.97533 0.0212773
0.386353986126 0.969623 0.0192926
0.392614018136 0.963076 0.0216474
0.398926450032 0.961489 0.0169524
0.405207324458 0.952594 0.0213286
0.411491647757 0.949178 0.0190846
0.417781427212 0.939671 0.021829
0.424040064873 0.935949 0.0223689
0.430342569027 0.925729 0.0229098
0.436635856026 0.924928 0.0189094
0.442899618322 0.918889 0.0243935
0.449163441853 0.913068 0.0203148
0.455441414625 0.90877 0.0218431
0.46176344703 0.903313 0.0204239
0.468064424202 0.894589 0.0193833
0.474348524276 0.891047 0.0217583
0.480635613682 0.885128 0.0229974
0.486901925839 0.881003 0.0203636
0.49316970996 0.870635 0.0196054
0.499450674714 0.870645 0.0212752
0.505715905134 0.859015 0.0261298
0.511992399627 0.854267 0.02201
0.518312609777 0.849463 0.022376
0.524608963803 0.842369 0.0228512
0.530875730848 0.834816 0.0211195
0.537157352795 0.83134 0.0210733
0.543457956378 0.826782 0.0243428
0.549743065239 0.81846 0.0245314
0.55599374275 0.812574 0.0233275
0.562285467661 0.811601 0.0242054
0.568601153723 0.80747 0.0259196
0.574880458942 0.799102 0.0261934
0.581155021034 0.79156 0.0273892
0.587439449666 0.787658 0.0243251
0.59371762203 0.777612 0.0255024
0.599997195479 0.774273 0.0267781
0.606267911512 0.766642 0.022322
0.612546957644 0.760567 0.0247314
0.618847773304 0.758211 0.0234903
0.625131056744 0.753769 0.0246027
0.631402745038 0.748887 0.0255736
0.637700356273 0.745203 0.0263274
0.643985778331 0.736485 0.0253907
0.650268541717 0.730512 0.0277112
0.65655861177 0.723436 0.0288374
0.662836928236 0.720543 0.0267654
0.669118544496 0.712992 0.0276412
0.675407019858 0.707046 0.0287821
0.681683551459 0.701813 0.0290421
0.687959253386 0.695034 0.0254189
0.694234431704 0.695155 0.0254699
0.700517540243 0.690017 0.0257517
0.706812495661 0.679914 0.0279913
0.713101900967 0.673849 0.0274405
0.719391825117 0.670941 0.0278717
0.72568338076 0.667218 0.0308313
0.731965268271 0.660197 0.0272613
0.738250799048 0.657699 0.0272541
0.744526584212 0.648942 0.0266898
0.750787110194 0.648343 0.0298922
0.757075846532 0.640565 0.0253927
0.76336412336 0.638787 0.0272164
0.769646295986 0.629813 0.0279256
0.775939486518 0.630206 0.0280568
0.782232914199 0.626652 0.0308369
0.788531493652 0.627988 0.0304327
0.794789656698 0.621053 0.0313151
0.801049109659 0.612655 0.0253103
0.807336406173 0.608598 0.0295132
0.813622948837 0.600619 0.0302962
0.819915299896 0.596536 0.0304747
0.826195263639 0.597351 0.0356827
0.832489707008 0.590183 0.0283639
0.838795930921 0.585824 0.0344476
0.84506346397 0.585136 0.031884
0.851328286756 0.585638 0.0272619
0.85761982639 0.577018 0.0291494
0.863905847706 0.575126 0.035174
0.870183874549 0.571424 0.0346905
0.876464109608 0.567902 0.0353818
0.88275038734 0.56836 0.0339302
0.889033276839 0.562783 0.0360664
0.895308424711 0.562124 0.0287396
0.901595652167 0.560069 0.0324969
0.907883332809 0.559067 0.0302537
0.914174410632 0.553284 0.0315886
0.920463081772 0.555621 0.0326789
0.926743441526 0.558619 0.0294849
0.933032419735 0.552425 0.0348877
0.939326578557 0.553578 0.0325206
0.94559748104 0.559499 0.03139
0.951866001855 0.554783 0.0380026
0.958141325553 0.552962 0.0332721
0.964435094511 0.553567 0.0319713
0.970735563357 0.554626 0.0328485
0.977008076845 0.56211 0.0328188
0.983282332536 0.558286 0.0359032
0.989556969197 0.564626 0.0328731
0.995845630192 0.568603 0.0325907
1.00213621074 0.568807 0.0295784
1.00840482534 0.579693 0.0311163
1.01469414984 0.573468 0.0351667
1.02099255544 0.580264 0.0263163
1.02727398044 0.580781 0.0327768
1.0335591819 0.579614 0.0318652
1.03984755739 0.592993 0.0279183
1.04612697494 0.599529 0.0304967
1.05240343681 0.600768 0.0320328
1.05868070465 0.606878 0.0290895
1.06496433307 0.615163 0.0294257
1.07125677744 0.616249 0.0277655
1.0775440488 0.621993 0.0281538
1.08382482019 0.634926 0.0273861
1.09010802394 0.643122 0.0319621
1.09638966596 0.650045 0.0297885
1.10268113206 0.652138 0.0258721
1.10896304759 0.665397 0.0283782
1.11522542846 0.672198 0.0274116
1.12150212761 0.684892 0.0288353
1.12779257382 0.693311 0.0285682
1.13408955267 0.707172 0.0270732
1.14036404965 0.714548 0.0250136
1.14663918032 0.725468 0.0276584
1.15294241299 0.743557 0.0245256
1.15922890675 0.75012 0.0256568
1.16550872189 0.761692 0.0260882
1.17179307626 0.777778 0.0283424
1.17808743637 0.788422 0.0243937
1.18436765425 0.802021 0.0254584
1.1906346423 0.814265 0.0213088
1.19691220883 0.830225 0.0237063
1.20320157735 0.842426 0.0238528
1.20948684444 0.858731 0.0235238
1.21576390207 0.874188 0.0193377
1.22204975517 0.883614 0.0213427
1.22834061662 0.903794 0.0214813
1.23463298658 0.916712 0.0220021
1.24090224718 0.937747 0.0181659
1.24717483914 0.952267 0.0231038
1.25346545993 0.972765 0.0187727
1.25974995189 0.98366 0.0189159
1.26603214313 1.00511 0.022417
1.27231628847 1.02499 0.0202863
1.27860415506 1.03996 0.018433
1.28488658893 1.06234 0.016182
1.29117542007 1.07987 0.0187637
1.29746572637 1.0998 0.0177106
1.30374182701 1.11779 0.016658
1.31001732292 1.13704 0.0191279
1.31630144766 1.15969 0.0169577
1.32258676036 1.17852 0.0189059
1.32886549245 1.19976 0.0178072
1.33514480495 1.22034 0.0181651
1.34144051627 1.24395 0.0163862
1.34773086842 1.26861 0.0171431
1.35400158999 1.29204 0.0162575
1.3602826093 1.31388 0.0160507
1.36656568646 1.33609 0.0156638
1.37285149848 1.35653 0.0147599
1.37913537293 1.38464 0.0154961
1.38540956715 1.40717 0.0155418
1.39169864122 1.43103 0.0156548
1.39798445144 1.45848 0.0128325
1.40426788341 1.48301 0.0150151
1.41055477948 1.50735 0.0139997
1.41683783355 1.53403 0.0154148
1.42311817719 1.55799 0.0139449
1.42939780116 1.58411 0.0133586
1.43568692182 1.61244 0.0138586
1.44197712177 1.63883 0.0142088
1.44825366785 1.66661 0.0149796
1.45453234897 1.69334 0.0151352
1.46081931915 1.72231 0.013926
1.4671103644 1.75106 0.0149558
1.47339290895 1.77756 0.0139234
1.47966996524 1.80693 0.0128708
1.4859561446 1.83353 0.0129857
1.49223361076 1.86587 0.0113485
1.49850247038 1.89483 0.0136741
1.50478575205 1.92133 0.0131796
1.51107599189 1.95245 0.0125686
1.51736163499 1.98287 0.0127471
1.52364857097 2.01227 0.0120024
1.52993803572 2.04332 0.0146857
1.53623017691 2.07429 0.0127579
1.54251071878 2.10571 0.0127332
1.54878396308 2.13675 0.0117397
1.55507306978 2.1695 0.0123586
1.56135732493 2.19924 0.0124609
1.56762912105 2.23005 0.0125506
1.5739136974 2.26286 0.0122789
1.58020354523 2.29337 0.0124071
1.58648539343 2.32702 0.011377
1.59276001426 2.35792 0.0119024
1.59904643639 2.39001 0.0122338
1.60534213664 2.42394 0.0128549
1.61161976836 2.44581 0.0124047
1.61789716835 2.45854 0.0117525
1.62418270854 2.47208 0.0122921
1.63046407995 2.48776 0.0127397
1.63674824683 2.50126 0.0121629
1.64303013827 2.51581 0.0128321
1.64930808063 2.53121 0.0116615
1.65559224863 2.54322 0.0120919
1.66187827598 2.55673 0.013333
1.66816823994 2.57113 0.0129762
1.6744495611 2.58812 0.0141052
1.68072138563 2.60338 0.012418
1.68701215424 2.6174 0.0132491
1.6933074808 2.63287 0.0140724
1.69958064303 2.64711 0.0121258
1.70586179344 2.66272 0.0129071
1.71215172419 2.68116 0.013204
1.71843538617 2.6946 0.0132954
1.72471844694 2.71009 0.0135599
1.73099491844 2.72945 0.015287
1.73728636032 2.74577 0.0131648
1.74356630258 2.76147 0.0131628
1.74983600778 2.77741 0.0135661
1.75612327869 2.79517 0.0145572
1.76241061606 2.81369 0.0132292
1.76869357896 2.83136 0.0140234
1.77497674839 2.84988 0.0136766
1.78126362161 2.86459 0.0144018
1.78754574761 2.88418 0.0148842
1.7938272923 2.90314 0.0151586
1.80010772174 2.92237 0.0144292
1.80639091391 2.94089 0.0151313
1.81267451427 2.95949 0.0134525
1.81895363524 2.97975 0.0144265
1.82523850291 2.9987 0.0148981
1.8315236862 3.01737 0.01607
1.83781040898 3.03628 0.0149773
1.84409642612 3.0581 0.0148683
1.8503769215 3.07894 0.0144644
1.85666074594 3.09781 0.0159993
1.86294359809 3.1199 0.0142681
1.86922204917 3.14157 0.0151136
1.87550781357 3.16165 0.0153298
1.88179499507 3.18272 0.0150595
1.88807781314 3.20405 0.0149767
1.89435244502 3.22426 0.0144285
1.90063796885 3.24753 0.0156015
1.90692833723 3.27222 0.0176556
1.91320221586 3.29218 0.0148611
1.91948223445 3.31657 0.0152097
1.92577010575 3.33833 0.0170076
1.93206491035 3.36316 0.0157065
1.93834071151 3.38215 0.0162291
1.94460828613 3.40851 0.0160245
1.9508968614 3.43026 0.0157845
1.95718811973 3.45445 0.016377
1.96347509207 3.47922 0.0157388
1.9697553281 3.50411 0.0164273
1.9760413775 3.52873 0.0157832
1.98233260336 3.55259 0.0160044
1.98861171931 3.57926 0.0171871
1.99488792869 3.59985 0.0172892
2.00117304134 3.62791 0.0171832
2.00745262249 3.65301 0.0167937
2.01372721862 3.67711 0.0159127
2.02001108039 3.70443 0.0167271
2.02630405283 3.72741 0.0170283
2.03258735828 3.75438 0.0172099
2.03886100377 3.78213 0.0167461
2.04514489951 3.80506 0.0176206
2.05143683626 3.83434 0.0179477
2.05772382203 3.85951 0.01799
2.0640044634 3.88626 0.0183491
2.07029278421 3.90937 0.0157107
2.07658471853 3.93685 0.0173083
2.08285424307 3.96392 0.0176778
2.08912259138 3.98781 0.0184886
2.09541730178 4.01529 0.0197434
2.10170304464 4.04396 0.0181842
2.10797273337 4.06932 0.0186545
2.11425579676 4.09562 0.0199688
2.12053788985 4.11923 0.0215517
2.12682075079 4.14791 0.0199876
2.13310670204 4.17264 0.0192366
2.13940011923 4.20114 0.0191381
2.14568939859 4.22729 0.0194743
2.15195789682 4.24945 0.0170069
2.15824033347 4.27783 0.0203759
2.16453048092 4.29789 0.0206588
2.17081716829 4.32719 0.0188583
2.17709912993 4.35284 0.0208692
2.18337674027 4.37428 0.0206496
2.18965452646 4.40088 0.019345
2.19593814184 4.41776 0.0212662
2.20221722867 4.45065 0.0215128
2.20849850085 4.46264 0.0222108
2.21479372465 4.49285 0.0216639
2.22107581834 4.51244 0.020869
2.22733812199 4.52865 0.0188939
2.23362792264 4.55363 0.0197253
2.2399287897 4.5691 0.0227206
2.24620084223 4.59434 0.0221468
2.2524810722 4.60683 0.0220462
2.25875993301 4.6252 0.0243186
2.26503776668 4.63931 0.022335
2.27130391144 4.65109 0.0263059
2.27758972822 4.6649 0.0230797
2.28389830542 4.67978 0.0231087
2.29017001225 4.69903 0.026738
2.29645357402 4.71544 0.0236597
2.30275372852 4.734 0.0262755
2.30903325986 4.75607 0.0264801
2.31530674049 4.77518 0.0239244
2.32158490306 4.79389 0.0250507
2.3278758488 4.81033 0.0257099
2.33415543799 4.83452 0.0269428
2.34041936871 4.85924 0.0271818
2.34670710068 4.87617 0.0294351
2.3530032916 4.89655 0.0265787
2.35928989445 4.92421 0.0290928
2.36555387699 4.94855 0.0303098
2.37182578571 4.96683 0.0311757
2.3781409032 4.98978 0.0301537
2.38442809259 5.01546 0.0309373
2.39069258243 5.03763 0.0313727
2.39698813839 5.061 0.0309543
2.40330354843 5.08374 0.032872
2.40957307365 5.11028 0.0296396
2.41583080138 5.13314 0.0362279
2.42214385676 5.15739 0.0314353
2.42843005755 5.18426 0.0302042
2.43467776878 5.21361 0.0352757
2.44097021258 5.22986 0.034129
2.44729898127 5.25553 0.0345869
2.45356911846 5.28344 0.0381321
2.45980003814 5.30523 0.0402505
2.4661092349 5.32874 0.037407
2.47241430729 5.35901 0.0400373
2.47866355169 5.38026 0.0347266
2.48493431628 5.40764 0.0349683
2.49124283111 5.43144 0.0372943
2.49755537626 5.46153 0.0390243
2.50380379021 5.48566 0.0392878
2.51005045336 5.51228 0.0443948
2.51638815336 5.54144 0.0403525
2.52269694929 5.56125 0.0451459
2.52891211798 5.58932 0.0464713
2.53519495098 5.61007 0.0511848
2.54155301509 5.63816 0.049893
2.54783359884 5.66354 0.0470509
2.55402772623 5.69901 0.051528
2.56033571996 5.72071 0.048427
2.56672381747 5.74533 0.0565746
2.57294751341 5.76587 0.0536255
2.57911252531 5.79051 0.0544309
2.58547549612 5.81517 0.0548561
2.59185019505 5.83787 0.0623337
2.59805932148 5.86896 0.0570059
2.60429715989 5.89577 0.0593006
2.61067449751 5.92155 0.0525035
2.61693283418 5.95935 0.0603986
2.62300854502 5.97831 0.0666275
2.62939753095 5.98981 0.0573407
2.63591057571 6.0235 0.0697958
2.64202978624 6.03282 0.0769205
2.64803951219 6.05445 0.0710345
2.65454096229 6.0823 0.0760489
2.66118028258 6.10987 0.0791648
2.66719514746 6.13696 0.0949772
2.67309090101 6.14244 0.0898128
2.67973176445 6.16684 0.0942503
2.68646693102 6.20713 0.10733
2.69219835647 6.21492 0.11445
2.69796467721 6.222 0.103567
2.70489193937 6.25689 0.12305
2.71182026315 6.28166 0.132609
2.71709790339 6.30949 0.175768
2.7227864466 6.31448 0.138745
2.72994784687 6.38219 0.136306
2.73706528781 6.36247 0.196491
2.74248820391 6.35259 0.246303
2.74787331837 6.37137 0.235897
2.75504313834 6.3975 0.313011
2.76219934437 6.46728 0.424121
2.76789278819 6.36024 0.621104
2.77283198247 6.4982 0.659184
2.77965581172 6.36051 1.14832
2.78599582346 nan nan
