0.0088996412247 1.28727 0.191733
0.0150791221651 1.05405 0.0997912
0.0214479018646 0.896642 0.0676708
0.0278366077649 0.822995 0.0558189
0.034350997858 0.792981 0.0475924
0.0404788676143 0.7824 0.0469102
0.0467671668358 0.802344 0.0360806
0.0530822510177 0.824898 0.0368605
0.0594536244094 0.821673 0.0318091
0.0657622481459 0.850456 0.0309939
0.071966329067 0.875448 0.033478
0.0782786091569 0.901177 0.024838
0.0847039894583 0.934833 0.0299312
0.0909685462053 0.966686 0.0261089
0.0972078977683 0.991518 0.0263413
0.103476303896 1.01379 0.0311945
0.109757644425 1.03293 0.0238249
0.116054308478 1.04542 0.024259
0.122366966654 1.05999 0.0253662
0.128681726309 1.06544 0.0217839
0.134950080166 1.07956 0.0205301
0.141194955884 1.08302 0.0210033
0.147513357575 1.08844 0.0196117
0.153786507425 1.09139 0.0208976
0.160065754405 1.09903 0.0196092
0.166399116869 1.10317 0.0226373
0.172719564578 1.10903 0.0175408
0.178976521338 1.11276 0.0221006
0.185235369065 1.12226 0.0188147
0.191480678734 1.11969 0.0216875
0.197788986865 1.12376 0.0174013
0.204093773545 1.12093 0.0200503
0.210393930261 1.12054 0.0191378
0.216690970982 1.11672 0.0211367
0.222970028122 1.10973 0.0197241
0.229262002709 1.11631 0.0211871
0.235514150837 1.10806 0.0189262
0.241791058382 1.11254 0.0208608
0.248085653944 1.11199 0.023818
0.254349225687 1.11105 0.0223981
0.260633425188 1.10863 0.0201688
0.26692573709 1.10873 0.0180272
0.273242334314 1.10355 0.0208426
0.279552968008 1.10012 0.0213724
0.285836629231 1.09723 0.0241242
0.292087627139 1.09194 0.0209834
0.298344984444 1.08543 0.0242312
0.304638263941 1.08359 0.0194202
0.3109279127 1.07895 0.0187422
0.317216817162 1.07455 0.0196672
0.323518756794 1.07216 0.0249401
0.329816821755 1.07114 0.0206724
0.336117642946 1.06839 0.0211363
0.342370037571 1.06186 0.0195002
0.348647819267 1.06057 0.0212105
0.354941161441 1.05491 0.0207348
0.361191693542 1.04554 0.0177243
0.367476708956 1.04504 0.0181002
0.373764779528 1.04251 0.0206616
0.380065403148 1.03478 0.0186054
0.386353986126 1.03087 0.0185038
0.392614018136 1.03011 0.0204209
0.398926450032 1.02437 0.0178
0.405207324458 1.01657 0.0185347
0.411491647757 1.01267 0.0208947
0.417781427212 1.00565 0.0223416
0.424040064873 1.00341 0.0215662
0.430342569027 0.99688 0.0199837
0.436635856026 0.995729 0.0218217
0.442899618322 0.98752 0.0219318
0.449163441853 0.984481 0.0224799
0.455441414625 0.978976 0.0231607
0.46176344703 0.973902 0.0208967
0.468064424202 0.968055 0.0198657
0.474348524276 0.96449 0.0199955
0.480635613682 0.962443 0.0222161
0.486901925839 0.957068 0.0183039
0.49316970996 0.945899 0.0198743
0.499450674714 0.946384 0.0219989
0.505715905134 0.938687 0.0235837
0.511992399627 0.932786 0.0206199
0.518312609777 0.926541 0.022122
0.524608963803 0.923385 0.0224164
0.530875730848 0.916818 0.0213485
0.537157352795 0.914478 0.0218188
0.543457956378 0.907348 0.0228462
0.549743065239 0.898921 0.0237271
0.55599374275 0.893111 0.0205648
0.562285467661 0.895648 0.0220702
0.568601153723 0.89226 0.0218397
0.574880458942 0.885745 0.0237884
0.581155021034 0.877934 0.0267087
0.587439449666 0.87573 0.0196957
0.59371762203 0.865229 0.0236172
0.599997195479 0.863655 0.0208321
0.606267911512 0.859812 0.0215457
0.612546957644 0.85201 0.0207657
0.618847773304 0.848602 0.0199386
0.625131056744 0.844555 0.0224597
0.631402745038 0.842338 0.0224031
0.637700356273 0.839071 0.0238516
0.643985778331 0.831289 0.0276751
0.650268541717 0.821878 0.0215021
0.65655861177 0.818819 0.0275182
0.662836928236 0.819273 0.0228393
0.669118544496 0.809584 0.026315
0.675407019858 0.807784 0.0240652
0.681683551459 0.801184 0.0242749
0.687959253386 0.799052 0.0234071
0.694234431704 0.792561 0.0224725
0.700517540243 0.794189 0.0255602
0.706812495661 0.784725 0.0237753
0.713101900967 0.780773 0.0252914
0.719391825117 0.777153 0.0236228
0.72568338076 0.774816 0.0253455
0.731965268271 0.767954 0.0252442
0.738250799048 0.766017 0.023313
0.744526584212 0.762036 0.0224859
0.750787110194 0.762621 0.0224683
0.757075846532 0.755284 0.0248026
0.76336412336 0.753945 0.0203743
0.769646295986 0.750633 0.0257613
0.775939486518 0.746369 0.0249147
0.782232914199 0.744398 0.0261996
0.788531493652 0.743328 0.0251772
0.794789656698 0.739033 0.0270534
0.801049109659 0.733327 0.0250402
0.807336406173 0.731843 0.0253135
0.813622948837 0.728701 0.0248646
0.819915299896 0.723368 0.0274662
0.826195263639 0.726073 0.026615
0.832489707008 0.721127 0.0253294
0.838795930921 0.721972 0.0265438
0.84506346397 0.717825 0.0276231
0.851328286756 0.716454 0.02381
0.85761982639 0.713008 0.0264186
0.863905847706 0.712288 0.0261605
0.870183874549 0.707581 0.0253878
0.876464109608 0.71317 0.0270654
0.88275038734 0.708465 0.0259963
0.889033276839 0.709252 0.0265919
0.895308424711 0.70928 0.0267604
0.901595652167 0.703465 0.0269877
0.907883332809 0.706595 0.0244123
0.914174410632 0.703111 0.024423
0.920463081772 0.707174 0.0245803
0.926743441526 0.707509 0.0262693
0.933032419735 0.707774 0.0267951
0.939326578557 0.710394 0.0266552
0.94559748104 0.712357 0.0261416
0.951866001855 0.713234 0.0307183
0.958141325553 0.713244 0.0321285
0.964435094511 0.714369 0.026218
0.970735563357 0.71941 0.0236025
0.977008076845 0.722591 0.0246512
0.983282332536 0.719779 0.0271816
0.989556969197 0.727484 0.0216527
0.995845630192 0.734306 0.0237802
1.00213621074 0.736286 0.0239613
1.00840482534 0.739197 0.0275364
1.01469414984 0.743719 0.0259987
1.02099255544 0.748666 0.0235995
1.02727398044 0.752811 0.0255633
1.0335591819 0.752022 0.0235943
1.03984755739 0.76476 0.023997
1.04612697494 0.770109 0.0246413
1.05240343681 0.773365 0.0235599
1.05868070465 0.780284 0.0259486
1.06496433307 0.784739 0.0248831
1.07125677744 0.790906 0.0238444
1.0775440488 0.798421 0.0238537
1.08382482019 0.807608 0.0222448
1.09010802394 0.815548 0.0253085
1.09638966596 0.825802 0.0241326
1.10268113206 0.829013 0.0205443
1.10896304759 0.83856 0.0228488
1.11522542846 0.849414 0.0230854
1.12150212761 0.863648 0.0221671
1.12779257382 0.867804 0.0207385
1.13408955267 0.881537 0.0206449
1.14036404965 0.889456 0.021397
1.14663918032 0.903027 0.0226595
1.15294241299 0.914964 0.020543
1.15922890675 0.924363 0.0197024
1.16550872189 0.939041 0.0187683
1.17179307626 0.95082 0.0212734
1.17808743637 0.962037 0.0191795
1.18436765425 0.976623 0.0197002
1.1906346423 0.991194 0.0189124
1.19691220883 1.00409 0.0184125
1.20320157735 1.01843 0.0186826
1.20948684444 1.03378 0.0190657
1.21576390207 1.05124 0.0189032
1.22204975517 1.05977 0.0171283
1.22834061662 1.07671 0.0175055
1.23463298658 1.09261 0.018554
1.24090224718 1.11024 0.0172759
1.24717483914 1.12497 0.0195733
1.25346545993 1.14484 0.0154374
1.25974995189 1.15782 0.0161769
1.26603214313 1.17617 0.0158978
1.27231628847 1.19763 0.0153642
1.27860415506 1.21064 0.0164989
1.28488658893 1.23275 0.0173173
1.29117542007 1.24918 0.015458
1.29746572637 1.27105 0.0158037
1.30374182701 1.28807 0.0145989
1.31001732292 1.31002 0.017427
1.31630144766 1.32671 0.0157773
1.32258676036 1.34951 0.0161139
1.32886549245 1.36971 0.0150433
1.33514480495 1.39108 0.0162195
1.34144051627 1.41267 0.0143577
1.34773086842 1.43606 0.0158037
1.35400158999 1.45877 0.0151399
1.3602826093 1.48153 0.0161136
1.36656568646 1.503 0.0136516
1.37285149848 1.5224 0.0130615
1.37913537293 1.55099 0.0154659
1.38540956715 1.57261 0.0125901
1.39169864122 1.59635 0.0148081
1.39798445144 1.62441 0.0118619
1.40426788341 1.64691 0.0163368
1.41055477948 1.67204 0.0126999
1.41683783355 1.69686 0.0135561
1.42311817719 1.72403 0.0111503
1.42939780116 1.74855 0.0127282
1.43568692182 1.77686 0.0123178
1.44197712177 1.80249 0.0142163
1.44825366785 1.83002 0.0135682
1.45453234897 1.858 0.0130755
1.46081931915 1.884 0.0124002
1.4671103644 1.91151 0.0135134
1.47339290895 1.93896 0.0135689
1.47966996524 1.96898 0.0116023
1.4859561446 1.99511 0.0119699
1.49223361076 2.02479 0.01148
1.49850247038 2.0548 0.0119847
1.50478575205 2.0817 0.0120247
1.51107599189 2.11223 0.0129168
1.51736163499 2.14373 0.0121859
1.52364857097 2.17097 0.0114408
1.52993803572 2.20332 0.0123682
1.53623017691 2.23338 0.012885
1.54251071878 2.26555 0.0115275
1.54878396308 2.2947 0.0115147
1.55507306978 2.32684 0.0123889
1.56135732493 2.35701 0.0112287
1.56762912105 2.38773 0.0122808
1.5739136974 2.41967 0.0122614
1.58020354523 2.44948 0.0113767
1.58648539343 2.48312 0.0111821
1.59276001426 2.51361 0.0120707
1.59904643639 2.54485 0.0114154
1.60534213664 2.57897 0.0125675
1.61161976836 2.6187 0.0122353
1.61789716835 2.61535 0.0114374
1.62418270854 2.62799 0.0116415
1.63046407995 2.64494 0.011585
1.63674824683 2.65838 0.0116734
1.64303013827 2.67452 0.0126291
1.64930808063 2.69192 0.0118515
1.65559224863 2.70456 0.0119083
1.66187827598 2.72022 0.0121548
1.66816823994 2.73594 0.0128609
1.6744495611 2.75192 0.0122635
1.68072138563 2.76904 0.0115217
1.68701215424 2.78427 0.0131932
1.6933074808 2.79941 0.0134133
1.69958064303 2.8158 0.0120208
1.70586179344 2.83227 0.0128253
1.71215172419 2.85141 0.0120661
1.71843538617 2.86726 0.0120886
1.72471844694 2.88497 0.0120302
1.73099491844 2.90417 0.0136525
1.73728636032 2.92017 0.0134629
1.74356630258 2.93821 0.0121091
1.74983600778 2.95529 0.013454
1.75612327869 2.97533 0.0126174
1.76241061606 2.99486 0.0128426
1.76869357896 3.01244 0.0135185
1.77497674839 3.03175 0.0126917
1.78126362161 3.04789 0.0132877
1.78754574761 3.06998 0.0133234
1.7938272923 3.08968 0.0133084
1.80010772174 3.11008 0.0144768
1.80639091391 3.12984 0.0140082
1.81267451427 3.14746 0.013222
1.81895363524 3.16954 0.0133076
1.82523850291 3.19046 0.0130966
1.8315236862 3.20893 0.0159727
1.83781040898 3.23026 0.0143253
1.84409642612 3.25262 0.0150137
1.8503769215 3.27507 0.0140536
1.85666074594 3.29437 0.0153465
1.86294359809 3.31791 0.0145956
1.86922204917 3.34073 0.0154885
1.87550781357 3.3623 0.0156889
1.88179499507 3.3839 0.0151459
1.88807781314 3.40696 0.0150672
1.89435244502 3.42903 0.013879
1.90063796885 3.45322 0.0151323
1.90692833723 3.47681 0.0160999
1.91320221586 3.49935 0.0162366
1.91948223445 3.52569 0.0163395
1.92577010575 3.54739 0.0161585
1.93206491035 3.5727 0.0159869
1.93834071151 3.59326 0.0162594
1.94460828613 3.62283 0.014937
1.9508968614 3.64464 0.0159268
1.95718811973 3.66986 0.0152841
1.96347509207 3.69586 0.0167633
1.9697553281 3.72027 0.0162667
1.9760413775 3.74618 0.0165296
1.98233260336 3.77171 0.0165597
1.98861171931 3.7998 0.0172543
1.99488792869 3.82169 0.0162203
2.00117304134 3.84993 0.0163641
2.00745262249 3.87647 0.0161689
2.01372721862 3.9015 0.0162473
2.02001108039 3.92916 0.0177763
2.02630405283 3.95383 0.0176748
2.03258735828 3.98186 0.0169711
2.03886100377 4.01019 0.0169473
2.04514489951 4.03225 0.0184018
2.05143683626 4.06277 0.0187814
2.05772382203 4.08989 0.0166958
2.0640044634 4.1175 0.019199
2.07029278421 4.14264 0.015628
2.07658471853 4.16965 0.0178534
2.08285424307 4.19869 0.0170589
2.08912259138 4.22406 0.0184574
2.09541730178 4.25099 0.020188
2.10170304464 4.28049 0.0179762
2.10797273337 4.30384 0.0186338
2.11425579676 4.33256 0.021478
2.12053788985 4.35787 0.0215328
2.12682075079 4.39063 0.0208216
2.13310670204 4.41339 0.0198185
2.13940011923 4.44222 0.0200679
2.14568939859 4.46947 0.019851
2.15195789682 4.49401 0.0189493
2.15824033347 4.52142 0.0199389
2.16453048092 4.54401 0.0205602
2.17081716829 4.57256 0.021094
2.17709912993 4.59838 0.0214239
2.18337674027 4.62097 0.0203728
2.18965452646 4.64885 0.0212381
2.19593814184 4.66644 0.0216857
2.20221722867 4.69787 0.0213484
2.20849850085 4.71346 0.0214101
2.21479372465 4.74424 0.0210047
2.22107581834 4.76488 0.0221981
2.22733812199 4.78495 0.0231028
2.23362792264 4.80888 0.0214804
2.2399287897 4.82725 0.024977
2.24620084223 4.85261 0.0249772
2.2524810722 4.86755 0.0233371
2.25875993301 4.88557 0.0245322
2.26503776668 4.90245 0.0227456
2.27130391144 4.9173 0.0246183
2.27758972822 4.93421 0.0235895
2.28389830542 4.94928 0.0240584
2.29017001225 4.96876 0.0259254
2.29645357402 4.99005 0.0253609
2.30275372852 5.00997 0.0242576
2.30903325986 5.03208 0.0279367
2.31530674049 5.05434 0.0283262
2.32158490306 5.07296 0.0252485
2.3278758488 5.09308 0.0256939
2.33415543799 5.11803 0.0282082
2.34041936871 5.14337 0.0295155
2.34670710068 5.16425 0.0286305
2.3530032916 5.18522 0.0244681
2.35928989445 5.21299 0.0303459
2.36555387699 5.23691 0.0324007
2.37182578571 5.26341 0.0321343
2.3781409032 5.2828 0.0301554
2.38442809259 5.31184 0.0299135
2.39069258243 5.33512 0.0360653
2.39698813839 5.36014 0.0312567
2.40330354843 5.38143 0.0312917
2.40957307365 5.41541 0.0327545
2.41583080138 5.4373 0.0369622
2.42214385676 5.46524 0.0364091
2.42843005755 5.48888 0.0342573
2.43467776878 5.51599 0.0346565
2.44097021258 5.53987 0.033949
2.44729898127 5.56631 0.0370066
2.45356911846 5.59557 0.040804
2.45980003814 5.61677 0.0378096
2.4661092349 5.64575 0.0405132
2.47241430729 5.67371 0.0397054
2.47866355169 5.69554 0.0370441
2.48493431628 5.7236 0.0389656
2.49124283111 5.75255 0.0385176
2.49755537626 5.7824 0.0398764
2.50380379021 5.80605 0.0422766
2.51005045336 5.8369 0.0471975
2.51638815336 5.86811 0.0440853
2.52269694929 5.89216 0.0504391
2.52891211798 5.91464 0.0486667
2.53519495098 5.93393 0.049461
2.54155301509 5.9665 0.0493277
2.54783359884 5.98828 0.0526885
2.55402772623 6.02913 0.0538768
2.56033571996 6.04416 0.0480987
2.56672381747 6.07486 0.0550208
2.57294751341 6.09689 0.0537531
2.57911252531 6.1228 0.056245
2.58547549612 6.15589 0.0558686
2.59185019505 6.17602 0.0654669
2.59805932148 6.19686 0.0558906
2.60429715989 6.22794 0.0567017
2.61067449751 6.25405 0.0585147
2.61693283418 6.28383 0.0611173
2.62300854502 6.31123 0.0685217
2.62939753095 6.3216 0.057048
2.63591057571 6.35773 0.0792681
2.64202978624 6.37563 0.0736713
2.64803951219 6.39899 0.078965
2.65454096229 6.41965 0.0756174
2.66118028258 6.44274 0.0839427
2.66719514746 6.47769 0.0927006
2.67309090101 6.50151 0.0923027
2.67973176445 6.51101 0.0964295
2.68646693102 6.55411 0.106095
2.69219835647 6.54826 0.129997
2.69796467721 6.55681 0.11538
2.70489193937 6.6001 0.130134
2.71182026315 6.61617 0.123253
2.71709790339 6.65599 0.181109
2.7227864466 6.6533 0.145455
2.72994784687 6.6919 0.176965
2.73706528781 6.71753 0.203388
2.74248820391 6.67498 0.292078
2.74787331837 6.73046 0.265059
2.75504313834 6.75087 0.315075
2.76219934437 6.75226 0.424391
2.76789278819 6.68028 0.721206
2.77283198247 6.75943 0.64973
2.77965581172 6.63146 1.28768
2.78599582346 nan nan
