0.0088996412247 2.00755 0.215486
0.0150791221651 1.69727 0.117043
0.0214479018646 1.44115 0.0788061
0.0278366077649 1.29607 0.0653061
0.034350997858 1.19775 0.0583465
0.0404788676143 1.13329 0.0579767
0.0467671668358 1.10312 0.042029
0.0530822510177 1.08169 0.0438302
0.0594536244094 1.04602 0.0360728
0.0657622481459 1.04846 0.0338651
0.071966329067 1.05186 0.0378422
0.0782786091569 1.06618 0.0298053
0.0847039894583 1.09626 0.0326313
0.0909685462053 1.12575 0.0286525
0.0972078977683 1.15383 0.0306615
0.103476303896 1.17651 0.0332055
0.109757644425 1.19284 0.0275357
0.116054308478 1.2022 0.0245901
0.122366966654 1.21039 0.0284872
0.128681726309 1.21753 0.0241173
0.134950080166 1.22856 0.0220469
0.141194955884 1.2362 0.020871
0.147513357575 1.24149 0.0199516
0.153786507425 1.25071 0.020076
0.160065754405 1.26054 0.0199306
0.166399116869 1.26524 0.0220232
0.172719564578 1.27277 0.0186877
0.178976521338 1.27953 0.0215573
0.185235369065 1.28964 0.0186206
0.191480678734 1.28646 0.0209577
0.197788986865 1.29521 0.0149426
0.204093773545 1.2912 0.0196411
0.210393930261 1.29527 0.0184568
0.216690970982 1.29137 0.0195313
0.222970028122 1.28984 0.0203614
0.229262002709 1.29586 0.0215167
0.235514150837 1.28957 0.0172181
0.241791058382 1.29649 0.020268
0.248085653944 1.29423 0.0242845
0.254349225687 1.29779 0.0201528
0.260633425188 1.29556 0.0187628
0.26692573709 1.29546 0.0185991
0.273242334314 1.29325 0.0192409
0.279552968008 1.29082 0.0185722
0.285836629231 1.28874 0.0210214
0.292087627139 1.28386 0.0201729
0.298344984444 1.27877 0.0228894
0.304638263941 1.27845 0.0183793
0.3109279127 1.27239 0.0182207
0.317216817162 1.27023 0.0185444
0.323518756794 1.2682 0.0213661
0.329816821755 1.26677 0.0177417
0.336117642946 1.26355 0.01858
0.342370037571 1.25992 0.0192864
0.348647819267 1.25726 0.0183306
0.354941161441 1.25229 0.0162162
0.361191693542 1.24469 0.016305
0.367476708956 1.2437 0.018635
0.373764779528 1.24279 0.0196831
0.380065403148 1.23602 0.0175808
0.386353986126 1.22934 0.0172571
0.392614018136 1.22842 0.020755
0.398926450032 1.22273 0.0178758
0.405207324458 1.21599 0.0178047
0.411491647757 1.21034 0.0180748
0.417781427212 1.20665 0.0224972
0.424040064873 1.20119 0.0176396
0.430342569027 1.1949 0.0201316
0.436635856026 1.19313 0.0176083
0.442899618322 1.18674 0.0192609
0.449163441853 1.18122 0.0196147
0.455441414625 1.17509 0.0203703
0.46176344703 1.1703 0.0180367
0.468064424202 1.1661 0.017269
0.474348524276 1.15781 0.017095
0.480635613682 1.15449 0.0199712
0.486901925839 1.1497 0.0170656
0.49316970996 1.14095 0.0190166
0.499450674714 1.13734 0.020806
0.505715905134 1.13059 0.018814
0.511992399627 1.12217 0.0201849
0.518312609777 1.11777 0.0187958
0.524608963803 1.11084 0.0196632
0.530875730848 1.10517 0.0167152
0.537157352795 1.10074 0.0182186
0.543457956378 1.09274 0.0190232
0.549743065239 1.08382 0.0210161
0.55599374275 1.07991 0.0175578
0.562285467661 1.07855 0.018
0.568601153723 1.07483 0.0186883
0.574880458942 1.06669 0.0201472
0.581155021034 1.05913 0.0232096
0.587439449666 1.05278 0.0199647
0.59371762203 1.045 0.0204432
0.599997195479 1.04008 0.0196529
0.606267911512 1.03471 0.0200689
0.612546957644 1.02515 0.0200688
0.618847773304 1.02024 0.0192235
0.625131056744 1.01797 0.0203932
0.631402745038 1.01156 0.0198113
0.637700356273 1.00511 0.0212833
0.643985778331 0.998566 0.0239072
0.650268541717 0.990102 0.0184005
0.65655861177 0.983042 0.0234103
0.662836928236 0.981632 0.0213122
0.669118544496 0.973075 0.0216434
0.675407019858 0.967312 0.020344
0.681683551459 0.960151 0.020533
0.687959253386 0.957286 0.0223479
0.694234431704 0.947255 0.0211804
0.700517540243 0.947926 0.0192934
0.706812495661 0.936905 0.0214437
0.713101900967 0.93438 0.020068
0.719391825117 0.928707 0.0197289
0.72568338076 0.922115 0.0222599
0.731965268271 0.915205 0.0217116
0.738250799048 0.913233 0.0197995
0.744526584212 0.90542 0.0189934
0.750787110194 0.904131 0.0213272
0.757075846532 0.896987 0.020061
0.76336412336 0.894313 0.0203172
0.769646295986 0.889161 0.0231361
0.775939486518 0.883916 0.0215986
0.782232914199 0.878004 0.0230428
0.788531493652 0.877156 0.0247537
0.794789656698 0.872419 0.0257295
0.801049109659 0.864331 0.0212928
0.807336406173 0.883584 0.0207905
0.813622948837 0.85681 0.0214073
0.819915299896 0.851352 0.0261918
0.826195263639 0.849409 0.0247305
0.832489707008 0.844634 0.0235774
0.838795930921 0.84142 0.020857
0.84506346397 0.83899 0.0235613
0.851328286756 0.837864 0.0206329
0.85761982639 0.832356 0.0251008
0.863905847706 0.828796 0.0215206
0.870183874549 0.823192 0.0215223
0.876464109608 0.8261 0.0215305
0.88275038734 0.819079 0.0234149
0.889033276839 0.820651 0.0238934
0.895308424711 0.814711 0.0230167
0.901595652167 0.811 0.0236975
0.907883332809 0.815074 0.0223571
0.914174410632 0.806742 0.0211588
0.920463081772 0.811553 0.0226678
0.926743441526 0.809156 0.0230511
0.933032419735 0.807076 0.0230623
0.939326578557 0.806825 0.024429
0.94559748104 0.808827 0.0254678
0.951866001855 0.804844 0.0252789
0.958141325553 0.804306 0.0261758
0.964435094511 0.804585 0.0239925
0.970735563357 0.80748 0.0233322
0.977008076845 0.809327 0.0215672
0.983282332536 0.803617 0.0287839
0.989556969197 0.810327 0.0214338
0.995845630192 0.813298 0.0209498
1.00213621074 0.813959 0.0214178
1.00840482534 0.817867 0.0235796
1.01469414984 0.817569 0.0250807
1.02099255544 0.821693 0.0197089
1.02727398044 0.823602 0.0261247
1.0335591819 0.825975 0.0214937
1.03984755739 0.83342 0.0215188
1.04612697494 0.836019 0.0244988
1.05240343681 0.840087 0.0226979
1.05868070465 0.845771 0.022816
1.06496433307 0.849311 0.0210698
1.07125677744 0.852366 0.0236427
1.0775440488 0.857382 0.0229136
1.08382482019 0.865981 0.0210707
1.09010802394 0.872983 0.0227534
1.09638966596 0.879304 0.0210217
1.10268113206 0.884093 0.020129
1.10896304759 0.891017 0.0231078
1.11522542846 0.90359 0.0229899
1.12150212761 0.913949 0.0234322
1.12779257382 0.917884 0.0190525
1.13408955267 0.929143 0.0198898
1.14036404965 0.938555 0.0220384
1.14663918032 0.949301 0.0217191
1.15294241299 0.959895 0.021224
1.15922890675 0.969244 0.0188128
1.16550872189 0.980515 0.0206106
1.17179307626 0.993545 0.0190734
1.17808743637 1.00202 0.0195077
1.18436765425 1.01438 0.0206101
1.1906346423 1.02589 0.0195167
1.19691220883 1.04123 0.0185244
1.20320157735 1.05209 0.0207036
1.20948684444 1.06769 0.0188439
1.21576390207 1.08587 0.0183263
1.22204975517 1.09257 0.0177404
1.22834061662 1.11039 0.0190907
1.23463298658 1.12603 0.0179793
1.24090224718 1.14058 0.0187711
1.24717483914 1.15715 0.017692
1.25346545993 1.17327 0.0184437
1.25974995189 1.18754 0.0169512
1.26603214313 1.20487 0.0149287
1.27231628847 1.22527 0.0184424
1.27860415506 1.23838 0.0144469
1.28488658893 1.25683 0.0162832
1.29117542007 1.27485 0.0165686
1.29746572637 1.29619 0.0163978
1.30374182701 1.31211 0.0157128
1.31001732292 1.33634 0.0171477
1.31630144766 1.35324 0.0170727
1.32258676036 1.37287 0.0141947
1.32886549245 1.39437 0.0157124
1.33514480495 1.4136 0.0161315
1.34144051627 1.43734 0.0150957
1.34773086842 1.45648 0.015585
1.35400158999 1.48218 0.0147582
1.3602826093 1.50308 0.0147439
1.36656568646 1.52479 0.0131752
1.37285149848 1.54557 0.0134216
1.37913537293 1.57192 0.0154925
1.38540956715 1.59286 0.0143611
1.39169864122 1.61756 0.0134013
1.39798445144 1.64347 0.0131906
1.40426788341 1.66671 0.015138
1.41055477948 1.6924 0.0133168
1.41683783355 1.71748 0.0121924
1.42311817719 1.74511 0.0106055
1.42939780116 1.76893 0.0129559
1.43568692182 1.79662 0.0129095
1.44197712177 1.8217 0.0127535
1.44825366785 1.84961 0.0140656
1.45453234897 1.87794 0.011346
1.46081931915 1.9026 0.0125917
1.4671103644 1.92943 0.0130914
1.47339290895 1.95779 0.0133011
1.47966996524 1.98779 0.0117122
1.4859561446 2.01358 0.0117595
1.49223361076 2.04478 0.0108801
1.49850247038 2.07159 0.0116188
1.50478575205 2.10096 0.0126139
1.51107599189 2.12969 0.0126932
1.51736163499 2.16162 0.0124101
1.52364857097 2.18887 0.0117526
1.52993803572 2.22133 0.0128053
1.53623017691 2.2503 0.0121668
1.54251071878 2.28294 0.0112707
1.54878396308 2.31242 0.0111716
1.55507306978 2.34454 0.0122815
1.56135732493 2.37428 0.0111802
1.56762912105 2.40593 0.0119237
1.5739136974 2.43693 0.0126164
1.58020354523 2.46748 0.0115825
1.58648539343 2.50103 0.0116836
1.59276001426 2.5312 0.0111857
1.59904643639 2.5624 0.0122593
1.60534213664 2.59799 0.0127276
1.61161976836 2.61871 0.0126816
1.61789716835 2.63342 0.0108328
1.62418270854 2.64662 0.0119165
1.63046407995 2.6635 0.0115818
1.63674824683 2.67742 0.0120814
1.64303013827 2.69337 0.0126512
1.64930808063 2.70944 0.011577
1.65559224863 2.72337 0.0126496
1.66187827598 2.7387 0.0130452
1.66816823994 2.75469 0.0124202
1.6744495611 2.77184 0.0131005
1.68072138563 2.78775 0.011041
1.68701215424 2.80214 0.0135334
1.6933074808 2.81787 0.0131881
1.69958064303 2.83451 0.0124384
1.70586179344 2.85197 0.0119229
1.71215172419 2.87149 0.0125629
1.71843538617 2.88808 0.0126298
1.72471844694 2.9048 0.0113851
1.73099491844 2.92344 0.0131374
1.73728636032 2.94079 0.0130921
1.74356630258 2.95776 0.0116611
1.74983600778 2.97581 0.0128743
1.75612327869 2.99592 0.0133395
1.76241061606 3.01475 0.0130196
1.76869357896 3.03268 0.0128847
1.77497674839 3.05229 0.0133582
1.78126362161 3.06947 0.0129832
1.78754574761 3.09178 0.0136906
1.7938272923 3.1116 0.0130954
1.80010772174 3.13228 0.0147593
1.80639091391 3.15235 0.0140612
1.81267451427 3.16949 0.0122823
1.81895363524 3.19224 0.01404
1.82523850291 3.21355 0.0136568
1.8315236862 3.2322 0.0144986
1.83781040898 3.25334 0.0130092
1.84409642612 3.27546 0.0152122
1.8503769215 3.29969 0.0151998
1.85666074594 3.31939 0.0145262
1.86294359809 3.34063 0.0149506
1.86922204917 3.36601 0.015085
1.87550781357 3.38666 0.0161581
1.88179499507 3.40835 0.0151119
1.88807781314 3.43228 0.0148686
1.89435244502 3.45376 0.014577
1.90063796885 3.47897 0.0146438
1.90692833723 3.50282 0.017086
1.91320221586 3.52658 0.0159172
1.91948223445 3.5504 0.0153221
1.92577010575 3.57392 0.0168285
1.93206491035 3.60066 0.0160237
1.93834071151 3.62058 0.0159295
1.94460828613 3.64884 0.0149068
1.9508968614 3.67203 0.0162975
1.95718811973 3.69737 0.014625
1.96347509207 3.72384 0.0156483
1.9697553281 3.74901 0.0159144
1.9760413775 3.77563 0.0163954
1.98233260336 3.8018 0.0165764
1.98861171931 3.82847 0.0175617
1.99488792869 3.85077 0.0166645
2.00117304134 3.87945 0.0161472
2.00745262249 3.90724 0.016635
2.01372721862 3.93226 0.0167294
2.02001108039 3.95899 0.0173893
2.02630405283 3.98412 0.0162184
2.03258735828 4.01155 0.0175675
2.03886100377 4.04141 0.0173696
2.04514489951 4.06484 0.0176764
2.05143683626 4.09544 0.017168
2.05772382203 4.12196 0.0175331
2.0640044634 4.14917 0.0189609
2.07029278421 4.17628 0.0169643
2.07658471853 4.20266 0.0165253
2.08285424307 4.23176 0.0176432
2.08912259138 4.25636 0.0176547
2.09541730178 4.28392 0.0206195
2.10170304464 4.31472 0.0183034
2.10797273337 4.33906 0.0182007
2.11425579676 4.36695 0.0199201
2.12053788985 4.39228 0.0205456
2.12682075079 4.42509 0.0193298
2.13310670204 4.44752 0.0186924
2.13940011923 4.47663 0.0205798
2.14568939859 4.50447 0.0180497
2.15195789682 4.52917 0.0179308
2.15824033347 4.55718 0.0206311
2.16453048092 4.58027 0.020093
2.17081716829 4.60789 0.0213289
2.17709912993 4.63547 0.0214721
2.18337674027 4.65658 0.0210155
2.18965452646 4.68608 0.0188415
2.19593814184 4.70411 0.0212654
2.20221722867 4.73558 0.019818
2.20849850085 4.75157 0.0214892
2.21479372465 4.78162 0.0219631
2.22107581834 4.80166 0.0219152
2.22733812199 4.8235 0.0207841
2.23362792264 4.84804 0.0207762
2.2399287897 4.86589 0.0240308
2.24620084223 4.89044 0.0229423
2.2524810722 4.90699 0.024181
2.25875993301 4.92571 0.0247686
2.26503776668 4.94269 0.0259465
2.27130391144 4.95798 0.0250496
2.27758972822 4.9751 0.0261673
2.28389830542 4.99244 0.0231467
2.29017001225 5.01162 0.0269411
2.29645357402 5.03459 0.0238239
2.30275372852 5.05372 0.0233711
2.30903325986 5.07592 0.0274697
2.31530674049 5.09892 0.0280186
2.32158490306 5.11808 0.0253393
2.3278758488 5.13793 0.027142
2.33415543799 5.16173 0.0292734
2.34041936871 5.19063 0.0299167
2.34670710068 5.21034 0.0284393
2.3530032916 5.22988 0.0252833
2.35928989445 5.25989 0.0279517
2.36555387699 5.2851 0.0313942
2.37182578571 5.30926 0.0318087
2.3781409032 5.32883 0.0303806
2.38442809259 5.36084 0.0312648
2.39069258243 5.38258 0.0357866
2.39698813839 5.40952 0.0308845
2.40330354843 5.4303 0.0321242
2.40957307365 5.46394 0.0328745
2.41583080138 5.48628 0.0358735
2.42214385676 5.51396 0.0354093
2.42843005755 5.54166 0.0335422
2.43467776878 5.56975 0.0349708
2.44097021258 5.59206 0.0354499
2.44729898127 5.61723 0.0370826
2.45356911846 5.64969 0.0402217
2.45980003814 5.67172 0.0408631
2.4661092349 5.6949 0.0446475
2.47241430729 5.72585 0.0402979
2.47866355169 5.75012 0.0380047
2.48493431628 5.78029 0.040406
2.49124283111 5.80585 0.0424585
2.49755537626 5.83855 0.042048
2.50380379021 5.86271 0.0405333
2.51005045336 5.8929 0.0461656
2.51638815336 5.92326 0.0455484
2.52269694929 5.94551 0.0476959
2.52891211798 5.97016 0.0516099
2.53519495098 5.99203 0.0491523
2.54155301509 6.02452 0.0485405
2.54783359884 6.04463 0.0527407
2.55402772623 6.08562 0.0500705
2.56033571996 6.10372 0.0489711
2.56672381747 6.13424 0.0547423
2.57294751341 6.15581 0.0572291
2.57911252531 6.1816 0.0547118
2.58547549612 6.21224 0.0586809
2.59185019505 6.23169 0.0623723
2.59805932148 6.2592 0.0622968
2.60429715989 6.28651 0.0641671
2.61067449751 6.31814 0.0570966
2.61693283418 6.3409 0.0632237
2.62300854502 6.36837 0.0678201
2.62939753095 6.37704 0.0599361
2.63591057571 6.41779 0.0728897
2.64202978624 6.43404 0.0719574
2.64803951219 6.45496 0.0767116
2.65454096229 6.47864 0.082609
2.66118028258 6.50178 0.0878794
2.66719514746 6.53717 0.0936396
2.67309090101 6.555 0.0877796
2.67973176445 6.57136 0.103734
2.68646693102 6.60912 0.1094
2.69219835647 6.61022 0.127514
2.69796467721 6.61513 0.114097
2.70489193937 6.65086 0.116615
2.71182026315 6.68673 0.128654
2.71709790339 6.7134 0.194435
2.7227864466 6.71815 0.152959
2.72994784687 6.73333 0.154845
2.73706528781 6.77713 0.204471
2.74248820391 6.74085 0.285323
2.74787331837 6.788 0.25451
2.75504313834 6.80793 0.300013
2.76219934437 6.81448 0.416243
2.76789278819 6.72739 0.666529
2.77283198247 6.88963 0.69601
2.77965581172 6.71528 1.37473
2.78599582346 nan nan
