0.0088996412247 2.96778 0.265314
0.0150791221651 2.54398 0.146552
0.0214479018646 2.16335 0.0954548
0.0278366077649 1.91682 0.0786919
0.034350997858 1.73536 0.0716251
0.0404788676143 1.59324 0.0695659
0.0467671668358 1.50148 0.0520403
0.0530822510177 1.4283 0.0535308
0.0594536244094 1.35224 0.0418698
0.0657622481459 1.32052 0.0391046
0.071966329067 1.30068 0.0421752
0.0782786091569 1.30142 0.0351074
0.0847039894583 1.32674 0.0379428
0.0909685462053 1.35574 0.0335198
0.0972078977683 1.38478 0.0319856
0.103476303896 1.41335 0.0324078
0.109757644425 1.43178 0.0280033
0.116054308478 1.44581 0.0285023
0.122366966654 1.45836 0.0280086
0.128681726309 1.46978 0.0254558
0.134950080166 1.49 0.0206704
0.141194955884 1.49788 0.0246237
0.147513357575 1.50944 0.0217764
0.153786507425 1.52195 0.0231553
0.160065754405 1.53567 0.0208534
0.166399116869 1.54058 0.0231005
0.172719564578 1.55469 0.0198691
0.178976521338 1.56309 0.0212036
0.185235369065 1.57733 0.0187208
0.191480678734 1.57726 0.0193009
0.197788986865 1.58313 0.0184197
0.204093773545 1.58018 0.0210206
0.210393930261 1.58469 0.0173533
0.216690970982 1.57976 0.0217022
0.222970028122 1.57623 0.0186624
0.229262002709 1.58256 0.0208992
0.235514150837 1.576 0.0186256
0.241791058382 1.57975 0.0192158
0.248085653944 1.57509 0.0225498
0.254349225687 1.57747 0.01849
0.260633425188 1.56991 0.0171618
0.26692573709 1.56733 0.0185384
0.273242334314 1.56169 0.0180608
0.279552968008 1.5565 0.0171975
0.285836629231 1.5497 0.0200543
0.292087627139 1.54257 0.018965
0.298344984444 1.5341 0.0207744
0.304638263941 1.53066 0.0189056
0.3109279127 1.52094 0.0186433
0.317216817162 1.51703 0.0167349
0.323518756794 1.51003 0.0186705
0.329816821755 1.50402 0.0172885
0.336117642946 1.49787 0.0177586
0.342370037571 1.48856 0.0185494
0.348647819267 1.48289 0.0169997
0.354941161441 1.476 0.0159279
0.361191693542 1.46481 0.0163945
0.367476708956 1.46002 0.016813
0.373764779528 1.45637 0.018034
0.380065403148 1.44375 0.0183552
0.386353986126 1.43643 0.0158252
0.392614018136 1.43147 0.017681
0.398926450032 1.42255 0.0180586
0.405207324458 1.43184 0.0153208
0.411491647757 1.40471 0.0170555
0.417781427212 1.40101 0.0189847
0.424040064873 1.39012 0.0162392
0.430342569027 1.38317 0.0182486
0.436635856026 1.37862 0.0172311
0.442899618322 1.3683 0.0184983
0.449163441853 1.36086 0.0176979
0.455441414625 1.35307 0.0193115
0.46176344703 1.34489 0.0171757
0.468064424202 1.33893 0.0159235
0.474348524276 1.33037 0.0151201
0.480635613682 1.3217 0.0179756
0.486901925839 1.31498 0.0159998
0.49316970996 1.30388 0.0185877
0.499450674714 1.29812 0.0172189
0.505715905134 1.29015 0.0166552
0.511992399627 1.2793 0.0178628
0.518312609777 1.27347 0.0174869
0.524608963803 1.26579 0.0172778
0.530875730848 1.25844 0.018089
0.537157352795 1.25161 0.0165188
0.543457956378 1.24218 0.0173088
0.549743065239 1.23183 0.0195575
0.55599374275 1.22522 0.015978
0.562285467661 1.21917 0.0168074
0.568601153723 1.21568 0.0181546
0.574880458942 1.20374 0.0174937
0.581155021034 1.1949 0.021811
0.587439449666 1.1899 0.0206582
0.59371762203 1.17929 0.0179475
0.599997195479 1.17343 0.0182584
0.606267911512 1.16348 0.0185
0.612546957644 1.15552 0.0189937
0.618847773304 1.14951 0.0180368
0.625131056744 1.14396 0.0184416
0.631402745038 1.13621 0.0163651
0.637700356273 1.12994 0.0204811
0.643985778331 1.12023 0.0220368
0.650268541717 1.11237 0.0196656
0.65655861177 1.10506 0.0228693
0.662836928236 1.09935 0.0198891
0.669118544496 1.08897 0.0191334
0.675407019858 1.08397 0.0185152
0.681683551459 1.07479 0.0198833
0.687959253386 1.06845 0.0207674
0.694234431704 1.05986 0.0205608
0.700517540243 1.05709 0.0183522
0.706812495661 1.04484 0.018139
0.713101900967 1.03953 0.0193805
0.719391825117 1.03483 0.0177467
0.72568338076 1.0283 0.0195707
0.731965268271 1.02079 0.0193235
0.738250799048 1.01349 0.019111
0.744526584212 1.00812 0.0189343
0.750787110194 1.00404 0.0206871
0.757075846532 0.993964 0.0203003
0.76336412336 0.99139 0.0183937
0.769646295986 0.984863 0.0202235
0.775939486518 0.979461 0.0195254
0.782232914199 0.970593 0.0214768
0.788531493652 0.967221 0.0226709
0.794789656698 0.960636 0.0231467
0.801049109659 0.95453 0.0182558
0.807336406173 0.949847 0.0202811
0.813622948837 0.940687 0.0212077
0.819915299896 0.936281 0.0246322
0.826195263639 0.930993 0.0218421
0.832489707008 0.924307 0.0224244
0.838795930921 0.921172 0.0214151
0.84506346397 0.916919 0.0197746
0.851328286756 0.915563 0.0206837
0.85761982639 0.905768 0.0198205
0.863905847706 0.901414 0.0217535
0.870183874549 0.895858 0.0197102
0.876464109608 0.896173 0.021087
0.88275038734 0.886937 0.0222253
0.889033276839 0.885907 0.0231776
0.895308424711 0.880249 0.0211568
0.901595652167 0.878388 0.0225243
0.907883332809 0.875964 0.0217156
0.914174410632 0.8675 0.0204639
0.920463081772 0.869402 0.0216833
0.926743441526 0.866639 0.0209284
0.933032419735 0.865538 0.023468
0.939326578557 0.862294 0.0205034
0.94559748104 0.862733 0.0230002
0.951866001855 0.858966 0.0220549
0.958141325553 0.852508 0.0244738
0.964435094511 0.851442 0.0242088
0.970735563357 0.853404 0.0202115
0.977008076845 0.855535 0.0222923
0.983282332536 0.848041 0.0249366
0.989556969197 0.851694 0.0216914
0.995845630192 0.853462 0.0236194
1.00213621074 0.855449 0.0198761
1.00840482534 0.857134 0.0212367
1.01469414984 0.855464 0.0233332
1.02099255544 0.859502 0.019211
1.02727398044 0.857 0.023466
1.0335591819 0.859487 0.0227755
1.03984755739 0.86602 0.0203248
1.04612697494 0.866767 0.0225335
1.05240343681 0.868421 0.0213534
1.05868070465 0.875381 0.0226616
1.06496433307 0.875681 0.021269
1.07125677744 0.876657 0.0216768
1.0775440488 0.880572 0.0200189
1.08382482019 0.887685 0.0209929
1.09010802394 0.893401 0.0233621
1.09638966596 0.900081 0.0214899
1.10268113206 0.901826 0.0203408
1.10896304759 0.90924 0.0213993
1.11522542846 0.920816 0.0196693
1.12150212761 0.927663 0.0228998
1.12779257382 0.931435 0.0183198
1.13408955267 0.941087 0.0197
1.14036404965 0.947689 0.0199605
1.14663918032 0.9604 0.0206446
1.15294241299 0.967775 0.0203522
1.15922890675 0.978443 0.0199589
1.16550872189 0.988184 0.0190604
1.17179307626 0.998011 0.0205496
1.17808743637 1.0068 0.0188496
1.18436765425 1.02012 0.0204856
1.1906346423 1.03117 0.0204319
1.19691220883 1.04455 0.0184035
1.20320157735 1.05391 0.0211234
1.20948684444 1.0701 0.0175371
1.21576390207 1.08765 0.0179602
1.22204975517 1.09329 0.0182561
1.22834061662 1.11091 0.0180248
1.23463298658 1.12392 0.0194737
1.24090224718 1.13942 0.0176259
1.24717483914 1.155 0.0172089
1.25346545993 1.16948 0.0174919
1.25974995189 1.18295 0.0174197
1.26603214313 1.20275 0.0164829
1.27231628847 1.21907 0.0166814
1.27860415506 1.23503 0.0151592
1.28488658893 1.25098 0.0140524
1.29117542007 1.26916 0.0168991
1.29746572637 1.28791 0.0138756
1.30374182701 1.30584 0.0156117
1.31001732292 1.32976 0.0170417
1.31630144766 1.34599 0.0162972
1.32258676036 1.36606 0.0150122
1.32886549245 1.38656 0.0162435
1.33514480495 1.40482 0.0164579
1.34144051627 1.42773 0.0150073
1.34773086842 1.44818 0.016587
1.35400158999 1.4731 0.0154452
1.3602826093 1.49423 0.0126569
1.36656568646 1.51611 0.0128916
1.37285149848 1.53757 0.0142316
1.37913537293 1.56132 0.0156132
1.38540956715 1.58334 0.0154265
1.39169864122 1.60852 0.0132299
1.39798445144 1.63314 0.0133346
1.40426788341 1.65684 0.0137491
1.41055477948 1.68203 0.0136302
1.41683783355 1.70729 0.0138819
1.42311817719 1.73408 0.011794
1.42939780116 1.7584 0.0137027
1.43568692182 1.78645 0.0135929
1.44197712177 1.81179 0.0129779
1.44825366785 1.83816 0.0133973
1.45453234897 1.86758 0.0128022
1.46081931915 1.89244 0.0126109
1.4671103644 1.91965 0.0129362
1.47339290895 1.94804 0.013566
1.47966996524 1.97668 0.0119744
1.4859561446 2.00407 0.011913
1.49223361076 2.03437 0.0116253
1.49850247038 2.06199 0.0118794
1.50478575205 2.09041 0.012704
1.51107599189 2.11969 0.0127977
1.51736163499 2.15104 0.0112892
1.52364857097 2.17842 0.0112544
1.52993803572 2.2109 0.0116033
1.53623017691 2.24075 0.0107711
1.54251071878 2.27341 0.0112963
1.54878396308 2.30285 0.0107833
1.55507306978 2.33436 0.0123636
1.56135732493 2.36504 0.0112465
1.56762912105 2.39629 0.0113072
1.5739136974 2.42659 0.0125389
1.58020354523 2.45739 0.0120991
1.58648539343 2.49138 0.0116603
1.59276001426 2.52213 0.0111055
1.59904643639 2.55329 0.0130756
1.60534213664 2.58738 0.011651
1.61161976836 2.60945 0.0119038
1.61789716835 2.62388 0.0107516
1.62418270854 2.63757 0.0115337
1.63046407995 2.65512 0.0110235
1.63674824683 2.66814 0.0121865
1.64303013827 2.68475 0.0115641
1.64930808063 2.70038 0.0118613
1.65559224863 2.71327 0.0122046
1.66187827598 2.72957 0.0125024
1.66816823994 2.74475 0.012117
1.6744495611 2.76192 0.0123674
1.68072138563 2.77798 0.0120521
1.68701215424 2.79282 0.0131596
1.6933074808 2.8086 0.0132304
1.69958064303 2.82483 0.0123228
1.70586179344 2.84186 0.0127304
1.71215172419 2.86257 0.0119149
1.71843538617 2.87788 0.0124295
1.72471844694 2.89481 0.0113803
1.73099491844 2.91409 0.0137275
1.73728636032 2.9309 0.0120951
1.74356630258 2.94858 0.0113484
1.74983600778 2.96752 0.0132165
1.75612327869 2.98705 0.0135451
1.76241061606 3.00525 0.0123891
1.76869357896 3.02387 0.013356
1.77497674839 3.0432 0.0124566
1.78126362161 3.0603 0.0129458
1.78754574761 3.08287 0.0131611
1.7938272923 3.10281 0.0134466
1.80010772174 3.12316 0.0150575
1.80639091391 3.14284 0.0143032
1.81267451427 3.16124 0.0134012
1.81895363524 3.1836 0.0144668
1.82523850291 3.20512 0.0130747
1.8315236862 3.22327 0.0145388
1.83781040898 3.24415 0.0130681
1.84409642612 3.26709 0.0149189
1.8503769215 3.29212 0.0141051
1.85666074594 3.31095 0.0148502
1.86294359809 3.33246 0.0149098
1.86922204917 3.35822 0.0151284
1.87550781357 3.37834 0.0167754
1.88179499507 3.40102 0.0153741
1.88807781314 3.42372 0.015211
1.89435244502 3.4464 0.013542
1.90063796885 3.47116 0.0148041
1.90692833723 3.49521 0.0173161
1.91320221586 3.51931 0.0158995
1.91948223445 3.54446 0.0154829
1.92577010575 3.56645 0.0164892
1.93206491035 3.59455 0.0150345
1.93834071151 3.61321 0.0159295
1.94460828613 3.64227 0.0158275
1.9508968614 3.66579 0.0158104
1.95718811973 3.69191 0.0145508
1.96347509207 3.71745 0.0162514
1.9697553281 3.743 0.0171957
1.9760413775 3.76965 0.0165628
1.98233260336 3.79544 0.0163181
1.98861171931 3.82217 0.016856
1.99488792869 3.84582 0.0167365
2.00117304134 3.87466 0.0163872
2.00745262249 3.90215 0.0174769
2.01372721862 3.92698 0.0173861
2.02001108039 3.9541 0.0174492
2.02630405283 3.97914 0.0164518
2.03258735828 4.00756 0.0167895
2.03886100377 4.03762 0.0169921
2.04514489951 4.06042 0.0178558
2.05143683626 4.09164 0.0170032
2.05772382203 4.11652 0.0174225
2.0640044634 4.14495 0.0188653
2.07029278421 4.1724 0.0162071
2.07658471853 4.19893 0.0169051
2.08285424307 4.22859 0.0171522
2.08912259138 4.25335 0.0176991
2.09541730178 4.28027 0.0195966
2.10170304464 4.31137 0.0178359
2.10797273337 4.33588 0.0190758
2.11425579676 4.36489 0.0210739
2.12053788985 4.3898 0.0202243
2.12682075079 4.42214 0.0196709
2.13310670204 4.44561 0.0191007
2.13940011923 4.47379 0.0196799
2.14568939859 4.50211 0.0181648
2.15195789682 4.52665 0.0183281
2.15824033347 4.55521 0.0202214
2.16453048092 4.57844 0.0199618
2.17081716829 4.60712 0.0213876
2.17709912993 4.63376 0.0220456
2.18337674027 4.65509 0.0209059
2.18965452646 4.68303 0.0187264
2.19593814184 4.70194 0.0216405
2.20221722867 4.73327 0.0199889
2.20849850085 4.74989 0.0203181
2.21479372465 4.78119 0.0227401
2.22107581834 4.80058 0.0223362
2.22733812199 4.82329 0.0219997
2.23362792264 4.8473 0.0223212
2.2399287897 4.86554 0.0255765
2.24620084223 4.89061 0.0232587
2.2524810722 4.90631 0.0253746
2.25875993301 4.92638 0.0260111
2.26503776668 4.94263 0.0252142
2.27130391144 4.95572 0.0248055
2.27758972822 4.9756 0.0257935
2.28389830542 4.99143 0.0236678
2.29017001225 5.012 0.0271841
2.29645357402 5.03442 0.0248253
2.30275372852 5.05239 0.022898
2.30903325986 5.07716 0.0293517
2.31530674049 5.09898 0.0296576
2.32158490306 5.1176 0.0259963
2.3278758488 5.13964 0.0293989
2.33415543799 5.16325 0.0298765
2.34041936871 5.1918 0.0297846
2.34670710068 5.21183 0.0279323
2.3530032916 5.23275 0.0260055
2.35928989445 5.26065 0.0286256
2.36555387699 5.28694 0.0324748
2.37182578571 5.30934 0.0320578
2.3781409032 5.33193 0.0313362
2.38442809259 5.36115 0.0328213
2.39069258243 5.38329 0.0345047
2.39698813839 5.41078 0.0314491
2.40330354843 5.43568 0.0310246
2.40957307365 5.46651 0.0329496
2.41583080138 5.48831 0.0364413
2.42214385676 5.51564 0.0343781
2.42843005755 5.54397 0.0356365
2.43467776878 5.5716 0.0368137
2.44097021258 5.59486 0.0346495
2.44729898127 5.62211 0.0383901
2.45356911846 5.65139 0.0418764
2.45980003814 5.67302 0.0390486
2.4661092349 5.70063 0.0414267
2.47241430729 5.72893 0.0418086
2.47866355169 5.75353 0.0396975
2.48493431628 5.78491 0.0405968
2.49124283111 5.80923 0.0420143
2.49755537626 5.84362 0.0410385
2.50380379021 5.8664 0.039945
2.51005045336 5.89615 0.0493575
2.51638815336 5.92778 0.045449
2.52269694929 5.95022 0.0478502
2.52891211798 5.97636 0.054955
2.53519495098 5.99731 0.0475522
2.54155301509 6.02815 0.0499197
2.54783359884 6.05351 0.0548502
2.55402772623 6.09096 0.0521738
2.56033571996 6.10898 0.0470556
2.56672381747 6.13736 0.0581967
2.57294751341 6.16187 0.056172
2.57911252531 6.18568 0.0511616
2.58547549612 6.21724 0.0559998
2.59185019505 6.23785 0.0629615
2.59805932148 6.26781 0.0543734
2.60429715989 6.29616 0.0633037
2.61067449751 6.32631 0.0570143
2.61693283418 6.34638 0.0636776
2.62300854502 6.37368 0.0667725
2.62939753095 6.38236 0.0654529
2.63591057571 6.42284 0.0770119
2.64202978624 6.43968 0.0709462
2.64803951219 6.45693 0.0819153
2.65454096229 6.49017 0.0809786
2.66118028258 6.50767 0.0815814
2.66719514746 6.54484 0.0890759
2.67309090101 6.55272 0.0890461
2.67973176445 6.57399 0.0984126
2.68646693102 6.61604 0.104307
2.69219835647 6.61189 0.118851
2.69796467721 6.62217 0.12051
2.70489193937 6.65776 0.111864
2.71182026315 6.69622 0.132893
2.71709790339 6.71305 0.195296
2.7227864466 6.72344 0.146312
2.72994784687 6.74541 0.165366
2.73706528781 6.78771 0.201163
2.74248820391 6.75655 0.274472
2.74787331837 6.80885 0.25215
2.75504313834 6.80192 0.307476
2.76219934437 6.79929 0.437554
2.76789278819 6.76748 0.722721
2.77283198247 6.85218 0.675201
2.77965581172 6.81749 1.43038
2.78599582346 nan nan
