0.0088996412247 1.66014 0.0695933
0.0150791221651 1.62323 0.0365025
0.0214479018646 1.59498 0.0238294
0.0278366077649 1.57471 0.0240808
0.034350997858 1.55378 0.0167772
0.0404788676143 1.53923 0.0196579
0.0467671668358 1.5321 0.0163536
0.0530822510177 1.52823 0.0160892
0.0594536244094 1.5247 0.0118959
0.0657622481459 1.52098 0.012651
0.071966329067 1.51979 0.0116071
0.0782786091569 1.51555 0.0121831
0.0847039894583 1.50461 0.011766
0.0909685462053 1.49798 0.0131752
0.0972078977683 1.49124 0.011486
0.103476303896 1.48661 0.0128241
0.109757644425 1.48605 0.0123508
0.116054308478 1.48624 0.0116978
0.122366966654 1.48607 0.0115924
0.128681726309 1.48305 0.011131
0.134950080166 1.47906 0.011304
0.141194955884 1.47085 0.0100509
0.147513357575 1.46411 0.00883826
0.153786507425 1.45593 0.011648
0.160065754405 1.44884 0.0107989
0.166399116869 1.4434 0.0103776
0.172719564578 1.43968 0.0103482
0.178976521338 1.43638 0.0107944
0.185235369065 1.43409 0.0110149
0.191480678734 1.43008 0.0108957
0.197788986865 1.42674 0.0106752
0.204093773545 1.41779 0.0110509
0.210393930261 1.41266 0.00974261
0.216690970982 1.40344 0.0108006
0.222970028122 1.39526 0.0110901
0.229262002709 1.39037 0.0114214
0.235514150837 1.38266 0.0113057
0.241791058382 1.37939 0.0108082
0.248085653944 1.37238 0.0105378
0.254349225687 1.36745 0.0107126
0.260633425188 1.36023 0.00981089
0.26692573709 1.35411 0.0105853
0.273242334314 1.34837 0.00909579
0.279552968008 1.34002 0.0101499
0.285836629231 1.33325 0.0122025
0.292087627139 1.32638 0.0109898
0.298344984444 1.32108 0.00965632
0.304638263941 1.30959 0.00986328
0.3109279127 1.3047 0.0101407
0.317216817162 1.29819 0.0104545
0.323518756794 1.28999 0.0110699
0.329816821755 1.2847 0.00975824
0.336117642946 1.27823 0.00998242
0.342370037571 1.2714 0.0120563
0.348647819267 1.26331 0.0101063
0.354941161441 1.25475 0.00984707
0.361191693542 1.24722 0.00962078
0.367476708956 1.24139 0.0100501
0.373764779528 1.23431 0.00957724
0.380065403148 1.2251 0.0101438
0.386353986126 1.21978 0.0100645
0.392614018136 1.21188 0.0107521
0.398926450032 1.20449 0.00885067
0.405207324458 1.19696 0.00924801
0.411491647757 1.18996 0.00940403
0.417781427212 1.18252 0.0115394
0.424040064873 1.17589 0.00983035
0.430342569027 1.16807 0.0101258
0.436635856026 1.16147 0.00995717
0.442899618322 1.15364 0.0104386
0.449163441853 1.14671 0.0107229
0.455441414625 1.13851 0.0115244
0.46176344703 1.13278 0.0105035
0.468064424202 1.12388 0.0113678
0.474348524276 1.11797 0.0103498
0.480635613682 1.11133 0.0107253
0.486901925839 1.10343 0.00951146
0.49316970996 1.09433 0.0114531
0.499450674714 1.08983 0.0115068
0.505715905134 1.07883 0.0105436
0.511992399627 1.07422 0.0113285
0.518312609777 1.06597 0.0104478
0.524608963803 1.05724 0.0094319
0.530875730848 1.05162 0.0107527
0.537157352795 1.04465 0.00967296
0.543457956378 1.03606 0.0101283
0.549743065239 1.02786 0.0100584
0.55599374275 1.02238 0.0106546
0.562285467661 1.01667 0.0105552
0.568601153723 1.00914 0.0106896
0.574880458942 1.00073 0.01192
0.581155021034 0.994206 0.0110198
0.587439449666 0.98702 0.0122509
0.59371762203 0.977429 0.010393
0.599997195479 0.97254 0.0120546
0.606267911512 0.964141 0.0108322
0.612546957644 0.956629 0.010115
0.618847773304 0.951789 0.0113048
0.625131056744 0.945234 0.0110893
0.631402745038 0.93703 0.0112821
0.637700356273 0.932606 0.0121654
0.643985778331 0.923468 0.0103345
0.650268541717 0.917479 0.0112846
0.65655861177 0.909413 0.0129474
0.662836928236 0.903773 0.011639
0.669118544496 0.896603 0.0105061
0.675407019858 0.892255 0.0116564
0.681683551459 0.88246 0.0119469
0.687959253386 0.874613 0.0131446
0.694234431704 0.869952 0.010319
0.700517540243 0.866407 0.0115366
0.706812495661 0.856185 0.0117962
0.713101900967 0.850694 0.0117202
0.719391825117 0.844753 0.0126352
0.72568338076 0.836791 0.0112651
0.731965268271 0.830477 0.0131946
0.738250799048 0.825403 0.01102
0.744526584212 0.819177 0.0113948
0.750787110194 0.811919 0.0116338
0.757075846532 0.805249 0.0119621
0.76336412336 0.800451 0.0114009
0.769646295986 0.795461 0.0135559
0.775939486518 0.788779 0.0123733
0.782232914199 0.784454 0.012482
0.788531493652 0.777973 0.0120443
0.794789656698 0.770077 0.0131973
0.801049109659 0.765195 0.0118994
0.807336406173 0.759717 0.0128205
0.813622948837 0.753421 0.0124398
0.819915299896 0.74736 0.0136861
0.826195263639 0.744485 0.0143925
0.832489707008 0.73819 0.0139937
0.838795930921 0.731525 0.0124618
0.84506346397 0.726689 0.0118332
0.851328286756 0.720641 0.0129237
0.85761982639 0.717245 0.0119622
0.863905847706 0.71179 0.0152521
0.870183874549 0.705731 0.0128607
0.876464109608 0.700845 0.0142465
0.88275038734 0.697576 0.0131903
0.889033276839 0.692143 0.0135176
0.895308424711 0.686614 0.0144875
0.901595652167 0.683911 0.0149367
0.907883332809 0.679417 0.0144613
0.914174410632 0.674352 0.0139586
0.920463081772 0.672919 0.0141877
0.926743441526 0.669848 0.0146206
0.933032419735 0.662641 0.0153499
0.939326578557 0.659032 0.0128715
0.94559748104 0.65941 0.0150142
0.951866001855 0.653054 0.0141139
0.958141325553 0.64825 0.0139615
0.964435094511 0.649866 0.0152007
0.970735563357 0.646237 0.0153238
0.977008076845 0.644545 0.0140879
0.983282332536 0.639373 0.0162759
0.989556969197 0.639066 0.0144853
0.995845630192 0.638431 0.0153285
1.00213621074 0.638137 0.013495
1.00840482534 0.636874 0.0150073
1.01469414984 0.633328 0.0156311
1.02099255544 0.635501 0.0123149
1.02727398044 0.634294 0.0150824
1.0335591819 0.630951 0.0136294
1.03984755739 0.631639 0.0176366
1.04612697494 0.634196 0.0138328
1.05240343681 0.633514 0.0135016
1.05868070465 0.634686 0.0154026
1.06496433307 0.635906 0.0133902
1.07125677744 0.63431 0.0141695
1.0775440488 0.638827 0.0143254
1.08382482019 0.638627 0.0132494
1.09010802394 0.641385 0.0144911
1.09638966596 0.644302 0.0167479
1.10268113206 0.643417 0.0125554
1.10896304759 0.647041 0.0141867
1.11522542846 0.652312 0.0134611
1.12150212761 0.657701 0.0160198
1.12779257382 0.660523 0.0141669
1.13408955267 0.666235 0.0144168
1.14036404965 0.668895 0.0149703
1.14663918032 0.67634 0.0152107
1.15294241299 0.679656 0.0136112
1.15922890675 0.68484 0.0145576
1.16550872189 0.692669 0.013576
1.17179307626 0.700158 0.0143943
1.17808743637 0.705229 0.0146992
1.18436765425 0.711295 0.0145943
1.1906346423 0.720223 0.0142678
1.19691220883 0.727038 0.0130406
1.20320157735 0.732543 0.0127813
1.20948684444 0.743963 0.0140372
1.21576390207 0.752385 0.0133834
1.22204975517 0.75858 0.0137541
1.22834061662 0.768127 0.0119748
1.23463298658 0.777041 0.0126551
1.24090224718 0.788002 0.0126561
1.24717483914 0.796068 0.0127505
1.25346545993 0.810782 0.0106108
1.25974995189 0.817493 0.013129
1.26603214313 0.830159 0.0114942
1.27231628847 0.842249 0.012314
1.27860415506 0.851395 0.0123816
1.28488658893 0.864968 0.0102678
1.29117542007 0.876688 0.0111532
1.29746572637 0.890839 0.0124943
1.30374182701 0.900805 0.0114059
1.31001732292 0.915555 0.0115704
1.31630144766 0.927795 0.00937861
1.32258676036 0.942219 0.0119804
1.32886549245 0.957605 0.012827
1.33514480495 0.970671 0.0107257
1.34144051627 0.985279 0.010864
1.34773086842 1.00177 0.0115716
1.35400158999 1.01696 0.0100497
1.3602826093 1.0322 0.0112283
1.36656568646 1.0468 0.0101051
1.37285149848 1.06189 0.00933138
1.37913537293 1.08074 0.00993004
1.38540956715 1.09599 0.00976843
1.39169864122 1.11344 0.00939997
1.39798445144 1.13087 0.00919281
1.40426788341 1.14719 0.010129
1.41055477948 1.16482 0.00950618
1.41683783355 1.18265 0.00896356
1.42311817719 1.20131 0.00833581
1.42939780116 1.2182 0.00934459
1.43568692182 1.23872 0.00943241
1.44197712177 1.2559 0.00806647
1.44825366785 1.2757 0.00965186
1.45453234897 1.295 0.0101197
1.46081931915 1.31512 0.00907571
1.4671103644 1.33435 0.00865875
1.47339290895 1.3539 0.00866094
1.47966996524 1.375 0.00814771
1.4859561446 1.39306 0.0080972
1.49223361076 1.41467 0.00810363
1.49850247038 1.43508 0.00888053
1.50478575205 1.45439 0.00733432
1.51107599189 1.47618 0.00806473
1.51736163499 1.49808 0.00774476
1.52364857097 1.51816 0.00851325
1.52993803572 1.54091 0.00911735
1.53623017691 1.56275 0.0085153
1.54251071878 1.58399 0.00737002
1.54878396308 1.60648 0.0072338
1.55507306978 1.62815 0.00740052
1.56135732493 1.65077 0.00742285
1.56762912105 1.67255 0.0086355
1.5739136974 1.69535 0.0079178
1.58020354523 1.7167 0.00820058
1.58648539343 1.74028 0.00732517
1.59276001426 1.76232 0.0078926
1.59904643639 1.78539 0.00768765
1.60534213664 1.80967 0.00850903
1.61161976836 1.82399 0.00819569
1.61789716835 1.83415 0.00748065
1.62418270854 1.84352 0.00801626
1.63046407995 1.85599 0.00765196
1.63674824683 1.86601 0.00759465
1.64303013827 1.87686 0.00762052
1.64930808063 1.88848 0.00870377
1.65559224863 1.89731 0.00798619
1.66187827598 1.90831 0.0077089
1.66816823994 1.91942 0.00841307
1.6744495611 1.93099 0.00831069
1.68072138563 1.94284 0.00839273
1.68701215424 1.95404 0.00869465
1.6933074808 1.96525 0.00918932
1.69958064303 1.97632 0.00827944
1.70586179344 1.98845 0.00862528
1.71215172419 2.00318 0.00855509
1.71843538617 2.01471 0.00826188
1.72471844694 2.02533 0.00795771
1.73099491844 2.04031 0.00908568
1.73728636032 2.05234 0.00910248
1.74356630258 2.06409 0.00856859
1.74983600778 2.07724 0.00830206
1.75612327869 2.09138 0.00809639
1.76241061606 2.10486 0.00925213
1.76869357896 2.11776 0.00889863
1.77497674839 2.13255 0.00918089
1.78126362161 2.14441 0.00860947
1.78754574761 2.1595 0.00878249
1.7938272923 2.17397 0.00928504
1.80010772174 2.18865 0.0102503
1.80639091391 2.20177 0.00909
1.81267451427 2.21637 0.00831751
1.81895363524 2.23121 0.00937802
1.82523850291 2.2468 0.00891373
1.8315236862 2.26041 0.0100705
1.83781040898 2.27584 0.0088273
1.84409642612 2.29172 0.0106329
1.8503769215 2.30822 0.00923673
1.85666074594 2.32238 0.00979513
1.86294359809 2.33828 0.0101144
1.86922204917 2.35593 0.00979878
1.87550781357 2.37035 0.00995321
1.88179499507 2.38781 0.00963356
1.88807781314 2.40337 0.00956747
1.89435244502 2.41922 0.0092275
1.90063796885 2.43742 0.0102457
1.90692833723 2.45481 0.0105445
1.91320221586 2.47098 0.00994986
1.91948223445 2.48905 0.00966164
1.92577010575 2.50567 0.0109763
1.93206491035 2.52512 0.0103199
1.93834071151 2.53868 0.0104748
1.94460828613 2.55915 0.0108635
1.9508968614 2.5771 0.0100088
1.95718811973 2.59429 0.0102127
1.96347509207 2.61279 0.00973694
1.9697553281 2.63225 0.0110901
1.9760413775 2.64978 0.011563
1.98233260336 2.66751 0.010586
1.98861171931 2.68792 0.0114874
1.99488792869 2.70352 0.0115869
2.00117304134 2.72416 0.0110519
2.00745262249 2.74454 0.0109009
2.01372721862 2.76138 0.0109977
2.02001108039 2.78212 0.0120653
2.02630405283 2.79875 0.011106
2.03258735828 2.81913 0.0111275
2.03886100377 2.84074 0.0124626
2.04514489951 2.85732 0.0114943
2.05143683626 2.8784 0.0123377
2.05772382203 2.89792 0.0121446
2.0640044634 2.91718 0.0131984
2.07029278421 2.93663 0.0107465
2.07658471853 2.9567 0.0117569
2.08285424307 2.97576 0.0126796
2.08912259138 2.99384 0.011848
2.09541730178 3.01359 0.0129616
2.10170304464 3.03602 0.0128128
2.10797273337 3.05342 0.0130054
2.11425579676 3.07366 0.0130201
2.12053788985 3.09179 0.0130064
2.12682075079 3.11458 0.0133907
2.13310670204 3.132 0.0136136
2.13940011923 3.15116 0.0132087
2.14568939859 3.17138 0.0128467
2.15195789682 3.18968 0.0131809
2.15824033347 3.20858 0.0129939
2.16453048092 3.22484 0.0131611
2.17081716829 3.24507 0.0143421
2.17709912993 3.26544 0.0144856
2.18337674027 3.28138 0.0139597
2.18965452646 3.29922 0.0137805
2.19593814184 3.31375 0.0149409
2.20221722867 3.33734 0.0125776
2.20849850085 3.34873 0.0142676
2.21479372465 3.36971 0.0159546
2.22107581834 3.38501 0.0137975
2.22733812199 3.3997 0.0147116
2.23362792264 3.41684 0.0139225
2.2399287897 3.43167 0.0154549
2.24620084223 3.44735 0.0150382
2.2524810722 3.4577 0.0153811
2.25875993301 3.47278 0.0166868
2.26503776668 3.48419 0.0165395
2.27130391144 3.4962 0.017061
2.27758972822 3.50765 0.016714
2.28389830542 3.52042 0.0164156
2.29017001225 3.53438 0.0172747
2.29645357402 3.54959 0.0158574
2.30275372852 3.56405 0.0168134
2.30903325986 3.58052 0.0184518
2.31530674049 3.59596 0.0185599
2.32158490306 3.61112 0.0160005
2.3278758488 3.62431 0.0182744
2.33415543799 3.64193 0.01837
2.34041936871 3.6617 0.0197578
2.34670710068 3.67481 0.0182539
2.3530032916 3.69273 0.0180767
2.35928989445 3.71162 0.0202243
2.36555387699 3.73084 0.0189954
2.37182578571 3.74685 0.0213544
2.3781409032 3.76241 0.0183793
2.38442809259 3.78488 0.0221094
2.39069258243 3.80048 0.0205757
2.39698813839 3.81736 0.0225505
2.40330354843 3.83627 0.0228235
2.40957307365 3.85589 0.0199594
2.41583080138 3.8728 0.0226914
2.42214385676 3.89312 0.023919
2.42843005755 3.9114 0.0231953
2.43467776878 3.93152 0.0256663
2.44097021258 3.94869 0.0224514
2.44729898127 3.96772 0.0256309
2.45356911846 3.98802 0.0281674
2.45980003814 4.00408 0.0274037
2.4661092349 4.02516 0.0265724
2.47241430729 4.04505 0.0267525
2.47866355169 4.06358 0.027664
2.48493431628 4.08143 0.0285365
2.49124283111 4.09982 0.027025
2.49755537626 4.12603 0.0254123
2.50380379021 4.14242 0.0294034
2.51005045336 4.16328 0.0316365
2.51638815336 4.18283 0.0316795
2.52269694929 4.20141 0.0307839
2.52891211798 4.22036 0.0336228
2.53519495098 4.23439 0.034913
2.54155301509 4.25597 0.0316116
2.54783359884 4.27431 0.032024
2.55402772623 4.30062 0.0342121
2.56033571996 4.31519 0.0338908
2.56672381747 4.33659 0.0397732
2.57294751341 4.35146 0.0387788
2.57911252531 4.36945 0.0367178
2.58547549612 4.39319 0.0394605
2.59185019505 4.40635 0.0406493
2.59805932148 4.42498 0.0408623
2.60429715989 4.44582 0.0436787
2.61067449751 4.46429 0.0418255
2.61693283418 4.48841 0.0478917
2.62300854502 4.50874 0.0479892
2.62939753095 4.50968 0.0417101
2.63591057571 4.53411 0.0529062
2.64202978624 4.54552 0.0550983
2.64803951219 4.56285 0.0566448
2.65454096229 4.5769 0.0543003
2.66118028258 4.59646 0.0579341
2.66719514746 4.61351 0.0632918
2.67309090101 4.63084 0.069643
2.67973176445 4.64213 0.0719188
2.68646693102 4.67841 0.0741641
2.69219835647 4.67775 0.0915212
2.69796467721 4.6829 0.0920188
2.70489193937 4.70005 0.083309
2.71182026315 4.72352 0.0966245
2.71709790339 4.72373 0.122913
2.7227864466 4.75757 0.0984276
2.72994784687 4.77321 0.125248
2.73706528781 4.79319 0.14309
2.74248820391 4.77829 0.209469
2.74787331837 4.8218 0.174022
2.75504313834 4.82275 0.2261
2.76219934437 4.82909 0.307933
2.76789278819 4.79744 0.472923
2.77283198247 4.76617 0.550273
2.77965581172 4.77237 1.0407
2.78599582346 nan nan
